ActorCount Duration
75 19
125 1154
412 99
660 150
515 121
460 120
500 120
481 120
606 150
526 121
609 150
503 120
556 150
446 120
406 120
384 121
333 90
517 150
264 90
321 90
596 150
518 120
490 121
587 150
471 120
512 121
665 150
559 150
514 121
504 149
527 120
592 151
620 149
424 121
342 120
470 150
418 150
349 120
346 121
328 120
364 120
493 151
371 119
318 120
494 152
381 119
475 150
489 150
391 121
396 120
571 149
400 121
320 90
654 151
378 120
498 120
416 120
527 120
480 121
588 150
459 120
583 150
475 121
446 119
496 121
584 149
630 153
434 118
660 150
521 122
655 148
656 151
448 121
649 150
551 149
