Battery Duration
0.78 19
0.77 1154
0.9 99
0.89 150
0.88 121
0.87 120
0.86 120
0.85 120
0.84 150
0.83 121
0.82 150
0.81 120
0.8 150
0.79 120
0.78 120
0.77 121
0.76 90
0.75 150
0.74 90
0.73 90
0.72 150
0.71 120
0.7 121
0.69 150
0.68 120
0.67 121
0.66 150
0.65 150
0.64 121
0.63 149
0.62 120
0.61 151
0.6 149
0.59 121
0.58 120
0.57 150
0.56 150
0.55 120
0.54 121
0.53 120
0.52 120
0.51 151
0.5 119
0.49 120
0.48 152
0.47 119
0.46 150
0.45 150
0.44 121
0.43 120
0.42 149
0.41 121
0.4 90
0.39 151
0.38 120
0.37 120
0.36 120
0.35 120
0.34 121
0.33 150
0.32 120
0.31 150
0.3 121
0.29 119
0.28 121
0.27 149
0.26 153
0.25 118
0.24 150
0.23 122
0.22 148
0.21 151
0.2 121
0.19 150
0.18 149
