1,3796.0,0.54
2,3796.0,0.54
3,3796.0,0.54
4,3796.0,0.54
5,3796.0,0.54
6,3796.0,0.54
7,3796.0,0.54
8,3796.0,0.54
9,3796.0,0.54
10,3796.0,0.54
11,3796.0,0.54
12,3796.0,0.54
13,3796.0,0.54
14,3796.0,0.54
15,3796.0,0.54
16,3796.0,0.54
17,3796.0,0.54
18,3796.0,0.54
19,3796.0,0.54
20,3796.0,0.54
21,3796.0,0.54
22,3791.0,0.54
23,3791.0,0.54
24,3791.0,0.54
25,3791.0,0.54
26,3791.0,0.54
27,3791.0,0.54
28,3791.0,0.54
29,3791.0,0.54
30,3791.0,0.54
31,3791.0,0.54
32,3791.0,0.54
33,3791.0,0.54
34,3791.0,0.54
35,3791.0,0.54
36,3791.0,0.54
37,3791.0,0.54
38,3791.0,0.54
39,3791.0,0.54
40,3791.0,0.54
41,3791.0,0.54
42,3791.0,0.54
43,3791.0,0.54
44,3791.0,0.54
45,3791.0,0.54
46,3791.0,0.54
47,3791.0,0.54
48,3791.0,0.54
49,3791.0,0.54
50,3791.0,0.54
51,3791.0,0.54
52,3791.0,0.54
53,3791.0,0.54
54,3791.0,0.54
55,3791.0,0.54
56,3791.0,0.54
57,3791.0,0.54
58,3791.0,0.54
59,3791.0,0.54
60,3791.0,0.54
61,3791.0,0.54
62,3791.0,0.54
63,3791.0,0.54
64,3791.0,0.54
65,3791.0,0.54
66,3791.0,0.54
67,3791.0,0.54
68,3791.0,0.54
69,3791.0,0.54
70,3791.0,0.54
71,3791.0,0.54
72,3791.0,0.54
73,3791.0,0.54
74,3791.0,0.54
75,3791.0,0.54
76,3791.0,0.54
77,3791.0,0.54
78,3791.0,0.54
79,3791.0,0.54
80,3791.0,0.54
81,3821.0,0.54
82,3821.0,0.54
83,3821.0,0.54
84,3821.0,0.54
85,3821.0,0.54
86,3821.0,0.54
87,3821.0,0.54
88,3821.0,0.54
89,3821.0,0.54
90,3821.0,0.54
91,3821.0,0.54
92,3821.0,0.54
93,3821.0,0.54
94,3821.0,0.54
95,3821.0,0.54
96,3821.0,0.54
97,3821.0,0.54
98,3821.0,0.54
99,3821.0,0.54
100,3821.0,0.54
101,3821.0,0.54
102,3821.0,0.54
103,3821.0,0.54
104,3821.0,0.54
105,3821.0,0.54
106,3821.0,0.54
107,3821.0,0.54
108,3821.0,0.54
109,3821.0,0.54
110,3821.0,0.54
111,3821.0,0.54
112,3821.0,0.54
113,3821.0,0.54
114,3821.0,0.54
115,3821.0,0.54
116,3820.0,0.54
117,3820.0,0.54
118,3820.0,0.54
119,3820.0,0.54
120,3820.0,0.54
121,3820.0,0.54
122,3820.0,0.54
123,3820.0,0.54
124,3820.0,0.54
125,3820.0,0.54
126,3820.0,0.54
127,3820.0,0.54
128,3820.0,0.54
129,3820.0,0.54
130,3820.0,0.54
131,3820.0,0.54
132,3820.0,0.54
133,3820.0,0.54
134,3820.0,0.54
135,3820.0,0.54
136,3820.0,0.54
137,3820.0,0.54
138,3820.0,0.54
139,3820.0,0.54
140,3812.0,0.54
141,3812.0,0.54
142,3812.0,0.54
143,3812.0,0.54
144,3812.0,0.54
145,3812.0,0.54
146,3812.0,0.54
147,3812.0,0.54
148,3812.0,0.54
149,3812.0,0.54
150,3812.0,0.54
151,3812.0,0.54
152,3812.0,0.54
153,3812.0,0.54
154,3812.0,0.54
155,3812.0,0.54
156,3812.0,0.54
157,3812.0,0.54
158,3812.0,0.54
159,3812.0,0.54
160,3812.0,0.54
161,3812.0,0.54
162,3812.0,0.54
163,3812.0,0.54
164,3812.0,0.54
165,3812.0,0.54
166,3812.0,0.54
167,3812.0,0.54
168,3812.0,0.54
169,3812.0,0.54
170,3812.0,0.54
171,3812.0,0.54
172,3812.0,0.54
173,3812.0,0.54
174,3812.0,0.54
175,3812.0,0.54
176,3812.0,0.54
177,3812.0,0.54
178,3812.0,0.54
179,3812.0,0.54
180,3812.0,0.54
181,3812.0,0.54
182,3812.0,0.54
183,3812.0,0.54
184,3812.0,0.54
185,3812.0,0.54
186,3812.0,0.54
187,3812.0,0.54
188,3812.0,0.54
189,3812.0,0.54
190,3812.0,0.54
191,3812.0,0.54
192,3812.0,0.54
193,3812.0,0.54
194,3812.0,0.54
195,3812.0,0.54
196,3812.0,0.54
197,3812.0,0.54
198,3812.0,0.54
199,3811.0,0.54
200,3811.0,0.54
201,3811.0,0.54
202,3811.0,0.54
203,3811.0,0.54
204,3811.0,0.54
205,3811.0,0.54
206,3811.0,0.54
207,3811.0,0.54
208,3811.0,0.54
209,3811.0,0.54
210,3811.0,0.54
211,3811.0,0.54
212,3811.0,0.54
213,3811.0,0.54
214,3811.0,0.54
215,3811.0,0.54
216,3811.0,0.54
217,3811.0,0.54
218,3811.0,0.54
219,3811.0,0.54
220,3811.0,0.54
221,3811.0,0.54
222,3811.0,0.54
223,3811.0,0.54
224,3811.0,0.54
225,3811.0,0.54
226,3811.0,0.54
227,3811.0,0.54
228,3811.0,0.54
229,3811.0,0.54
230,3811.0,0.54
231,3811.0,0.54
232,3811.0,0.54
233,3811.0,0.54
234,3811.0,0.54
235,3811.0,0.54
236,3811.0,0.54
237,3811.0,0.54
238,3811.0,0.54
239,3811.0,0.54
240,3811.0,0.54
241,3811.0,0.54
242,3811.0,0.54
243,3811.0,0.54
244,3811.0,0.54
245,3811.0,0.54
246,3811.0,0.54
247,3811.0,0.54
248,3811.0,0.54
249,3811.0,0.54
250,3811.0,0.54
251,3811.0,0.54
252,3811.0,0.54
253,3811.0,0.54
254,3811.0,0.54
255,3811.0,0.54
256,3811.0,0.54
257,3811.0,0.54
258,3811.0,0.54
259,3817.0,0.54
260,3817.0,0.54
261,3817.0,0.54
262,3817.0,0.54
263,3817.0,0.54
264,3817.0,0.54
265,3817.0,0.54
266,3817.0,0.54
267,3817.0,0.54
268,3817.0,0.54
269,3817.0,0.54
270,3817.0,0.54
271,3817.0,0.54
272,3817.0,0.54
273,3817.0,0.54
274,3817.0,0.54
275,3817.0,0.54
276,3817.0,0.54
277,3817.0,0.54
278,3817.0,0.54
279,3817.0,0.54
280,3817.0,0.54
281,3817.0,0.54
282,3817.0,0.54
283,3817.0,0.54
284,3817.0,0.54
285,3817.0,0.54
286,3817.0,0.54
287,3817.0,0.54
288,3817.0,0.54
289,3817.0,0.54
290,3817.0,0.54
291,3817.0,0.54
292,3817.0,0.54
293,3817.0,0.54
294,3817.0,0.54
295,3817.0,0.54
296,3817.0,0.54
297,3817.0,0.54
298,3817.0,0.54
299,3817.0,0.54
300,3817.0,0.54
301,3817.0,0.54
302,3817.0,0.54
303,3817.0,0.54
304,3817.0,0.54
305,3817.0,0.54
306,3817.0,0.54
307,3817.0,0.54
308,3817.0,0.54
309,3817.0,0.54
310,3817.0,0.54
311,3817.0,0.54
312,3817.0,0.54
313,3817.0,0.54
314,3817.0,0.54
315,3817.0,0.54
316,3817.0,0.54
317,3817.0,0.54
318,3804.0,0.54
319,3804.0,0.54
320,3804.0,0.54
321,3804.0,0.54
322,3804.0,0.54
323,3804.0,0.54
324,3804.0,0.54
325,3804.0,0.54
326,3804.0,0.54
327,3804.0,0.54
328,3804.0,0.54
329,3804.0,0.54
330,3804.0,0.54
331,3804.0,0.54
332,3804.0,0.54
333,3804.0,0.54
334,3804.0,0.54
335,3804.0,0.54
336,3804.0,0.54
337,3804.0,0.54
338,3804.0,0.54
339,3804.0,0.54
340,3804.0,0.54
341,3804.0,0.54
342,3804.0,0.54
343,3804.0,0.54
344,3804.0,0.54
345,3804.0,0.54
346,3804.0,0.54
347,3804.0,0.54
348,3804.0,0.54
349,3804.0,0.54
350,3804.0,0.54
351,3804.0,0.54
352,3804.0,0.54
353,3804.0,0.54
354,3804.0,0.54
355,3804.0,0.54
356,3804.0,0.54
357,3804.0,0.54
358,3804.0,0.54
359,3804.0,0.54
360,3804.0,0.54
361,3804.0,0.54
362,3804.0,0.54
363,3804.0,0.54
364,3804.0,0.54
365,3804.0,0.54
366,3804.0,0.54
367,3804.0,0.54
368,3804.0,0.54
369,3804.0,0.54
370,3804.0,0.54
371,3804.0,0.54
372,3804.0,0.54
373,3804.0,0.54
374,3804.0,0.54
375,3804.0,0.54
376,3804.0,0.54
377,3796.0,0.53
378,3796.0,0.53
379,3796.0,0.53
380,3796.0,0.53
381,3796.0,0.53
382,3796.0,0.53
383,3796.0,0.53
384,3796.0,0.53
385,3796.0,0.53
386,3796.0,0.53
387,3796.0,0.53
388,3796.0,0.53
389,3796.0,0.53
390,3796.0,0.53
391,3796.0,0.53
392,3796.0,0.53
393,3796.0,0.53
394,3796.0,0.53
395,3796.0,0.53
396,3796.0,0.53
397,3796.0,0.53
398,3796.0,0.53
399,3796.0,0.53
400,3796.0,0.53
401,3796.0,0.53
402,3796.0,0.53
403,3796.0,0.53
404,3796.0,0.53
405,3796.0,0.53
406,3796.0,0.53
407,3796.0,0.53
408,3796.0,0.53
409,3796.0,0.53
410,3796.0,0.53
411,3796.0,0.53
412,3796.0,0.53
413,3796.0,0.53
414,3796.0,0.53
415,3796.0,0.53
416,3796.0,0.53
417,3796.0,0.53
418,3796.0,0.53
419,3796.0,0.53
420,3796.0,0.53
421,3796.0,0.53
422,3796.0,0.53
423,3796.0,0.53
424,3796.0,0.53
425,3796.0,0.53
426,3796.0,0.53
427,3796.0,0.53
428,3796.0,0.53
429,3796.0,0.53
430,3796.0,0.53
431,3796.0,0.53
432,3796.0,0.53
433,3796.0,0.53
434,3796.0,0.53
435,3796.0,0.53
436,3815.0,0.53
437,3815.0,0.53
438,3815.0,0.53
439,3815.0,0.53
440,3815.0,0.53
441,3815.0,0.53
442,3815.0,0.53
443,3815.0,0.53
444,3815.0,0.53
445,3815.0,0.53
446,3815.0,0.53
447,3815.0,0.53
448,3815.0,0.53
449,3815.0,0.53
450,3815.0,0.53
451,3815.0,0.53
452,3815.0,0.53
453,3815.0,0.53
454,3815.0,0.53
455,3815.0,0.53
456,3815.0,0.53
457,3815.0,0.53
458,3815.0,0.53
459,3815.0,0.53
460,3815.0,0.53
461,3815.0,0.53
462,3815.0,0.53
463,3815.0,0.53
464,3815.0,0.53
465,3815.0,0.53
466,3815.0,0.53
467,3815.0,0.53
468,3815.0,0.53
469,3815.0,0.53
470,3815.0,0.53
471,3815.0,0.53
472,3815.0,0.53
473,3815.0,0.53
474,3815.0,0.53
475,3815.0,0.53
476,3815.0,0.53
477,3815.0,0.53
478,3815.0,0.53
479,3815.0,0.53
480,3815.0,0.53
481,3815.0,0.53
482,3815.0,0.53
483,3815.0,0.53
484,3815.0,0.53
485,3815.0,0.53
486,3815.0,0.53
487,3815.0,0.53
488,3815.0,0.53
489,3815.0,0.53
490,3815.0,0.53
491,3815.0,0.53
492,3815.0,0.53
493,3815.0,0.53
494,3815.0,0.53
495,3814.0,0.53
496,3814.0,0.53
497,3814.0,0.53
498,3814.0,0.53
499,3814.0,0.53
500,3814.0,0.53
501,3814.0,0.53
502,3814.0,0.53
503,3814.0,0.53
504,3814.0,0.53
505,3814.0,0.53
506,3814.0,0.53
507,3814.0,0.53
508,3814.0,0.53
509,3814.0,0.53
510,3814.0,0.53
511,3814.0,0.53
512,3814.0,0.53
513,3814.0,0.53
514,3814.0,0.53
515,3814.0,0.53
516,3814.0,0.53
517,3814.0,0.53
518,3814.0,0.53
519,3814.0,0.53
520,3814.0,0.53
521,3814.0,0.53
522,3814.0,0.53
523,3814.0,0.53
524,3814.0,0.53
525,3814.0,0.53
526,3814.0,0.53
527,3814.0,0.53
528,3814.0,0.53
529,3814.0,0.53
530,3814.0,0.53
531,3814.0,0.53
532,3814.0,0.53
533,3814.0,0.53
534,3814.0,0.53
535,3814.0,0.53
536,3814.0,0.53
537,3814.0,0.53
538,3814.0,0.53
539,3814.0,0.53
540,3814.0,0.53
541,3814.0,0.53
542,3814.0,0.53
543,3814.0,0.53
544,3814.0,0.53
545,3814.0,0.53
546,3814.0,0.53
547,3814.0,0.53
548,3814.0,0.53
549,3814.0,0.53
550,3814.0,0.53
551,3814.0,0.53
552,3814.0,0.53
553,3814.0,0.53
554,3814.0,0.53
555,3861.0,0.53
556,3861.0,0.53
557,3861.0,0.53
558,3861.0,0.53
559,3861.0,0.53
560,3861.0,0.53
561,3861.0,0.53
562,3861.0,0.53
563,3861.0,0.53
564,3861.0,0.53
565,3861.0,0.53
566,3861.0,0.53
567,3861.0,0.53
568,3861.0,0.53
569,3861.0,0.53
570,3861.0,0.53
571,3861.0,0.53
572,3861.0,0.53
573,3861.0,0.53
574,3861.0,0.53
575,3861.0,0.53
576,3861.0,0.53
577,3861.0,0.53
578,3861.0,0.53
579,3861.0,0.53
580,3861.0,0.53
581,3861.0,0.53
582,3861.0,0.53
583,3861.0,0.53
584,3861.0,0.53
585,3861.0,0.53
586,3861.0,0.53
587,3861.0,0.53
588,3861.0,0.53
589,3861.0,0.53
590,3861.0,0.53
591,3861.0,0.53
592,3861.0,0.53
593,3861.0,0.53
594,3861.0,0.53
595,3861.0,0.53
596,3861.0,0.53
597,3861.0,0.53
598,3861.0,0.53
599,3861.0,0.53
600,3861.0,0.53
601,3861.0,0.53
602,3861.0,0.53
603,3861.0,0.53
604,3861.0,0.53
605,3861.0,0.53
606,3861.0,0.53
607,3861.0,0.53
608,3861.0,0.53
609,3861.0,0.53
610,3861.0,0.53
611,3861.0,0.53
612,3861.0,0.53
613,3861.0,0.53
614,3847.0,0.53
615,3847.0,0.53
616,3847.0,0.53
617,3847.0,0.53
618,3847.0,0.53
619,3847.0,0.53
620,3847.0,0.53
621,3847.0,0.53
622,3847.0,0.53
623,3847.0,0.53
624,3847.0,0.53
625,3847.0,0.53
626,3847.0,0.53
627,3847.0,0.53
628,3847.0,0.53
629,3847.0,0.53
630,3847.0,0.53
631,3847.0,0.53
632,3847.0,0.53
633,3847.0,0.53
634,3847.0,0.53
635,3847.0,0.53
636,3847.0,0.53
637,3847.0,0.53
638,3847.0,0.53
639,3847.0,0.53
640,3847.0,0.53
641,3847.0,0.53
642,3847.0,0.53
643,3847.0,0.53
644,3847.0,0.53
645,3847.0,0.53
646,3847.0,0.53
647,3847.0,0.53
648,3847.0,0.53
649,3847.0,0.53
650,3847.0,0.53
651,3847.0,0.53
652,3847.0,0.53
653,3847.0,0.53
654,3847.0,0.53
655,3847.0,0.53
656,3847.0,0.53
657,3847.0,0.53
658,3847.0,0.53
659,3847.0,0.53
660,3847.0,0.53
661,3847.0,0.53
662,3847.0,0.53
663,3847.0,0.53
664,3847.0,0.53
665,3847.0,0.53
666,3847.0,0.53
667,3847.0,0.53
668,3847.0,0.53
669,3847.0,0.53
670,3847.0,0.53
671,3847.0,0.53
672,3847.0,0.53
673,3816.0,0.53
674,3816.0,0.53
675,3816.0,0.53
676,3816.0,0.53
677,3816.0,0.53
678,3816.0,0.53
679,3816.0,0.53
680,3816.0,0.53
681,3816.0,0.53
682,3816.0,0.53
683,3816.0,0.53
684,3816.0,0.53
685,3816.0,0.53
686,3816.0,0.53
687,3816.0,0.53
688,3816.0,0.53
689,3816.0,0.53
690,3816.0,0.53
691,3816.0,0.53
692,3816.0,0.53
693,3816.0,0.53
694,3816.0,0.53
695,3816.0,0.53
696,3816.0,0.53
697,3816.0,0.53
698,3816.0,0.53
699,3816.0,0.53
700,3816.0,0.53
701,3816.0,0.53
702,3816.0,0.53
703,3816.0,0.53
704,3816.0,0.53
705,3816.0,0.53
706,3816.0,0.53
707,3816.0,0.53
708,3816.0,0.53
709,3816.0,0.53
710,3816.0,0.53
711,3816.0,0.53
712,3816.0,0.53
713,3816.0,0.53
714,3816.0,0.53
715,3816.0,0.53
716,3816.0,0.53
717,3816.0,0.53
718,3816.0,0.53
719,3816.0,0.53
720,3816.0,0.53
721,3816.0,0.53
722,3816.0,0.53
723,3816.0,0.53
724,3816.0,0.53
725,3816.0,0.53
726,3816.0,0.53
727,3816.0,0.53
728,3816.0,0.53
729,3816.0,0.53
730,3816.0,0.53
731,3816.0,0.53
732,3808.0,0.52
733,3808.0,0.52
734,3808.0,0.52
735,3808.0,0.52
736,3808.0,0.52
737,3808.0,0.52
738,3808.0,0.52
739,3808.0,0.52
740,3808.0,0.52
741,3808.0,0.52
742,3808.0,0.52
743,3808.0,0.52
744,3808.0,0.52
745,3808.0,0.52
746,3808.0,0.52
747,3808.0,0.52
748,3808.0,0.52
749,3808.0,0.52
750,3808.0,0.52
751,3808.0,0.52
752,3808.0,0.52
753,3808.0,0.52
754,3808.0,0.52
755,3808.0,0.52
756,3808.0,0.52
757,3808.0,0.52
758,3808.0,0.52
759,3808.0,0.52
760,3808.0,0.52
761,3808.0,0.52
762,3808.0,0.52
763,3808.0,0.52
764,3808.0,0.52
765,3808.0,0.52
766,3808.0,0.52
767,3808.0,0.52
768,3808.0,0.52
769,3808.0,0.52
770,3808.0,0.52
771,3808.0,0.52
772,3808.0,0.52
773,3808.0,0.52
774,3808.0,0.52
775,3808.0,0.52
776,3808.0,0.52
777,3808.0,0.52
778,3808.0,0.52
779,3808.0,0.52
780,3808.0,0.52
781,3808.0,0.52
782,3808.0,0.52
783,3808.0,0.52
784,3808.0,0.52
785,3808.0,0.52
786,3808.0,0.52
787,3808.0,0.52
788,3808.0,0.52
789,3808.0,0.52
790,3808.0,0.52
791,3809.0,0.52
792,3809.0,0.52
793,3809.0,0.52
794,3809.0,0.52
795,3809.0,0.52
796,3809.0,0.52
797,3809.0,0.52
798,3809.0,0.52
799,3809.0,0.52
800,3809.0,0.52
801,3809.0,0.52
802,3809.0,0.52
803,3809.0,0.52
804,3809.0,0.52
805,3809.0,0.52
806,3809.0,0.52
807,3809.0,0.52
808,3809.0,0.52
809,3809.0,0.52
810,3809.0,0.52
811,3809.0,0.52
812,3809.0,0.52
813,3809.0,0.52
814,3809.0,0.52
815,3809.0,0.52
816,3809.0,0.52
817,3809.0,0.52
818,3809.0,0.52
819,3809.0,0.52
820,3809.0,0.52
821,3809.0,0.52
822,3809.0,0.52
823,3809.0,0.52
824,3809.0,0.52
825,3809.0,0.52
826,3809.0,0.52
827,3809.0,0.52
828,3809.0,0.52
829,3809.0,0.52
830,3809.0,0.52
831,3809.0,0.52
832,3809.0,0.52
833,3809.0,0.52
834,3809.0,0.52
835,3809.0,0.52
836,3809.0,0.52
837,3809.0,0.52
838,3809.0,0.52
839,3809.0,0.52
840,3809.0,0.52
841,3809.0,0.52
842,3809.0,0.52
843,3809.0,0.52
844,3809.0,0.52
845,3809.0,0.52
846,3809.0,0.52
847,3809.0,0.52
848,3809.0,0.52
849,3809.0,0.52
850,3809.0,0.52
851,3806.0,0.52
852,3806.0,0.52
853,3806.0,0.52
854,3806.0,0.52
855,3806.0,0.52
856,3806.0,0.52
857,3806.0,0.52
858,3806.0,0.52
859,3806.0,0.52
860,3806.0,0.52
861,3806.0,0.52
862,3806.0,0.52
863,3806.0,0.52
864,3806.0,0.52
865,3806.0,0.52
866,3806.0,0.52
867,3806.0,0.52
868,3806.0,0.52
869,3806.0,0.52
870,3806.0,0.52
871,3806.0,0.52
872,3806.0,0.52
873,3806.0,0.52
874,3806.0,0.52
875,3806.0,0.52
876,3806.0,0.52
877,3806.0,0.52
878,3806.0,0.52
879,3806.0,0.52
880,3806.0,0.52
881,3806.0,0.52
882,3806.0,0.52
883,3806.0,0.52
884,3806.0,0.52
885,3806.0,0.52
886,3806.0,0.52
887,3806.0,0.52
888,3806.0,0.52
889,3806.0,0.52
890,3806.0,0.52
891,3806.0,0.52
892,3806.0,0.52
893,3806.0,0.52
894,3806.0,0.52
895,3806.0,0.52
896,3806.0,0.52
897,3806.0,0.52
898,3806.0,0.52
899,3806.0,0.52
900,3806.0,0.52
901,3806.0,0.52
902,3806.0,0.52
903,3806.0,0.52
904,3806.0,0.52
905,3806.0,0.52
906,3806.0,0.52
907,3806.0,0.52
908,3829.0,0.52
909,3829.0,0.52
910,3829.0,0.52
911,3829.0,0.52
912,3829.0,0.52
913,3829.0,0.52
914,3829.0,0.52
915,3829.0,0.52
916,3829.0,0.52
917,3829.0,0.52
918,3829.0,0.52
919,3829.0,0.52
920,3829.0,0.52
921,3829.0,0.52
922,3829.0,0.52
923,3829.0,0.52
924,3829.0,0.52
925,3829.0,0.52
926,3829.0,0.52
927,3829.0,0.52
928,3829.0,0.52
929,3829.0,0.52
930,3829.0,0.52
931,3829.0,0.52
932,3829.0,0.52
933,3829.0,0.52
934,3829.0,0.52
935,3829.0,0.52
936,3829.0,0.52
937,3829.0,0.52
938,3829.0,0.52
939,3829.0,0.52
940,3829.0,0.52
941,3829.0,0.52
942,3829.0,0.52
943,3829.0,0.52
944,3829.0,0.52
945,3829.0,0.52
946,3829.0,0.52
947,3829.0,0.52
948,3829.0,0.52
949,3829.0,0.52
950,3829.0,0.52
951,3829.0,0.52
952,3829.0,0.52
953,3829.0,0.52
954,3829.0,0.52
955,3829.0,0.52
956,3829.0,0.52
957,3829.0,0.52
958,3829.0,0.52
959,3829.0,0.52
960,3829.0,0.52
961,3829.0,0.52
962,3829.0,0.52
963,3829.0,0.52
964,3829.0,0.52
965,3829.0,0.52
966,3829.0,0.52
967,3829.0,0.52
968,3859.0,0.52
969,3859.0,0.52
970,3859.0,0.52
971,3859.0,0.52
972,3859.0,0.52
973,3859.0,0.52
974,3859.0,0.52
975,3859.0,0.52
976,3859.0,0.52
977,3859.0,0.52
978,3859.0,0.52
979,3859.0,0.52
980,3859.0,0.52
981,3859.0,0.52
982,3859.0,0.52
983,3859.0,0.52
984,3859.0,0.52
985,3859.0,0.52
986,3859.0,0.52
987,3859.0,0.52
988,3859.0,0.52
989,3859.0,0.52
990,3859.0,0.52
991,3859.0,0.52
992,3859.0,0.52
993,3859.0,0.52
994,3859.0,0.52
995,3859.0,0.52
996,3859.0,0.52
997,3859.0,0.52
998,3859.0,0.52
999,3859.0,0.52
1000,3859.0,0.52
1001,3859.0,0.52
1002,3859.0,0.52
1003,3859.0,0.52
1004,3859.0,0.52
1005,3859.0,0.52
1006,3859.0,0.52
1007,3859.0,0.52
1008,3859.0,0.52
1009,3859.0,0.52
1010,3859.0,0.52
1011,3859.0,0.52
1012,3859.0,0.52
1013,3859.0,0.52
1014,3859.0,0.52
1015,3859.0,0.52
1016,3859.0,0.52
1017,3859.0,0.52
1018,3859.0,0.52
1019,3859.0,0.52
1020,3859.0,0.52
1021,3859.0,0.52
1022,3859.0,0.52
1023,3859.0,0.52
1024,3859.0,0.52
1025,3859.0,0.52
1026,3859.0,0.52
1027,3859.0,0.52
1028,3810.0,0.52
1029,3810.0,0.52
1030,3810.0,0.52
1031,3810.0,0.52
1032,3810.0,0.52
1033,3810.0,0.52
1034,3810.0,0.52
1035,3810.0,0.52
1036,3810.0,0.52
1037,3810.0,0.52
1038,3810.0,0.52
1039,3810.0,0.52
1040,3810.0,0.52
1041,3810.0,0.52
1042,3810.0,0.52
1043,3810.0,0.52
1044,3810.0,0.52
1045,3810.0,0.52
1046,3810.0,0.52
1047,3810.0,0.52
1048,3810.0,0.52
1049,3810.0,0.52
1050,3810.0,0.52
1051,3810.0,0.52
1052,3810.0,0.52
1053,3810.0,0.52
1054,3810.0,0.52
1055,3810.0,0.52
1056,3810.0,0.52
1057,3810.0,0.52
1058,3810.0,0.52
1059,3810.0,0.52
1060,3810.0,0.52
1061,3810.0,0.52
1062,3810.0,0.52
1063,3810.0,0.52
1064,3810.0,0.52
1065,3810.0,0.52
1066,3810.0,0.52
1067,3810.0,0.52
1068,3810.0,0.52
1069,3810.0,0.52
1070,3810.0,0.52
1071,3810.0,0.52
1072,3810.0,0.52
1073,3810.0,0.52
1074,3810.0,0.52
1075,3810.0,0.52
1076,3810.0,0.52
1077,3810.0,0.52
1078,3810.0,0.52
1079,3810.0,0.52
1080,3810.0,0.52
1081,3810.0,0.52
1082,3810.0,0.52
1083,3810.0,0.52
1084,3810.0,0.52
1085,3802.0,0.51
1086,3802.0,0.51
1087,3808.0,0.51
1088,3808.0,0.51
1089,3808.0,0.51
1090,3808.0,0.51
1091,3808.0,0.51
1092,3808.0,0.51
1093,3808.0,0.51
1094,3808.0,0.51
1095,3808.0,0.51
1096,3808.0,0.51
1097,3808.0,0.51
1098,3808.0,0.51
1099,3808.0,0.51
1100,3808.0,0.51
1101,3808.0,0.51
1102,3808.0,0.51
1103,3808.0,0.51
1104,3808.0,0.51
1105,3808.0,0.51
1106,3808.0,0.51
1107,3808.0,0.51
1108,3808.0,0.51
1109,3808.0,0.51
1110,3808.0,0.51
1111,3808.0,0.51
1112,3808.0,0.51
1113,3808.0,0.51
1114,3808.0,0.51
1115,3808.0,0.51
1116,3808.0,0.51
1117,3808.0,0.51
1118,3808.0,0.51
1119,3808.0,0.51
1120,3808.0,0.51
1121,3808.0,0.51
1122,3808.0,0.51
1123,3808.0,0.51
1124,3808.0,0.51
1125,3808.0,0.51
1126,3808.0,0.51
1127,3808.0,0.51
1128,3808.0,0.51
1129,3808.0,0.51
1130,3808.0,0.51
1131,3808.0,0.51
1132,3808.0,0.51
1133,3808.0,0.51
1134,3808.0,0.51
1135,3808.0,0.51
1136,3808.0,0.51
1137,3808.0,0.51
1138,3808.0,0.51
1139,3808.0,0.51
1140,3808.0,0.51
1141,3808.0,0.51
1142,3808.0,0.51
1143,3808.0,0.51
1144,3808.0,0.51
1145,3808.0,0.51
1146,3808.0,0.51
1147,3801.0,0.51
1148,3801.0,0.51
1149,3801.0,0.51
1150,3801.0,0.51
1151,3801.0,0.51
1152,3801.0,0.51
1153,3801.0,0.51
1154,3801.0,0.51
1155,3801.0,0.51
1156,3801.0,0.51
1157,3801.0,0.51
1158,3801.0,0.51
1159,3801.0,0.51
1160,3801.0,0.51
1161,3801.0,0.51
1162,3801.0,0.51
1163,3801.0,0.51
1164,3801.0,0.51
1165,3801.0,0.51
1166,3801.0,0.51
1167,3801.0,0.51
1168,3801.0,0.51
1169,3801.0,0.51
1170,3801.0,0.51
1171,3801.0,0.51
1172,3801.0,0.51
1173,3801.0,0.51
1174,3801.0,0.51
1175,3801.0,0.51
1176,3801.0,0.51
1177,3801.0,0.51
1178,3801.0,0.51
1179,3801.0,0.51
1180,3801.0,0.51
1181,3801.0,0.51
1182,3801.0,0.51
1183,3801.0,0.51
1184,3801.0,0.51
1185,3801.0,0.51
1186,3801.0,0.51
1187,3801.0,0.51
1188,3801.0,0.51
1189,3801.0,0.51
1190,3801.0,0.51
1191,3801.0,0.51
1192,3801.0,0.51
1193,3801.0,0.51
1194,3801.0,0.51
1195,3801.0,0.51
1196,3801.0,0.51
1197,3801.0,0.51
1198,3801.0,0.51
1199,3801.0,0.51
1200,3801.0,0.51
1201,3801.0,0.51
1202,3801.0,0.51
1203,3801.0,0.51
1204,3801.0,0.51
1205,3791.0,0.51
1206,3791.0,0.51
1207,3791.0,0.51
1208,3791.0,0.51
1209,3791.0,0.51
1210,3791.0,0.51
1211,3791.0,0.51
1212,3791.0,0.51
1213,3791.0,0.51
1214,3791.0,0.51
1215,3791.0,0.51
1216,3791.0,0.51
1217,3791.0,0.51
1218,3791.0,0.51
1219,3791.0,0.51
1220,3791.0,0.51
1221,3791.0,0.51
1222,3791.0,0.51
1223,3791.0,0.51
1224,3791.0,0.51
1225,3791.0,0.51
1226,3791.0,0.51
1227,3791.0,0.51
1228,3791.0,0.51
1229,3791.0,0.51
1230,3791.0,0.51
1231,3791.0,0.51
1232,3791.0,0.51
1233,3791.0,0.51
1234,3791.0,0.51
1235,3791.0,0.51
1236,3791.0,0.51
1237,3791.0,0.51
1238,3791.0,0.51
1239,3791.0,0.51
1240,3791.0,0.51
1241,3791.0,0.51
1242,3791.0,0.51
1243,3791.0,0.51
1244,3791.0,0.51
1245,3791.0,0.51
1246,3791.0,0.51
1247,3791.0,0.51
1248,3791.0,0.51
1249,3791.0,0.51
1250,3791.0,0.51
1251,3791.0,0.51
1252,3791.0,0.51
1253,3791.0,0.51
1254,3791.0,0.51
1255,3791.0,0.51
1256,3791.0,0.51
1257,3791.0,0.51
1258,3791.0,0.51
1259,3791.0,0.51
1260,3791.0,0.51
1261,3791.0,0.51
1262,3791.0,0.51
1263,3791.0,0.51
1264,3791.0,0.51
1265,3798.0,0.51
1266,3798.0,0.51
1267,3798.0,0.51
1268,3798.0,0.51
1269,3798.0,0.51
1270,3798.0,0.51
1271,3798.0,0.51
1272,3798.0,0.51
1273,3798.0,0.51
1274,3798.0,0.51
1275,3798.0,0.51
1276,3798.0,0.51
1277,3798.0,0.51
1278,3798.0,0.51
1279,3798.0,0.51
1280,3798.0,0.51
1281,3798.0,0.51
1282,3798.0,0.51
1283,3798.0,0.51
1284,3798.0,0.51
1285,3798.0,0.51
1286,3798.0,0.51
1287,3798.0,0.51
1288,3798.0,0.51
1289,3798.0,0.51
1290,3798.0,0.51
1291,3798.0,0.51
1292,3798.0,0.51
1293,3798.0,0.51
1294,3798.0,0.51
1295,3798.0,0.51
1296,3798.0,0.51
1297,3798.0,0.51
1298,3798.0,0.51
1299,3798.0,0.51
1300,3798.0,0.51
1301,3798.0,0.51
1302,3798.0,0.51
1303,3798.0,0.51
1304,3798.0,0.51
1305,3798.0,0.51
1306,3798.0,0.51
1307,3798.0,0.51
1308,3798.0,0.51
1309,3798.0,0.51
1310,3798.0,0.51
1311,3798.0,0.51
1312,3798.0,0.51
1313,3798.0,0.51
1314,3798.0,0.51
1315,3798.0,0.51
1316,3798.0,0.51
1317,3798.0,0.51
1318,3798.0,0.51
1319,3798.0,0.51
1320,3798.0,0.51
1321,3798.0,0.51
1322,3798.0,0.51
1323,3798.0,0.51
1324,3798.0,0.51
1325,3796.0,0.51
1326,3796.0,0.51
1327,3796.0,0.51
1328,3796.0,0.51
1329,3796.0,0.51
1330,3796.0,0.51
1331,3796.0,0.51
1332,3796.0,0.51
1333,3796.0,0.51
1334,3796.0,0.51
1335,3796.0,0.51
1336,3796.0,0.51
1337,3796.0,0.51
1338,3796.0,0.51
1339,3796.0,0.51
1340,3796.0,0.51
1341,3796.0,0.51
1342,3796.0,0.51
1343,3796.0,0.51
1344,3796.0,0.51
1345,3796.0,0.51
1346,3796.0,0.51
1347,3796.0,0.51
1348,3796.0,0.51
1349,3796.0,0.51
1350,3796.0,0.51
1351,3796.0,0.51
1352,3796.0,0.51
1353,3796.0,0.51
1354,3796.0,0.51
1355,3796.0,0.51
1356,3796.0,0.51
1357,3796.0,0.51
1358,3796.0,0.51
1359,3796.0,0.51
1360,3796.0,0.51
1361,3796.0,0.51
1362,3796.0,0.51
1363,3796.0,0.51
1364,3796.0,0.51
1365,3796.0,0.51
1366,3796.0,0.51
1367,3796.0,0.51
1368,3796.0,0.51
1369,3796.0,0.51
1370,3796.0,0.51
1371,3796.0,0.51
1372,3796.0,0.51
1373,3796.0,0.51
1374,3796.0,0.51
1375,3796.0,0.51
1376,3796.0,0.51
1377,3796.0,0.51
1378,3796.0,0.51
1379,3796.0,0.51
1380,3796.0,0.51
1381,3796.0,0.51
1382,3796.0,0.51
1383,3796.0,0.51
1384,3795.0,0.51
1385,3795.0,0.51
1386,3795.0,0.51
1387,3795.0,0.51
1388,3795.0,0.51
1389,3795.0,0.51
1390,3795.0,0.51
1391,3795.0,0.51
1392,3795.0,0.51
1393,3795.0,0.51
1394,3795.0,0.51
1395,3795.0,0.51
1396,3795.0,0.51
1397,3795.0,0.51
1398,3795.0,0.51
1399,3795.0,0.51
1400,3795.0,0.51
1401,3795.0,0.51
1402,3795.0,0.51
1403,3795.0,0.51
1404,3795.0,0.51
1405,3795.0,0.51
1406,3795.0,0.51
1407,3795.0,0.51
1408,3795.0,0.51
1409,3795.0,0.51
1410,3795.0,0.51
1411,3795.0,0.51
1412,3795.0,0.51
1413,3795.0,0.51
1414,3795.0,0.51
1415,3795.0,0.51
1416,3795.0,0.51
1417,3795.0,0.51
1418,3795.0,0.51
1419,3795.0,0.51
1420,3795.0,0.51
1421,3795.0,0.51
1422,3795.0,0.51
1423,3795.0,0.51
1424,3795.0,0.51
1425,3795.0,0.51
1426,3795.0,0.51
1427,3795.0,0.51
1428,3795.0,0.51
1429,3795.0,0.51
1430,3795.0,0.51
1431,3795.0,0.51
1432,3795.0,0.51
1433,3795.0,0.51
1434,3795.0,0.51
1435,3795.0,0.51
1436,3795.0,0.51
1437,3795.0,0.51
1438,3795.0,0.51
1439,3795.0,0.51
1440,3795.0,0.51
1441,3795.0,0.51
1442,3795.0,0.51
1443,3795.0,0.51
1444,3832.0,0.51
1445,3832.0,0.51
1446,3832.0,0.51
1447,3832.0,0.51
1448,3832.0,0.51
1449,3832.0,0.51
1450,3832.0,0.51
1451,3832.0,0.51
1452,3832.0,0.51
1453,3832.0,0.51
1454,3832.0,0.51
1455,3832.0,0.51
1456,3832.0,0.51
1457,3832.0,0.51
1458,3832.0,0.51
1459,3832.0,0.51
1460,3832.0,0.51
1461,3832.0,0.51
1462,3832.0,0.51
1463,3832.0,0.51
1464,3832.0,0.51
1465,3832.0,0.51
1466,3832.0,0.51
1467,3832.0,0.51
1468,3832.0,0.51
1469,3832.0,0.51
1470,3832.0,0.51
1471,3832.0,0.51
1472,3832.0,0.51
1473,3832.0,0.51
1474,3832.0,0.51
1475,3832.0,0.51
1476,3832.0,0.51
1477,3832.0,0.51
1478,3832.0,0.51
1479,3832.0,0.51
1480,3832.0,0.51
1481,3832.0,0.51
1482,3832.0,0.51
1483,3832.0,0.51
1484,3832.0,0.51
1485,3832.0,0.51
1486,3832.0,0.51
1487,3832.0,0.51
1488,3832.0,0.51
1489,3832.0,0.51
1490,3832.0,0.51
1491,3832.0,0.51
1492,3832.0,0.51
1493,3832.0,0.51
1494,3832.0,0.51
1495,3846.0,0.51
1496,3846.0,0.51
1497,3846.0,0.51
1498,3846.0,0.51
1499,3846.0,0.51
1500,3846.0,0.51
1501,3846.0,0.51
1502,3846.0,0.51
1503,3846.0,0.51
1504,3847.0,0.51
1505,3847.0,0.51
1506,3847.0,0.51
1507,3847.0,0.51
1508,3847.0,0.51
1509,3847.0,0.51
1510,3847.0,0.51
1511,3847.0,0.51
1512,3847.0,0.51
1513,3847.0,0.51
1514,3847.0,0.51
1515,3847.0,0.51
1516,3847.0,0.51
1517,3847.0,0.51
1518,3847.0,0.51
1519,3847.0,0.51
1520,3847.0,0.51
1521,3847.0,0.51
1522,3847.0,0.51
1523,3847.0,0.51
1524,3847.0,0.51
1525,3847.0,0.51
1526,3847.0,0.51
1527,3847.0,0.51
1528,3847.0,0.51
1529,3847.0,0.51
1530,3847.0,0.51
1531,3847.0,0.51
1532,3847.0,0.51
1533,3847.0,0.51
1534,3847.0,0.51
1535,3847.0,0.51
1536,3847.0,0.51
1537,3847.0,0.51
1538,3847.0,0.51
1539,3847.0,0.51
1540,3847.0,0.51
1541,3847.0,0.51
1542,3847.0,0.51
1543,3847.0,0.51
1544,3847.0,0.51
1545,3847.0,0.51
1546,3847.0,0.51
1547,3847.0,0.51
1548,3847.0,0.51
1549,3847.0,0.51
1550,3847.0,0.51
1551,3847.0,0.51
1552,3847.0,0.51
1553,3847.0,0.51
1554,3847.0,0.51
1555,3847.0,0.51
1556,3847.0,0.51
1557,3847.0,0.51
1558,3847.0,0.51
1559,3847.0,0.51
1560,3847.0,0.51
1561,3847.0,0.51
1562,3847.0,0.51
1563,3828.0,0.51
1564,3828.0,0.51
1565,3828.0,0.51
1566,3828.0,0.51
1567,3828.0,0.51
1568,3828.0,0.51
1569,3828.0,0.51
1570,3828.0,0.51
1571,3828.0,0.51
1572,3828.0,0.51
1573,3828.0,0.51
1574,3828.0,0.51
1575,3828.0,0.51
1576,3828.0,0.51
1577,3828.0,0.51
1578,3828.0,0.51
1579,3828.0,0.51
1580,3828.0,0.51
1581,3828.0,0.51
1582,3828.0,0.51
1583,3828.0,0.51
1584,3828.0,0.51
1585,3828.0,0.51
1586,3828.0,0.51
1587,3828.0,0.51
1588,3828.0,0.51
1589,3828.0,0.51
1590,3828.0,0.51
1591,3828.0,0.51
1592,3828.0,0.51
1593,3828.0,0.51
1594,3828.0,0.51
1595,3828.0,0.51
1596,3828.0,0.51
1597,3828.0,0.51
1598,3828.0,0.51
1599,3828.0,0.51
1600,3828.0,0.51
1601,3828.0,0.51
1602,3828.0,0.51
1603,3828.0,0.51
1604,3828.0,0.51
1605,3828.0,0.51
1606,3828.0,0.51
1607,3828.0,0.51
1608,3828.0,0.51
1609,3828.0,0.51
1610,3828.0,0.51
1611,3828.0,0.51
1612,3828.0,0.51
1613,3828.0,0.51
1614,3828.0,0.51
1615,3828.0,0.51
1616,3828.0,0.51
1617,3828.0,0.51
1618,3828.0,0.51
1619,3828.0,0.51
1620,3828.0,0.51
1621,3828.0,0.51
1622,3853.0,0.51
1623,3853.0,0.51
1624,3853.0,0.51
1625,3853.0,0.51
1626,3853.0,0.51
1627,3853.0,0.51
1628,3853.0,0.51
1629,3853.0,0.51
1630,3853.0,0.51
1631,3853.0,0.51
1632,3853.0,0.51
1633,3853.0,0.51
1634,3853.0,0.51
1635,3853.0,0.51
1636,3853.0,0.51
1637,3853.0,0.51
1638,3853.0,0.51
1639,3853.0,0.51
1640,3853.0,0.51
1641,3853.0,0.51
1642,3853.0,0.51
1643,3853.0,0.51
1644,3853.0,0.51
1645,3853.0,0.51
1646,3853.0,0.51
1647,3853.0,0.51
1648,3853.0,0.51
1649,3853.0,0.51
1650,3853.0,0.51
1651,3853.0,0.51
1652,3853.0,0.51
1653,3853.0,0.51
1654,3853.0,0.51
1655,3853.0,0.51
1656,3853.0,0.51
1657,3853.0,0.51
1658,3853.0,0.51
1659,3853.0,0.51
1660,3853.0,0.51
1661,3853.0,0.51
1662,3853.0,0.51
1663,3853.0,0.51
1664,3853.0,0.51
1665,3853.0,0.51
1666,3853.0,0.51
1667,3853.0,0.51
1668,3853.0,0.51
1669,3853.0,0.51
1670,3853.0,0.51
1671,3853.0,0.51
1672,3853.0,0.51
1673,3853.0,0.51
1674,3853.0,0.51
1675,3853.0,0.51
1676,3853.0,0.51
1677,3853.0,0.51
1678,3853.0,0.51
1679,3853.0,0.51
1680,3853.0,0.51
1681,3833.0,0.5
1682,3833.0,0.5
1683,3833.0,0.5
1684,3833.0,0.5
1685,3833.0,0.5
1686,3833.0,0.5
1687,3833.0,0.5
1688,3833.0,0.5
1689,3833.0,0.5
1690,3833.0,0.5
1691,3833.0,0.5
1692,3833.0,0.5
1693,3833.0,0.5
1694,3833.0,0.5
1695,3833.0,0.5
1696,3833.0,0.5
1697,3833.0,0.5
1698,3833.0,0.5
1699,3833.0,0.5
1700,3833.0,0.5
1701,3833.0,0.5
1702,3833.0,0.5
1703,3833.0,0.5
1704,3833.0,0.5
1705,3833.0,0.5
1706,3833.0,0.5
1707,3833.0,0.5
1708,3833.0,0.5
1709,3833.0,0.5
1710,3833.0,0.5
1711,3833.0,0.5
1712,3833.0,0.5
1713,3833.0,0.5
1714,3833.0,0.5
1715,3833.0,0.5
1716,3833.0,0.5
1717,3833.0,0.5
1718,3833.0,0.5
1719,3833.0,0.5
1720,3833.0,0.5
1721,3833.0,0.5
1722,3833.0,0.5
1723,3833.0,0.5
1724,3833.0,0.5
1725,3833.0,0.5
1726,3833.0,0.5
1727,3833.0,0.5
1728,3833.0,0.5
1729,3833.0,0.5
1730,3833.0,0.5
1731,3833.0,0.5
1732,3833.0,0.5
1733,3833.0,0.5
1734,3833.0,0.5
1735,3847.0,0.5
1736,3839.0,0.5
1737,3839.0,0.5
1738,3839.0,0.5
1739,3839.0,0.5
1740,3823.0,0.5
1741,3823.0,0.5
1742,3823.0,0.5
1743,3823.0,0.5
1744,3823.0,0.5
1745,3823.0,0.5
1746,3823.0,0.5
1747,3823.0,0.5
1748,3823.0,0.5
1749,3823.0,0.5
1750,3823.0,0.5
1751,3823.0,0.5
1752,3823.0,0.5
1753,3823.0,0.5
1754,3823.0,0.5
1755,3823.0,0.5
1756,3823.0,0.5
1757,3823.0,0.5
1758,3823.0,0.5
1759,3823.0,0.5
1760,3823.0,0.5
1761,3823.0,0.5
1762,3823.0,0.5
1763,3823.0,0.5
1764,3823.0,0.5
1765,3823.0,0.5
1766,3823.0,0.5
1767,3823.0,0.5
1768,3823.0,0.5
1769,3823.0,0.5
1770,3823.0,0.5
1771,3823.0,0.5
1772,3823.0,0.5
1773,3823.0,0.5
1774,3823.0,0.5
1775,3823.0,0.5
1776,3823.0,0.5
1777,3823.0,0.5
1778,3823.0,0.5
1779,3823.0,0.5
1780,3823.0,0.5
1781,3823.0,0.5
1782,3823.0,0.5
1783,3823.0,0.5
1784,3823.0,0.5
1785,3823.0,0.5
1786,3823.0,0.5
1787,3823.0,0.5
1788,3823.0,0.5
1789,3823.0,0.5
1790,3823.0,0.5
1791,3823.0,0.5
1792,3823.0,0.5
1793,3823.0,0.5
1794,3823.0,0.5
1795,3823.0,0.5
1796,3823.0,0.5
1797,3823.0,0.5
1798,3823.0,0.5
1799,3823.0,0.5
1800,3823.0,0.5
1801,3847.0,0.5
1802,3847.0,0.5
1803,3847.0,0.5
1804,3847.0,0.5
1805,3847.0,0.5
1806,3847.0,0.5
1807,3847.0,0.5
1808,3847.0,0.5
1809,3847.0,0.5
1810,3847.0,0.5
1811,3847.0,0.5
1812,3847.0,0.5
1813,3847.0,0.5
1814,3847.0,0.5
1815,3847.0,0.5
1816,3847.0,0.5
1817,3847.0,0.5
1818,3847.0,0.5
1819,3847.0,0.5
1820,3847.0,0.5
1821,3847.0,0.5
1822,3847.0,0.5
1823,3847.0,0.5
1824,3847.0,0.5
1825,3847.0,0.5
1826,3847.0,0.5
1827,3847.0,0.5
1828,3847.0,0.5
1829,3847.0,0.5
1830,3847.0,0.5
1831,3847.0,0.5
1832,3847.0,0.5
1833,3847.0,0.5
1834,3847.0,0.5
1835,3847.0,0.5
1836,3847.0,0.5
1837,3847.0,0.5
1838,3847.0,0.5
1839,3847.0,0.5
1840,3847.0,0.5
1841,3847.0,0.5
1842,3847.0,0.5
1843,3847.0,0.5
1844,3847.0,0.5
1845,3847.0,0.5
1846,3847.0,0.5
1847,3847.0,0.5
1848,3847.0,0.5
1849,3847.0,0.5
1850,3847.0,0.5
1851,3847.0,0.5
1852,3847.0,0.5
1853,3847.0,0.5
1854,3847.0,0.5
1855,3847.0,0.5
1856,3847.0,0.5
1857,3847.0,0.5
1858,3847.0,0.5
1859,3850.0,0.5
1860,3850.0,0.5
1861,3850.0,0.5
1862,3850.0,0.5
1863,3850.0,0.5
1864,3850.0,0.5
1865,3850.0,0.5
1866,3850.0,0.5
1867,3850.0,0.5
1868,3850.0,0.5
1869,3850.0,0.5
1870,3850.0,0.5
1871,3850.0,0.5
1872,3850.0,0.5
1873,3850.0,0.5
1874,3850.0,0.5
1875,3850.0,0.5
1876,3850.0,0.5
1877,3850.0,0.5
1878,3850.0,0.5
1879,3850.0,0.5
1880,3850.0,0.5
1881,3850.0,0.5
1882,3850.0,0.5
1883,3850.0,0.5
1884,3850.0,0.5
1885,3850.0,0.5
1886,3850.0,0.5
1887,3850.0,0.5
1888,3850.0,0.5
1889,3850.0,0.5
1890,3850.0,0.5
1891,3850.0,0.5
1892,3850.0,0.5
1893,3850.0,0.5
1894,3850.0,0.5
1895,3850.0,0.5
1896,3850.0,0.5
1897,3850.0,0.5
1898,3850.0,0.5
1899,3850.0,0.5
1900,3850.0,0.5
1901,3850.0,0.5
1902,3850.0,0.5
1903,3850.0,0.5
1904,3850.0,0.5
1905,3850.0,0.5
1906,3850.0,0.5
1907,3850.0,0.5
1908,3850.0,0.5
1909,3850.0,0.5
1910,3850.0,0.5
1911,3850.0,0.5
1912,3850.0,0.5
1913,3850.0,0.5
1914,3850.0,0.5
1915,3850.0,0.5
1916,3850.0,0.5
1917,3737.0,0.5
1918,3737.0,0.5
1919,3737.0,0.5
1920,3737.0,0.5
1921,3737.0,0.5
1922,3737.0,0.5
1923,3737.0,0.5
1924,3737.0,0.5
1925,3737.0,0.5
1926,3737.0,0.5
1927,3737.0,0.5
1928,3737.0,0.5
1929,3737.0,0.5
1930,3737.0,0.5
1931,3737.0,0.5
1932,3737.0,0.5
1933,3737.0,0.5
1934,3737.0,0.5
1935,3737.0,0.5
1936,3737.0,0.5
1937,3737.0,0.5
1938,3737.0,0.5
1939,3737.0,0.5
1940,3737.0,0.5
1941,3737.0,0.5
1942,3737.0,0.5
1943,3737.0,0.5
1944,3737.0,0.5
1945,3737.0,0.5
1946,3737.0,0.5
1947,3737.0,0.5
1948,3737.0,0.5
1949,3737.0,0.5
1950,3737.0,0.5
1951,3737.0,0.5
1952,3737.0,0.5
1953,3737.0,0.5
1954,3737.0,0.5
1955,3737.0,0.5
1956,3737.0,0.5
1957,3737.0,0.5
1958,3737.0,0.5
1959,3737.0,0.5
1960,3737.0,0.5
1961,3737.0,0.5
1962,3769.0,0.49
1963,3769.0,0.49
1964,3769.0,0.49
1965,3769.0,0.49
1966,3769.0,0.49
1967,3769.0,0.49
1968,3769.0,0.49
1969,3769.0,0.49
1970,3769.0,0.49
1971,3769.0,0.49
1972,3769.0,0.49
1973,3769.0,0.49
1974,3769.0,0.49
1975,3769.0,0.49
1976,3780.0,0.49
1977,3780.0,0.49
1978,3780.0,0.49
1979,3780.0,0.49
1980,3780.0,0.49
1981,3780.0,0.49
1982,3780.0,0.49
1983,3780.0,0.49
1984,3780.0,0.49
1985,3780.0,0.49
1986,3780.0,0.49
1987,3780.0,0.49
1988,3780.0,0.49
1989,3780.0,0.49
1990,3780.0,0.49
1991,3780.0,0.49
1992,3780.0,0.49
1993,3780.0,0.49
1994,3780.0,0.49
1995,3780.0,0.49
1996,3780.0,0.49
1997,3780.0,0.49
1998,3780.0,0.49
1999,3780.0,0.49
2000,3780.0,0.49
2001,3780.0,0.49
2002,3780.0,0.49
2003,3780.0,0.49
2004,3780.0,0.49
2005,3780.0,0.49
2006,3780.0,0.49
2007,3780.0,0.49
2008,3780.0,0.49
2009,3780.0,0.49
2010,3780.0,0.49
2011,3780.0,0.49
2012,3780.0,0.49
2013,3780.0,0.49
2014,3780.0,0.49
2015,3780.0,0.49
2016,3780.0,0.49
2017,3780.0,0.49
2018,3780.0,0.49
2019,3780.0,0.49
2020,3780.0,0.49
2021,3780.0,0.49
2022,3780.0,0.49
2023,3780.0,0.49
2024,3780.0,0.49
2025,3780.0,0.49
2026,3780.0,0.49
2027,3780.0,0.49
2028,3780.0,0.49
2029,3780.0,0.49
2030,3780.0,0.49
2031,3780.0,0.49
2032,3780.0,0.49
2033,3780.0,0.49
2034,3780.0,0.49
2035,3731.0,0.49
2036,3731.0,0.49
2037,3731.0,0.49
2038,3731.0,0.49
2039,3731.0,0.49
2040,3731.0,0.49
2041,3731.0,0.49
2042,3731.0,0.49
2043,3731.0,0.49
2044,3731.0,0.49
2045,3731.0,0.49
2046,3731.0,0.49
2047,3731.0,0.49
2048,3731.0,0.49
2049,3731.0,0.49
2050,3731.0,0.49
2051,3731.0,0.49
2052,3731.0,0.49
2053,3731.0,0.49
2054,3731.0,0.49
2055,3731.0,0.49
2056,3731.0,0.49
2057,3731.0,0.49
2058,3731.0,0.49
2059,3731.0,0.49
2060,3731.0,0.49
2061,3731.0,0.49
2062,3731.0,0.49
2063,3731.0,0.49
2064,3731.0,0.49
2065,3731.0,0.49
2066,3731.0,0.49
2067,3731.0,0.49
2068,3731.0,0.49
2069,3731.0,0.49
2070,3731.0,0.49
2071,3731.0,0.49
2072,3731.0,0.49
2073,3731.0,0.49
2074,3731.0,0.49
2075,3731.0,0.49
2076,3731.0,0.49
2077,3731.0,0.49
2078,3731.0,0.49
2079,3731.0,0.49
2080,3731.0,0.49
2081,3731.0,0.49
2082,3731.0,0.49
2083,3731.0,0.49
2084,3731.0,0.49
2085,3731.0,0.49
2086,3731.0,0.49
2087,3731.0,0.49
2088,3674.0,0.49
2089,3674.0,0.49
2090,3674.0,0.49
2091,3674.0,0.49
2092,3674.0,0.49
2093,3674.0,0.49
2094,3674.0,0.49
2095,3674.0,0.49
2096,3674.0,0.49
2097,3674.0,0.49
2098,3674.0,0.49
2099,3674.0,0.49
2100,3674.0,0.49
2101,3674.0,0.49
2102,3674.0,0.49
2103,3674.0,0.49
2104,3674.0,0.49
2105,3674.0,0.49
2106,3674.0,0.49
2107,3674.0,0.49
2108,3674.0,0.49
2109,3674.0,0.49
2110,3674.0,0.49
2111,3674.0,0.49
2112,3674.0,0.49
2113,3674.0,0.49
2114,3674.0,0.49
2115,3674.0,0.49
2116,3674.0,0.49
2117,3674.0,0.49
2118,3674.0,0.49
2119,3674.0,0.49
2120,3674.0,0.49
2121,3674.0,0.49
2122,3674.0,0.49
2123,3674.0,0.49
2124,3674.0,0.49
2125,3674.0,0.49
2126,3674.0,0.49
2127,3674.0,0.49
2128,3674.0,0.49
2129,3674.0,0.49
2130,3674.0,0.49
2131,3674.0,0.49
2132,3674.0,0.49
2133,3689.0,0.48
2134,3689.0,0.48
2135,3689.0,0.48
2136,3689.0,0.48
2137,3689.0,0.48
2138,3689.0,0.48
2139,3689.0,0.48
2140,3689.0,0.48
2141,3689.0,0.48
2142,3689.0,0.48
2143,3689.0,0.48
2144,3689.0,0.48
2145,3689.0,0.48
2146,3689.0,0.48
2147,3689.0,0.48
2148,3689.0,0.48
2149,3689.0,0.48
2150,3689.0,0.48
2151,3689.0,0.48
2152,3689.0,0.48
2153,3689.0,0.48
2154,3689.0,0.48
2155,3689.0,0.48
2156,3689.0,0.48
2157,3689.0,0.48
2158,3689.0,0.48
2159,3689.0,0.48
2160,3689.0,0.48
2161,3689.0,0.48
2162,3689.0,0.48
2163,3689.0,0.48
2164,3689.0,0.48
2165,3689.0,0.48
2166,3689.0,0.48
2167,3689.0,0.48
2168,3689.0,0.48
2169,3689.0,0.48
2170,3689.0,0.48
2171,3689.0,0.48
2172,3689.0,0.48
2173,3689.0,0.48
2174,3689.0,0.48
2175,3689.0,0.48
2176,3689.0,0.48
2177,3689.0,0.48
2178,3689.0,0.48
2179,3689.0,0.48
2180,3689.0,0.48
2181,3689.0,0.48
2182,3689.0,0.48
2183,3737.0,0.48
2184,3737.0,0.48
2185,3737.0,0.48
2186,3737.0,0.48
2187,3737.0,0.48
2188,3737.0,0.48
2189,3737.0,0.48
2190,3737.0,0.48
2191,3737.0,0.48
2192,3737.0,0.48
2193,3737.0,0.48
2194,3737.0,0.48
2195,3737.0,0.48
2196,3737.0,0.48
2197,3737.0,0.48
2198,3737.0,0.48
2199,3737.0,0.48
2200,3737.0,0.48
2201,3737.0,0.48
2202,3737.0,0.48
2203,3737.0,0.48
2204,3737.0,0.48
2205,3737.0,0.48
2206,3737.0,0.48
2207,3737.0,0.48
2208,3737.0,0.48
2209,3737.0,0.48
2210,3737.0,0.48
2211,3737.0,0.48
2212,3737.0,0.48
2213,3737.0,0.48
2214,3737.0,0.48
2215,3737.0,0.48
2216,3737.0,0.48
2217,3737.0,0.48
2218,3737.0,0.48
2219,3737.0,0.48
2220,3737.0,0.48
2221,3737.0,0.48
2222,3737.0,0.48
2223,3737.0,0.48
2224,3737.0,0.48
2225,3737.0,0.48
2226,3737.0,0.48
2227,3737.0,0.48
2228,3737.0,0.48
2229,3737.0,0.48
2230,3737.0,0.48
2231,3737.0,0.48
2232,3737.0,0.48
2233,3737.0,0.48
2234,3737.0,0.48
2235,3737.0,0.48
2236,3737.0,0.48
2237,3737.0,0.48
2238,3737.0,0.48
2239,3737.0,0.48
2240,3737.0,0.48
2241,3737.0,0.48
2242,3737.0,0.48
2243,3743.0,0.48
2244,3743.0,0.48
2245,3743.0,0.48
2246,3743.0,0.48
2247,3743.0,0.48
2248,3743.0,0.48
2249,3743.0,0.48
2250,3743.0,0.48
2251,3743.0,0.48
2252,3743.0,0.48
2253,3743.0,0.48
2254,3743.0,0.48
2255,3743.0,0.48
2256,3743.0,0.48
2257,3743.0,0.48
2258,3743.0,0.48
2259,3743.0,0.48
2260,3743.0,0.48
2261,3743.0,0.48
2262,3743.0,0.48
2263,3743.0,0.48
2264,3743.0,0.48
2265,3743.0,0.48
2266,3743.0,0.48
2267,3743.0,0.48
2268,3743.0,0.48
2269,3743.0,0.48
2270,3743.0,0.48
2271,3743.0,0.48
2272,3743.0,0.48
2273,3743.0,0.48
2274,3743.0,0.48
2275,3743.0,0.48
2276,3743.0,0.48
2277,3743.0,0.48
2278,3743.0,0.48
2279,3743.0,0.48
2280,3743.0,0.48
2281,3743.0,0.48
2282,3743.0,0.48
2283,3743.0,0.48
2284,3743.0,0.48
2285,3743.0,0.48
2286,3743.0,0.48
2287,3743.0,0.48
2288,3753.0,0.48
2289,3753.0,0.48
2290,3753.0,0.48
2291,3753.0,0.48
2292,3753.0,0.48
2293,3753.0,0.48
2294,3753.0,0.48
2295,3753.0,0.48
2296,3753.0,0.48
2297,3753.0,0.48
2298,3753.0,0.48
2299,3753.0,0.48
2300,3753.0,0.48
2301,3753.0,0.48
2302,3753.0,0.48
2303,3745.0,0.48
2304,3745.0,0.48
2305,3745.0,0.48
2306,3745.0,0.48
2307,3745.0,0.48
2308,3745.0,0.48
2309,3745.0,0.48
2310,3745.0,0.48
2311,3745.0,0.48
2312,3745.0,0.48
2313,3745.0,0.48
2314,3745.0,0.48
2315,3745.0,0.48
2316,3745.0,0.48
2317,3745.0,0.48
2318,3745.0,0.48
2319,3745.0,0.48
2320,3745.0,0.48
2321,3745.0,0.48
2322,3745.0,0.48
2323,3745.0,0.48
2324,3745.0,0.48
2325,3745.0,0.48
2326,3745.0,0.48
2327,3745.0,0.48
2328,3745.0,0.48
2329,3745.0,0.48
2330,3745.0,0.48
2331,3745.0,0.48
2332,3745.0,0.48
2333,3745.0,0.48
2334,3745.0,0.48
2335,3745.0,0.48
2336,3745.0,0.48
2337,3745.0,0.48
2338,3745.0,0.48
2339,3745.0,0.48
2340,3745.0,0.48
2341,3745.0,0.48
2342,3745.0,0.48
2343,3745.0,0.48
2344,3745.0,0.48
2345,3745.0,0.48
2346,3745.0,0.48
2347,3745.0,0.48
2348,3745.0,0.48
2349,3745.0,0.48
2350,3745.0,0.48
2351,3745.0,0.48
2352,3745.0,0.48
2353,3745.0,0.48
2354,3745.0,0.48
2355,3745.0,0.48
2356,3745.0,0.48
2357,3745.0,0.48
2358,3745.0,0.48
2359,3745.0,0.48
2360,3745.0,0.48
2361,3745.0,0.48
2362,3745.0,0.47
2363,3745.0,0.47
2364,3745.0,0.47
2365,3745.0,0.47
2366,3745.0,0.47
2367,3745.0,0.47
2368,3745.0,0.47
2369,3745.0,0.47
2370,3745.0,0.47
2371,3745.0,0.47
2372,3745.0,0.47
2373,3745.0,0.47
2374,3745.0,0.47
2375,3745.0,0.47
2376,3745.0,0.47
2377,3745.0,0.47
2378,3745.0,0.47
2379,3745.0,0.47
2380,3745.0,0.47
2381,3745.0,0.47
2382,3745.0,0.47
2383,3745.0,0.47
2384,3745.0,0.47
2385,3745.0,0.47
2386,3745.0,0.47
2387,3745.0,0.47
2388,3745.0,0.47
2389,3745.0,0.47
2390,3745.0,0.47
2391,3745.0,0.47
2392,3745.0,0.47
2393,3745.0,0.47
2394,3745.0,0.47
2395,3745.0,0.47
2396,3745.0,0.47
2397,3745.0,0.47
2398,3745.0,0.47
2399,3745.0,0.47
2400,3745.0,0.47
2401,3745.0,0.47
2402,3745.0,0.47
2403,3745.0,0.47
2404,3745.0,0.47
2405,3745.0,0.47
2406,3745.0,0.47
2407,3745.0,0.47
2408,3745.0,0.47
2409,3745.0,0.47
2410,3745.0,0.47
2411,3745.0,0.47
2412,3745.0,0.47
2413,3745.0,0.47
2414,3745.0,0.47
2415,3745.0,0.47
2416,3745.0,0.47
2417,3745.0,0.47
2418,3745.0,0.47
2419,3745.0,0.47
2420,3745.0,0.47
2421,3745.0,0.47
2422,3771.0,0.47
2423,3771.0,0.47
2424,3771.0,0.47
2425,3771.0,0.47
2426,3771.0,0.47
2427,3771.0,0.47
2428,3771.0,0.47
2429,3771.0,0.47
2430,3771.0,0.47
2431,3771.0,0.47
2432,3771.0,0.47
2433,3771.0,0.47
2434,3771.0,0.47
2435,3771.0,0.47
2436,3771.0,0.47
2437,3771.0,0.47
2438,3771.0,0.47
2439,3771.0,0.47
2440,3771.0,0.47
2441,3771.0,0.47
2442,3771.0,0.47
2443,3771.0,0.47
2444,3771.0,0.47
2445,3771.0,0.47
2446,3771.0,0.47
2447,3771.0,0.47
2448,3771.0,0.47
2449,3771.0,0.47
2450,3771.0,0.47
2451,3771.0,0.47
2452,3771.0,0.47
2453,3771.0,0.47
2454,3771.0,0.47
2455,3771.0,0.47
2456,3771.0,0.47
2457,3771.0,0.47
2458,3771.0,0.47
2459,3771.0,0.47
2460,3771.0,0.47
2461,3771.0,0.47
2462,3771.0,0.47
2463,3771.0,0.47
2464,3771.0,0.47
2465,3771.0,0.47
2466,3771.0,0.47
2467,3771.0,0.47
2468,3771.0,0.47
2469,3771.0,0.47
2470,3771.0,0.47
2471,3771.0,0.47
2472,3771.0,0.47
2473,3771.0,0.47
2474,3771.0,0.47
2475,3771.0,0.47
2476,3771.0,0.47
2477,3771.0,0.47
2478,3771.0,0.47
2479,3771.0,0.47
2480,3771.0,0.47
2481,3771.0,0.47
2482,3771.0,0.47
2483,3771.0,0.47
2484,3771.0,0.47
2485,3771.0,0.47
2486,3771.0,0.47
2487,3771.0,0.47
2488,3771.0,0.47
2489,3771.0,0.47
2490,3771.0,0.47
2491,3771.0,0.47
2492,3771.0,0.47
2493,3771.0,0.47
2494,3771.0,0.47
2495,3771.0,0.47
2496,3771.0,0.47
2497,3771.0,0.47
2498,3771.0,0.47
2499,3771.0,0.47
2500,3771.0,0.47
2501,3771.0,0.47
2502,3771.0,0.47
2503,3771.0,0.47
2504,3771.0,0.47
2505,3771.0,0.47
2506,3771.0,0.47
2507,3771.0,0.47
2508,3771.0,0.47
2509,3771.0,0.47
2510,3771.0,0.47
2511,3771.0,0.47
2512,3771.0,0.47
2513,3771.0,0.47
2514,3771.0,0.47
2515,3771.0,0.47
2516,3771.0,0.47
2517,3771.0,0.47
2518,3771.0,0.47
2519,3771.0,0.47
2520,3771.0,0.47
2521,3771.0,0.47
2522,3771.0,0.47
2523,3771.0,0.47
2524,3771.0,0.47
2525,3771.0,0.47
2526,3771.0,0.47
2527,3771.0,0.47
2528,3771.0,0.47
2529,3771.0,0.47
2530,3771.0,0.47
2531,3771.0,0.47
2532,3771.0,0.47
2533,3771.0,0.47
2534,3771.0,0.47
2535,3771.0,0.47
2536,3771.0,0.47
2537,3771.0,0.47
2538,3771.0,0.47
2539,3771.0,0.47
2540,3771.0,0.47
2541,3768.0,0.47
2542,3768.0,0.47
2543,3768.0,0.47
2544,3768.0,0.47
2545,3768.0,0.47
2546,3768.0,0.47
2547,3768.0,0.47
2548,3768.0,0.47
2549,3768.0,0.47
2550,3768.0,0.47
2551,3768.0,0.47
2552,3768.0,0.47
2553,3768.0,0.47
2554,3768.0,0.47
2555,3768.0,0.47
2556,3768.0,0.47
2557,3768.0,0.47
2558,3768.0,0.47
2559,3768.0,0.47
2560,3768.0,0.47
2561,3768.0,0.47
2562,3768.0,0.47
2563,3768.0,0.47
2564,3768.0,0.47
2565,3768.0,0.47
2566,3768.0,0.47
2567,3768.0,0.47
2568,3768.0,0.47
2569,3768.0,0.47
2570,3768.0,0.47
2571,3768.0,0.47
2572,3768.0,0.47
2573,3768.0,0.47
2574,3768.0,0.47
2575,3768.0,0.47
2576,3768.0,0.47
2577,3768.0,0.47
2578,3768.0,0.47
2579,3768.0,0.47
2580,3768.0,0.47
2581,3768.0,0.47
2582,3768.0,0.47
2583,3768.0,0.47
2584,3768.0,0.47
2585,3768.0,0.47
2586,3768.0,0.47
2587,3768.0,0.47
2588,3768.0,0.47
2589,3768.0,0.47
2590,3768.0,0.47
2591,3768.0,0.47
2592,3768.0,0.47
2593,3768.0,0.47
2594,3768.0,0.47
2595,3768.0,0.47
2596,3768.0,0.47
2597,3768.0,0.47
2598,3768.0,0.47
2599,3768.0,0.47
2600,3770.0,0.47
2601,3770.0,0.47
2602,3770.0,0.47
2603,3770.0,0.47
2604,3770.0,0.47
2605,3770.0,0.47
2606,3770.0,0.47
2607,3770.0,0.47
2608,3770.0,0.47
2609,3770.0,0.47
2610,3770.0,0.47
2611,3770.0,0.47
2612,3770.0,0.47
2613,3770.0,0.47
2614,3770.0,0.47
2615,3770.0,0.47
2616,3770.0,0.47
2617,3770.0,0.47
2618,3770.0,0.47
2619,3770.0,0.47
2620,3770.0,0.47
2621,3770.0,0.47
2622,3770.0,0.47
2623,3770.0,0.47
2624,3770.0,0.47
2625,3770.0,0.47
2626,3770.0,0.47
2627,3770.0,0.47
2628,3770.0,0.47
2629,3770.0,0.47
2630,3770.0,0.47
2631,3770.0,0.47
2632,3770.0,0.47
2633,3770.0,0.47
2634,3770.0,0.47
2635,3770.0,0.47
2636,3770.0,0.47
2637,3770.0,0.47
2638,3770.0,0.47
2639,3770.0,0.47
2640,3770.0,0.47
2641,3770.0,0.47
2642,3770.0,0.47
2643,3770.0,0.47
2644,3770.0,0.47
2645,3770.0,0.47
2646,3770.0,0.47
2647,3770.0,0.47
2648,3770.0,0.47
2649,3770.0,0.47
2650,3770.0,0.47
2651,3770.0,0.47
2652,3770.0,0.47
2653,3770.0,0.47
2654,3770.0,0.47
2655,3770.0,0.47
2656,3770.0,0.47
2657,3770.0,0.47
2658,3770.0,0.47
2659,3773.0,0.47
2660,3773.0,0.47
2661,3773.0,0.47
2662,3773.0,0.47
2663,3773.0,0.47
2664,3773.0,0.47
2665,3773.0,0.47
2666,3773.0,0.47
2667,3773.0,0.47
2668,3773.0,0.47
2669,3773.0,0.47
2670,3773.0,0.47
2671,3773.0,0.47
2672,3773.0,0.47
2673,3773.0,0.47
2674,3773.0,0.47
2675,3773.0,0.47
2676,3773.0,0.47
2677,3773.0,0.47
2678,3773.0,0.47
2679,3773.0,0.47
2680,3773.0,0.47
2681,3773.0,0.47
2682,3773.0,0.47
2683,3773.0,0.47
2684,3773.0,0.47
2685,3773.0,0.47
2686,3773.0,0.47
2687,3773.0,0.47
2688,3773.0,0.47
2689,3773.0,0.47
2690,3773.0,0.47
2691,3773.0,0.47
2692,3773.0,0.47
2693,3773.0,0.47
2694,3773.0,0.47
2695,3773.0,0.47
2696,3773.0,0.47
2697,3773.0,0.47
2698,3773.0,0.47
2699,3773.0,0.47
2700,3773.0,0.47
2701,3773.0,0.47
2702,3773.0,0.47
2703,3773.0,0.47
2704,3773.0,0.47
2705,3773.0,0.47
2706,3773.0,0.47
2707,3773.0,0.47
2708,3773.0,0.47
2709,3773.0,0.47
2710,3773.0,0.47
2711,3773.0,0.47
2712,3773.0,0.47
2713,3773.0,0.47
2714,3773.0,0.47
2715,3773.0,0.47
2716,3773.0,0.47
2717,3773.0,0.47
2718,3773.0,0.47
2719,3774.0,0.47
2720,3774.0,0.47
2721,3774.0,0.47
2722,3774.0,0.47
2723,3774.0,0.47
2724,3774.0,0.47
2725,3774.0,0.47
2726,3774.0,0.47
2727,3774.0,0.47
2728,3774.0,0.47
2729,3774.0,0.47
2730,3774.0,0.47
2731,3774.0,0.46
2732,3774.0,0.46
2733,3774.0,0.46
2734,3774.0,0.46
2735,3774.0,0.46
2736,3774.0,0.46
2737,3774.0,0.46
2738,3774.0,0.46
2739,3774.0,0.46
2740,3774.0,0.46
2741,3774.0,0.46
2742,3774.0,0.46
2743,3774.0,0.46
2744,3774.0,0.46
2745,3774.0,0.46
2746,3774.0,0.46
2747,3774.0,0.46
2748,3774.0,0.46
2749,3774.0,0.46
2750,3774.0,0.46
2751,3774.0,0.46
2752,3774.0,0.46
2753,3774.0,0.46
2754,3774.0,0.46
2755,3774.0,0.46
2756,3774.0,0.46
2757,3774.0,0.46
2758,3774.0,0.46
2759,3774.0,0.46
2760,3774.0,0.46
2761,3774.0,0.46
2762,3774.0,0.46
2763,3774.0,0.46
2764,3774.0,0.46
2765,3774.0,0.46
2766,3774.0,0.46
2767,3774.0,0.46
2768,3774.0,0.46
2769,3774.0,0.46
2770,3774.0,0.46
2771,3774.0,0.46
2772,3774.0,0.46
2773,3774.0,0.46
2774,3774.0,0.46
2775,3774.0,0.46
2776,3774.0,0.46
2777,3774.0,0.46
2778,3775.0,0.46
2779,3775.0,0.46
2780,3775.0,0.46
2781,3775.0,0.46
2782,3775.0,0.46
2783,3775.0,0.46
2784,3775.0,0.46
2785,3775.0,0.46
2786,3775.0,0.46
2787,3775.0,0.46
2788,3775.0,0.46
2789,3775.0,0.46
2790,3775.0,0.46
2791,3775.0,0.46
2792,3775.0,0.46
2793,3775.0,0.46
2794,3775.0,0.46
2795,3775.0,0.46
2796,3775.0,0.46
2797,3775.0,0.46
2798,3775.0,0.46
2799,3775.0,0.46
2800,3775.0,0.46
2801,3775.0,0.46
2802,3775.0,0.46
2803,3775.0,0.46
2804,3775.0,0.46
2805,3775.0,0.46
2806,3775.0,0.46
2807,3775.0,0.46
2808,3775.0,0.46
2809,3775.0,0.46
2810,3775.0,0.46
2811,3775.0,0.46
2812,3775.0,0.46
2813,3775.0,0.46
2814,3775.0,0.46
2815,3775.0,0.46
2816,3775.0,0.46
2817,3775.0,0.46
2818,3775.0,0.46
2819,3775.0,0.46
2820,3775.0,0.46
2821,3775.0,0.46
2822,3775.0,0.46
2823,3775.0,0.46
2824,3775.0,0.46
2825,3775.0,0.46
2826,3775.0,0.46
2827,3775.0,0.46
2828,3775.0,0.46
2829,3775.0,0.46
2830,3775.0,0.46
2831,3775.0,0.46
2832,3775.0,0.46
2833,3775.0,0.46
2834,3775.0,0.46
2835,3775.0,0.46
2836,3775.0,0.46
2837,3775.0,0.46
2838,3775.0,0.46
2839,3775.0,0.46
2840,3775.0,0.46
2841,3775.0,0.46
2842,3775.0,0.46
2843,3775.0,0.46
2844,3775.0,0.46
2845,3775.0,0.46
2846,3775.0,0.46
2847,3775.0,0.46
2848,3775.0,0.46
2849,3775.0,0.46
2850,3775.0,0.46
2851,3775.0,0.46
2852,3775.0,0.46
2853,3775.0,0.46
2854,3775.0,0.46
2855,3775.0,0.46
2856,3775.0,0.46
2857,3775.0,0.46
2858,3775.0,0.46
2859,3775.0,0.46
2860,3775.0,0.46
2861,3775.0,0.46
2862,3775.0,0.46
2863,3775.0,0.46
2864,3775.0,0.46
2865,3775.0,0.46
2866,3775.0,0.46
2867,3775.0,0.46
2868,3775.0,0.46
2869,3775.0,0.46
2870,3775.0,0.46
2871,3775.0,0.46
2872,3775.0,0.46
2873,3775.0,0.46
2874,3775.0,0.46
2875,3775.0,0.46
2876,3775.0,0.46
2877,3775.0,0.46
2878,3775.0,0.46
2879,3775.0,0.46
2880,3775.0,0.46
2881,3770.0,0.46
2882,3770.0,0.46
2883,3770.0,0.46
2884,3770.0,0.46
2885,3770.0,0.46
2886,3770.0,0.46
2887,3770.0,0.46
2888,3770.0,0.46
2889,3770.0,0.46
2890,3770.0,0.46
2891,3770.0,0.46
2892,3770.0,0.46
2893,3770.0,0.46
2894,3770.0,0.46
2895,3770.0,0.46
2896,3770.0,0.46
2897,3771.0,0.46
2898,3771.0,0.46
2899,3771.0,0.46
2900,3771.0,0.46
2901,3771.0,0.46
2902,3771.0,0.46
2903,3771.0,0.46
2904,3771.0,0.46
2905,3771.0,0.46
2906,3771.0,0.46
2907,3771.0,0.46
2908,3771.0,0.46
2909,3771.0,0.46
2910,3771.0,0.46
2911,3771.0,0.46
2912,3771.0,0.46
2913,3771.0,0.46
2914,3771.0,0.46
2915,3771.0,0.46
2916,3771.0,0.46
2917,3771.0,0.46
2918,3771.0,0.46
2919,3771.0,0.46
2920,3771.0,0.46
2921,3771.0,0.46
2922,3771.0,0.46
2923,3771.0,0.46
2924,3771.0,0.46
2925,3771.0,0.46
2926,3771.0,0.46
2927,3771.0,0.46
2928,3771.0,0.46
2929,3771.0,0.46
2930,3771.0,0.46
2931,3771.0,0.46
2932,3771.0,0.46
2933,3771.0,0.46
2934,3771.0,0.46
2935,3771.0,0.46
2936,3771.0,0.46
2937,3771.0,0.46
2938,3771.0,0.46
2939,3771.0,0.46
2940,3771.0,0.46
2941,3771.0,0.46
2942,3771.0,0.46
2943,3771.0,0.46
2944,3771.0,0.46
2945,3771.0,0.46
2946,3771.0,0.46
2947,3771.0,0.46
2948,3771.0,0.46
2949,3771.0,0.46
2950,3771.0,0.46
2951,3771.0,0.46
2952,3771.0,0.46
2953,3771.0,0.46
2954,3771.0,0.46
2955,3771.0,0.46
2956,3771.0,0.46
2957,3774.0,0.46
2958,3774.0,0.46
2959,3774.0,0.46
2960,3774.0,0.46
2961,3774.0,0.46
2962,3774.0,0.46
2963,3774.0,0.46
2964,3774.0,0.46
2965,3774.0,0.46
2966,3774.0,0.46
2967,3774.0,0.46
2968,3774.0,0.46
2969,3774.0,0.46
2970,3774.0,0.46
2971,3774.0,0.46
2972,3774.0,0.46
2973,3774.0,0.46
2974,3774.0,0.46
2975,3774.0,0.46
2976,3774.0,0.46
2977,3774.0,0.46
2978,3774.0,0.46
2979,3774.0,0.46
2980,3774.0,0.46
2981,3774.0,0.46
2982,3774.0,0.46
2983,3774.0,0.46
2984,3774.0,0.46
2985,3774.0,0.46
2986,3774.0,0.46
2987,3774.0,0.46
2988,3774.0,0.46
2989,3774.0,0.46
2990,3774.0,0.46
2991,3774.0,0.46
2992,3774.0,0.46
2993,3774.0,0.46
2994,3774.0,0.46
2995,3774.0,0.46
2996,3774.0,0.46
2997,3774.0,0.46
2998,3774.0,0.46
2999,3774.0,0.46
3000,3774.0,0.46
3001,3774.0,0.46
3002,3774.0,0.46
3003,3774.0,0.46
3004,3774.0,0.46
3005,3774.0,0.46
3006,3774.0,0.46
3007,3774.0,0.46
3008,3774.0,0.46
3009,3774.0,0.46
3010,3774.0,0.46
3011,3774.0,0.46
3012,3774.0,0.46
3013,3774.0,0.46
3014,3774.0,0.46
3015,3774.0,0.46
3016,3772.0,0.46
3017,3772.0,0.46
3018,3772.0,0.46
3019,3772.0,0.46
3020,3772.0,0.46
3021,3772.0,0.46
3022,3772.0,0.46
3023,3772.0,0.46
3024,3772.0,0.46
3025,3772.0,0.46
3026,3772.0,0.46
3027,3772.0,0.46
3028,3772.0,0.46
3029,3772.0,0.46
