1,4020.0,0.8
2,4020.0,0.8
3,4020.0,0.8
4,4020.0,0.8
5,4020.0,0.8
6,4020.0,0.8
7,4020.0,0.8
8,4020.0,0.8
9,4020.0,0.8
10,4020.0,0.8
11,4020.0,0.8
12,4020.0,0.8
13,4020.0,0.8
14,4020.0,0.8
15,4020.0,0.8
16,4020.0,0.8
17,4020.0,0.8
18,4020.0,0.8
19,4020.0,0.8
20,4020.0,0.8
21,4020.0,0.8
22,4020.0,0.8
23,4020.0,0.8
24,4020.0,0.8
25,4020.0,0.8
26,4007.0,0.79
27,4007.0,0.79
28,4007.0,0.79
29,4007.0,0.79
30,4007.0,0.79
31,4007.0,0.79
32,4007.0,0.79
33,4007.0,0.79
34,4007.0,0.79
35,4007.0,0.79
36,4007.0,0.79
37,4007.0,0.79
38,4007.0,0.79
39,4007.0,0.79
40,4007.0,0.79
41,4007.0,0.79
42,4007.0,0.79
43,4007.0,0.79
44,4007.0,0.79
45,4007.0,0.79
46,4007.0,0.79
47,4007.0,0.79
48,4007.0,0.79
49,4007.0,0.79
50,4007.0,0.79
51,4007.0,0.79
52,4007.0,0.79
53,4007.0,0.79
54,4007.0,0.79
55,4007.0,0.79
56,4007.0,0.79
57,4007.0,0.79
58,4007.0,0.79
59,4007.0,0.79
60,4007.0,0.79
61,4007.0,0.79
62,4007.0,0.79
63,4007.0,0.79
64,4007.0,0.79
65,4007.0,0.79
66,4007.0,0.79
67,4007.0,0.79
68,4007.0,0.79
69,4007.0,0.79
70,4007.0,0.79
71,4007.0,0.79
72,4007.0,0.79
73,4007.0,0.79
74,4007.0,0.79
75,4007.0,0.79
76,4007.0,0.79
77,4007.0,0.79
78,4007.0,0.79
79,4007.0,0.79
80,4007.0,0.79
81,4007.0,0.79
82,4007.0,0.79
83,4007.0,0.79
84,4011.0,0.79
85,4011.0,0.79
86,4011.0,0.79
87,4011.0,0.79
88,4011.0,0.79
89,4011.0,0.79
90,4011.0,0.79
91,4011.0,0.79
92,4011.0,0.79
93,4011.0,0.79
94,4011.0,0.79
95,4011.0,0.79
96,4011.0,0.79
97,4011.0,0.79
98,4011.0,0.79
99,4011.0,0.79
100,4011.0,0.79
101,4011.0,0.79
102,4011.0,0.79
103,4011.0,0.79
104,4011.0,0.79
105,4011.0,0.79
106,4011.0,0.79
107,4011.0,0.79
108,4011.0,0.79
109,4011.0,0.79
110,4011.0,0.79
111,4011.0,0.79
112,4011.0,0.79
113,4011.0,0.79
114,4011.0,0.79
115,4011.0,0.79
116,4011.0,0.79
117,4011.0,0.79
118,4011.0,0.79
119,4011.0,0.79
120,4011.0,0.79
121,4011.0,0.79
122,4011.0,0.79
123,4011.0,0.79
124,4011.0,0.79
125,4011.0,0.79
126,4011.0,0.79
127,4011.0,0.79
128,4011.0,0.79
129,4011.0,0.79
130,4011.0,0.79
131,4011.0,0.79
132,4011.0,0.79
133,4011.0,0.79
134,4011.0,0.79
135,4011.0,0.79
136,4011.0,0.79
137,4011.0,0.79
138,4011.0,0.79
139,4011.0,0.79
140,4011.0,0.79
141,4011.0,0.79
142,4015.0,0.79
143,4015.0,0.79
144,4015.0,0.79
145,4015.0,0.79
146,4015.0,0.79
147,4015.0,0.79
148,4015.0,0.79
149,4015.0,0.79
150,4015.0,0.79
151,4015.0,0.79
152,4015.0,0.79
153,4015.0,0.79
154,4015.0,0.79
155,4015.0,0.79
156,4015.0,0.79
157,4015.0,0.79
158,4015.0,0.79
159,4015.0,0.79
160,4015.0,0.79
161,4015.0,0.79
162,4015.0,0.79
163,4015.0,0.79
164,4015.0,0.79
165,4015.0,0.79
166,4015.0,0.79
167,4015.0,0.79
168,4015.0,0.79
169,4015.0,0.79
170,4015.0,0.79
171,4015.0,0.79
172,4015.0,0.79
173,4015.0,0.79
174,4015.0,0.79
175,4015.0,0.79
176,4015.0,0.79
177,4015.0,0.79
178,4015.0,0.79
179,4015.0,0.79
180,4015.0,0.79
181,4015.0,0.79
182,4015.0,0.79
183,4015.0,0.79
184,4015.0,0.79
185,4015.0,0.79
186,4015.0,0.79
187,4015.0,0.79
188,4015.0,0.79
189,4015.0,0.79
190,4015.0,0.79
191,4015.0,0.79
192,4015.0,0.79
193,4015.0,0.79
194,4015.0,0.79
195,4015.0,0.79
196,4015.0,0.79
197,4015.0,0.79
198,4015.0,0.79
199,4015.0,0.79
200,4015.0,0.79
201,4012.0,0.78
202,4012.0,0.78
203,4012.0,0.78
204,4012.0,0.78
205,4012.0,0.78
206,4012.0,0.78
207,4012.0,0.78
208,4012.0,0.78
209,4012.0,0.78
210,4012.0,0.78
211,4012.0,0.78
212,4012.0,0.78
213,4012.0,0.78
214,4012.0,0.78
215,4012.0,0.78
216,4012.0,0.78
217,4012.0,0.78
218,4012.0,0.78
219,4012.0,0.78
220,4012.0,0.78
221,4012.0,0.78
222,4012.0,0.78
223,4012.0,0.78
224,4012.0,0.78
225,4012.0,0.78
226,4012.0,0.78
227,4012.0,0.78
228,4012.0,0.78
229,4012.0,0.78
230,4012.0,0.78
231,4012.0,0.78
232,4012.0,0.78
233,4012.0,0.78
234,4012.0,0.78
235,4012.0,0.78
236,4012.0,0.78
237,4012.0,0.78
238,4012.0,0.78
239,4012.0,0.78
240,4012.0,0.78
241,4012.0,0.78
242,4012.0,0.78
243,4012.0,0.78
244,4012.0,0.78
245,4012.0,0.78
246,4012.0,0.78
247,4012.0,0.78
248,4012.0,0.78
249,4012.0,0.78
250,4012.0,0.78
251,4012.0,0.78
252,4012.0,0.78
253,4012.0,0.78
254,4012.0,0.78
255,4012.0,0.78
256,4012.0,0.78
257,4012.0,0.78
258,4012.0,0.78
259,4012.0,0.78
260,4016.0,0.78
261,4016.0,0.78
262,4016.0,0.78
263,4016.0,0.78
264,4016.0,0.78
265,4016.0,0.78
266,4016.0,0.78
267,4016.0,0.78
268,4016.0,0.78
269,4016.0,0.78
270,4016.0,0.78
271,4016.0,0.78
272,4016.0,0.78
273,4016.0,0.78
274,4016.0,0.78
275,4016.0,0.78
276,4016.0,0.78
277,4016.0,0.78
278,4016.0,0.78
279,4016.0,0.78
280,4016.0,0.78
281,4016.0,0.78
282,4016.0,0.78
283,4016.0,0.78
284,4016.0,0.78
285,4016.0,0.78
286,4016.0,0.78
287,4016.0,0.78
288,4016.0,0.78
289,4016.0,0.78
290,4016.0,0.78
291,4016.0,0.78
292,4016.0,0.78
293,4016.0,0.78
294,4016.0,0.78
295,4016.0,0.78
296,4016.0,0.78
297,4016.0,0.78
298,4016.0,0.78
299,4016.0,0.78
300,4016.0,0.78
301,4016.0,0.78
302,4016.0,0.78
303,4016.0,0.78
304,4016.0,0.78
305,4016.0,0.78
306,4016.0,0.78
307,4016.0,0.78
308,4016.0,0.78
309,4016.0,0.78
310,4016.0,0.78
311,4016.0,0.78
312,4016.0,0.78
313,4016.0,0.78
314,4016.0,0.78
315,4016.0,0.78
316,4016.0,0.78
317,4016.0,0.78
318,4016.0,0.78
319,4013.0,0.78
320,4013.0,0.78
321,4013.0,0.78
322,4013.0,0.78
323,4013.0,0.78
324,4013.0,0.78
325,4013.0,0.78
326,4013.0,0.78
327,4013.0,0.78
328,4013.0,0.78
329,4013.0,0.78
330,4013.0,0.78
331,4013.0,0.78
332,4013.0,0.78
333,4013.0,0.78
334,4013.0,0.78
335,4013.0,0.78
336,4013.0,0.78
337,4013.0,0.78
338,4013.0,0.78
339,4013.0,0.78
340,4013.0,0.78
341,4013.0,0.78
342,4013.0,0.78
343,4013.0,0.78
344,4013.0,0.78
345,4013.0,0.78
346,4013.0,0.78
347,4013.0,0.78
348,4013.0,0.78
349,4013.0,0.78
350,4013.0,0.78
351,4013.0,0.78
352,4013.0,0.78
353,4013.0,0.78
354,4013.0,0.78
355,4013.0,0.78
356,4013.0,0.78
357,4013.0,0.78
358,4013.0,0.78
359,4013.0,0.78
360,4013.0,0.78
361,4013.0,0.78
362,4013.0,0.78
363,4013.0,0.78
364,4013.0,0.78
365,4013.0,0.78
366,4013.0,0.78
367,4013.0,0.78
368,4013.0,0.78
369,4013.0,0.78
370,4013.0,0.78
371,4013.0,0.78
372,4013.0,0.78
373,4013.0,0.78
374,4013.0,0.78
375,4013.0,0.78
376,4013.0,0.78
377,4013.0,0.78
378,4013.0,0.78
379,4003.0,0.78
380,4003.0,0.78
381,4003.0,0.78
382,4003.0,0.78
383,4003.0,0.78
384,4003.0,0.78
385,4003.0,0.78
386,4003.0,0.78
387,4003.0,0.78
388,4003.0,0.78
389,4003.0,0.78
390,4003.0,0.78
391,4003.0,0.78
392,4003.0,0.78
393,4003.0,0.78
394,4003.0,0.78
395,4003.0,0.78
396,4003.0,0.78
397,4003.0,0.78
398,4003.0,0.78
399,4014.0,0.77
400,4014.0,0.77
401,4014.0,0.77
402,4014.0,0.77
403,4014.0,0.77
404,4014.0,0.77
405,4014.0,0.77
406,4014.0,0.77
407,4014.0,0.77
408,4014.0,0.77
409,4014.0,0.77
410,4014.0,0.77
411,4014.0,0.77
412,4014.0,0.77
413,4014.0,0.77
414,4014.0,0.77
415,4014.0,0.77
416,4014.0,0.77
417,4014.0,0.77
418,4014.0,0.77
419,4014.0,0.77
420,4014.0,0.77
421,4014.0,0.77
422,4014.0,0.77
423,4014.0,0.77
424,4014.0,0.77
425,4014.0,0.77
426,4014.0,0.77
427,4014.0,0.77
428,4014.0,0.77
429,4014.0,0.77
430,4014.0,0.77
431,4014.0,0.77
432,4014.0,0.77
433,4014.0,0.77
434,4014.0,0.77
435,4014.0,0.77
436,4014.0,0.77
437,4014.0,0.77
438,4014.0,0.77
439,4012.0,0.77
440,4012.0,0.77
441,4012.0,0.77
442,4012.0,0.77
443,4012.0,0.77
444,4012.0,0.77
445,4012.0,0.77
446,4012.0,0.77
447,4012.0,0.77
448,4012.0,0.77
449,4012.0,0.77
450,4012.0,0.77
451,4012.0,0.77
452,4012.0,0.77
453,4012.0,0.77
454,4012.0,0.77
455,4012.0,0.77
456,4012.0,0.77
457,4012.0,0.77
458,4012.0,0.77
459,4012.0,0.77
460,4012.0,0.77
461,4012.0,0.77
462,4012.0,0.77
463,4012.0,0.77
464,4012.0,0.77
465,4012.0,0.77
466,4012.0,0.77
467,4012.0,0.77
468,4012.0,0.77
469,4012.0,0.77
470,4012.0,0.77
471,4012.0,0.77
472,4012.0,0.77
473,4012.0,0.77
474,4012.0,0.77
475,4012.0,0.77
476,4012.0,0.77
477,4012.0,0.77
478,4012.0,0.77
479,4012.0,0.77
480,4012.0,0.77
481,4012.0,0.77
482,4012.0,0.77
483,4012.0,0.77
484,4012.0,0.77
485,4012.0,0.77
486,4012.0,0.77
487,4012.0,0.77
488,4012.0,0.77
489,4012.0,0.77
490,4012.0,0.77
491,4012.0,0.77
492,4012.0,0.77
493,4012.0,0.77
494,4012.0,0.77
495,4012.0,0.77
496,4012.0,0.77
497,4012.0,0.77
498,4012.0,0.77
499,4012.0,0.77
500,4012.0,0.77
501,4012.0,0.77
502,4012.0,0.77
503,4012.0,0.77
504,4012.0,0.77
505,4012.0,0.77
506,4012.0,0.77
507,4012.0,0.77
508,4012.0,0.77
509,4012.0,0.77
510,4012.0,0.77
511,4012.0,0.77
512,4012.0,0.77
513,4012.0,0.77
514,4012.0,0.77
515,4012.0,0.77
516,4012.0,0.77
517,4012.0,0.77
518,4012.0,0.77
519,4012.0,0.77
520,4012.0,0.77
521,4012.0,0.77
522,4012.0,0.77
523,4012.0,0.77
524,4012.0,0.77
525,4012.0,0.77
526,4012.0,0.77
527,4012.0,0.77
528,4012.0,0.77
529,4012.0,0.77
530,4012.0,0.77
531,4012.0,0.77
532,4012.0,0.77
533,4012.0,0.77
534,4012.0,0.77
535,4012.0,0.77
536,4012.0,0.77
537,4012.0,0.77
538,4012.0,0.77
539,4012.0,0.77
540,4012.0,0.77
541,4012.0,0.77
542,4012.0,0.77
543,4012.0,0.77
544,4012.0,0.77
545,4012.0,0.77
546,4012.0,0.77
547,4012.0,0.77
548,4012.0,0.77
549,4012.0,0.77
550,4012.0,0.77
551,4012.0,0.77
552,4012.0,0.77
553,4012.0,0.77
554,4012.0,0.77
555,4012.0,0.77
556,4012.0,0.77
557,4011.0,0.77
558,4011.0,0.77
559,4011.0,0.77
560,4011.0,0.77
561,4011.0,0.77
562,4011.0,0.77
563,4011.0,0.77
564,4011.0,0.77
565,4011.0,0.77
566,4011.0,0.77
567,4011.0,0.77
568,4011.0,0.77
569,4011.0,0.77
570,4011.0,0.77
571,4011.0,0.77
572,4011.0,0.77
573,4011.0,0.77
574,4011.0,0.77
575,4011.0,0.77
576,4011.0,0.77
577,4011.0,0.77
578,4011.0,0.77
579,4011.0,0.77
580,4011.0,0.77
581,4011.0,0.77
582,4011.0,0.77
583,4011.0,0.77
584,4011.0,0.77
585,4011.0,0.77
586,4009.0,0.77
587,4009.0,0.77
588,4009.0,0.77
589,4009.0,0.77
590,4009.0,0.77
591,4009.0,0.77
592,4009.0,0.77
593,4009.0,0.77
594,4009.0,0.77
595,4009.0,0.77
596,4009.0,0.77
597,4009.0,0.77
598,4009.0,0.77
599,4009.0,0.77
600,4009.0,0.77
601,4009.0,0.77
602,4009.0,0.77
603,4009.0,0.77
604,4009.0,0.77
605,4009.0,0.77
606,4009.0,0.77
607,4009.0,0.77
608,4009.0,0.77
609,4009.0,0.77
610,4009.0,0.77
611,4009.0,0.77
612,4009.0,0.77
613,4009.0,0.77
614,4009.0,0.77
615,4017.0,0.77
616,4017.0,0.77
617,4017.0,0.77
618,4017.0,0.77
619,4017.0,0.77
620,4017.0,0.77
621,4017.0,0.77
622,4017.0,0.77
623,4017.0,0.77
624,4017.0,0.77
625,4017.0,0.77
626,4017.0,0.77
627,4017.0,0.77
628,4017.0,0.77
629,4017.0,0.77
630,4017.0,0.77
631,4017.0,0.77
632,4017.0,0.77
633,4017.0,0.77
634,4017.0,0.77
635,4017.0,0.77
636,4017.0,0.77
637,4017.0,0.77
638,4017.0,0.77
639,4017.0,0.77
640,4017.0,0.77
641,4017.0,0.77
642,4017.0,0.77
643,4017.0,0.77
644,4017.0,0.77
645,4017.0,0.77
646,4017.0,0.77
647,4017.0,0.77
648,4017.0,0.77
649,4017.0,0.77
650,4017.0,0.77
651,4017.0,0.77
652,4017.0,0.77
653,4017.0,0.77
654,4017.0,0.77
655,4017.0,0.77
656,4017.0,0.77
657,4017.0,0.77
658,4017.0,0.77
659,4017.0,0.77
660,4017.0,0.77
661,4017.0,0.77
662,4017.0,0.77
663,4017.0,0.77
664,4017.0,0.77
665,4017.0,0.77
666,4017.0,0.77
667,4017.0,0.77
668,4017.0,0.77
669,4017.0,0.77
670,4017.0,0.77
671,4017.0,0.77
672,4017.0,0.77
673,4017.0,0.77
674,4017.0,0.77
675,4006.0,0.76
676,4006.0,0.76
677,4006.0,0.76
678,4006.0,0.76
679,4006.0,0.76
680,4006.0,0.76
681,4006.0,0.76
682,4006.0,0.76
683,4006.0,0.76
684,4006.0,0.76
685,4006.0,0.76
686,4006.0,0.76
687,4006.0,0.76
688,4006.0,0.76
689,4006.0,0.76
690,4006.0,0.76
691,4006.0,0.76
692,4006.0,0.76
693,4006.0,0.76
694,4006.0,0.76
695,4006.0,0.76
696,4006.0,0.76
697,4006.0,0.76
698,4006.0,0.76
699,4006.0,0.76
700,4006.0,0.76
701,4006.0,0.76
702,4006.0,0.76
703,4006.0,0.76
704,4006.0,0.76
705,4006.0,0.76
706,4006.0,0.76
707,4006.0,0.76
708,4006.0,0.76
709,4006.0,0.76
710,4006.0,0.76
711,4006.0,0.76
712,4006.0,0.76
713,4006.0,0.76
714,4006.0,0.76
715,4006.0,0.76
716,4006.0,0.76
717,4006.0,0.76
718,4006.0,0.76
719,4006.0,0.76
720,4006.0,0.76
721,4006.0,0.76
722,4006.0,0.76
723,4006.0,0.76
724,4006.0,0.76
725,4006.0,0.76
726,4006.0,0.76
727,4006.0,0.76
728,4006.0,0.76
729,4006.0,0.76
730,4006.0,0.76
731,4006.0,0.76
732,4000.0,0.76
733,4000.0,0.76
734,4000.0,0.76
735,4000.0,0.76
736,4000.0,0.76
737,4000.0,0.76
738,4000.0,0.76
739,4000.0,0.76
740,4000.0,0.76
741,4000.0,0.76
742,4000.0,0.76
743,4000.0,0.76
744,4000.0,0.76
745,4000.0,0.76
746,4000.0,0.76
747,4000.0,0.76
748,4000.0,0.76
749,4000.0,0.76
750,4000.0,0.76
751,4000.0,0.76
752,4000.0,0.76
753,4000.0,0.76
754,4000.0,0.76
755,4000.0,0.76
756,4000.0,0.76
757,4000.0,0.76
758,4000.0,0.76
759,4000.0,0.76
760,4000.0,0.76
761,4000.0,0.76
762,4000.0,0.76
763,4000.0,0.76
764,4000.0,0.76
765,4000.0,0.76
766,4000.0,0.76
767,4000.0,0.76
768,4000.0,0.76
769,4000.0,0.76
770,4000.0,0.76
771,4000.0,0.76
772,4000.0,0.76
773,4000.0,0.76
774,4000.0,0.76
775,4000.0,0.76
776,4000.0,0.76
777,4000.0,0.76
778,4000.0,0.76
779,4000.0,0.76
780,4000.0,0.76
781,4000.0,0.76
782,4000.0,0.76
783,4000.0,0.76
784,4000.0,0.76
785,4000.0,0.76
786,4000.0,0.76
787,4000.0,0.76
788,4000.0,0.76
789,4000.0,0.76
790,4000.0,0.76
791,4000.0,0.76
792,4003.0,0.76
793,4003.0,0.76
794,4003.0,0.76
795,4003.0,0.76
796,4003.0,0.76
797,4003.0,0.76
798,4003.0,0.76
799,4003.0,0.76
800,4003.0,0.76
801,4003.0,0.76
802,4003.0,0.76
803,4003.0,0.76
804,4003.0,0.76
805,4003.0,0.76
806,4003.0,0.76
807,4003.0,0.76
808,4003.0,0.76
809,4003.0,0.76
810,4003.0,0.76
811,4003.0,0.76
812,4003.0,0.76
813,4003.0,0.76
814,4003.0,0.76
815,4003.0,0.76
816,4003.0,0.76
817,4003.0,0.76
818,4003.0,0.76
819,4003.0,0.76
820,4003.0,0.76
821,4003.0,0.76
822,4003.0,0.76
823,4003.0,0.76
824,4003.0,0.76
825,4003.0,0.76
826,4003.0,0.76
827,4003.0,0.76
828,4003.0,0.76
829,4003.0,0.76
830,4003.0,0.76
831,4003.0,0.76
832,4003.0,0.76
833,4003.0,0.76
834,4003.0,0.76
835,4003.0,0.76
836,4003.0,0.76
837,4003.0,0.76
838,4003.0,0.76
839,4003.0,0.76
840,4003.0,0.76
841,4003.0,0.76
842,4003.0,0.76
843,4003.0,0.76
844,4003.0,0.76
845,4003.0,0.76
846,4003.0,0.76
847,4003.0,0.76
848,4003.0,0.76
849,4003.0,0.76
850,3996.0,0.75
851,3996.0,0.75
852,3996.0,0.75
853,3996.0,0.75
854,3996.0,0.75
855,3996.0,0.75
856,3996.0,0.75
857,3996.0,0.75
858,3996.0,0.75
859,3996.0,0.75
860,3996.0,0.75
861,3996.0,0.75
862,3996.0,0.75
863,3996.0,0.75
864,3996.0,0.75
865,3996.0,0.75
866,3996.0,0.75
867,3996.0,0.75
868,3996.0,0.75
869,3996.0,0.75
870,3996.0,0.75
871,3996.0,0.75
872,3996.0,0.75
873,3996.0,0.75
874,3996.0,0.75
875,3996.0,0.75
876,3996.0,0.75
877,3996.0,0.75
878,3996.0,0.75
879,3996.0,0.75
880,3996.0,0.75
881,3996.0,0.75
882,3996.0,0.75
883,3996.0,0.75
884,3996.0,0.75
885,3996.0,0.75
886,3996.0,0.75
887,3996.0,0.75
888,3996.0,0.75
889,3996.0,0.75
890,3996.0,0.75
891,3996.0,0.75
892,3996.0,0.75
893,3996.0,0.75
894,3996.0,0.75
895,3996.0,0.75
896,3996.0,0.75
897,3996.0,0.75
898,3996.0,0.75
899,3996.0,0.75
900,3996.0,0.75
901,3996.0,0.75
902,3996.0,0.75
903,3996.0,0.75
904,3996.0,0.75
905,3996.0,0.75
906,3987.0,0.75
907,3987.0,0.75
908,3987.0,0.75
909,3987.0,0.75
910,3987.0,0.75
911,3987.0,0.75
912,3987.0,0.75
913,3987.0,0.75
914,3987.0,0.75
915,3987.0,0.75
916,3987.0,0.75
917,3987.0,0.75
918,3987.0,0.75
919,3987.0,0.75
920,3987.0,0.75
921,3987.0,0.75
922,3987.0,0.75
923,3987.0,0.75
924,3987.0,0.75
925,3987.0,0.75
926,3987.0,0.75
927,3987.0,0.75
928,3987.0,0.75
929,3987.0,0.75
930,3987.0,0.75
931,3987.0,0.75
932,3987.0,0.75
933,3987.0,0.75
934,3987.0,0.75
935,3987.0,0.75
936,3987.0,0.75
937,3987.0,0.75
938,3987.0,0.75
939,3987.0,0.75
940,3987.0,0.75
941,3987.0,0.75
942,3987.0,0.75
943,3987.0,0.75
944,3987.0,0.75
945,3987.0,0.75
946,3987.0,0.75
947,3987.0,0.75
948,3987.0,0.75
949,3987.0,0.75
950,3987.0,0.75
951,3987.0,0.75
952,3987.0,0.75
953,3987.0,0.75
954,3987.0,0.75
955,3987.0,0.75
956,3987.0,0.75
957,3987.0,0.75
958,3987.0,0.75
959,3987.0,0.75
960,3987.0,0.75
961,3987.0,0.75
962,3987.0,0.75
963,3992.0,0.75
964,3992.0,0.75
965,3992.0,0.75
966,3992.0,0.75
967,3992.0,0.75
968,3992.0,0.75
969,3992.0,0.75
970,3992.0,0.75
971,3992.0,0.75
972,3992.0,0.75
973,3992.0,0.75
974,3992.0,0.75
975,3992.0,0.75
976,3992.0,0.75
977,3992.0,0.75
978,3992.0,0.75
979,3992.0,0.75
980,3992.0,0.75
981,3992.0,0.75
982,3992.0,0.75
983,3992.0,0.75
984,3992.0,0.75
985,3992.0,0.75
986,3992.0,0.75
987,3992.0,0.75
988,3992.0,0.75
989,3992.0,0.75
990,3992.0,0.75
991,3992.0,0.75
992,3992.0,0.75
993,3992.0,0.75
994,3992.0,0.75
995,3992.0,0.75
996,3992.0,0.75
997,3992.0,0.75
998,3992.0,0.75
999,3992.0,0.75
1000,3992.0,0.75
1001,3992.0,0.75
1002,3992.0,0.75
1003,3992.0,0.75
1004,3992.0,0.75
1005,3992.0,0.75
1006,3992.0,0.75
1007,3992.0,0.75
1008,3992.0,0.75
1009,3992.0,0.75
1010,3992.0,0.75
1011,3992.0,0.75
1012,3992.0,0.75
1013,3992.0,0.75
1014,3992.0,0.75
1015,3992.0,0.75
1016,3992.0,0.75
1017,3992.0,0.75
1018,3992.0,0.75
1019,3992.0,0.75
1020,3992.0,0.75
1021,3992.0,0.75
1022,3989.0,0.75
1023,3989.0,0.75
1024,3989.0,0.75
1025,3989.0,0.75
1026,3989.0,0.75
1027,3989.0,0.75
1028,3989.0,0.75
1029,3989.0,0.75
1030,3989.0,0.75
1031,3989.0,0.75
1032,3989.0,0.75
1033,3989.0,0.75
1034,3989.0,0.75
1035,3989.0,0.75
1036,3989.0,0.75
1037,3989.0,0.75
1038,3989.0,0.75
1039,3989.0,0.75
1040,3989.0,0.75
1041,3989.0,0.75
1042,3989.0,0.75
1043,3989.0,0.75
1044,3989.0,0.75
1045,3989.0,0.75
1046,3989.0,0.75
1047,3989.0,0.75
1048,3989.0,0.75
1049,3989.0,0.75
1050,3989.0,0.75
1051,3989.0,0.75
1052,3989.0,0.75
1053,3989.0,0.75
1054,3989.0,0.75
1055,3989.0,0.75
1056,3989.0,0.75
1057,3989.0,0.75
1058,3989.0,0.75
1059,3989.0,0.75
1060,3989.0,0.75
1061,3989.0,0.75
1062,3989.0,0.75
1063,3989.0,0.75
1064,3989.0,0.75
1065,3989.0,0.75
1066,3989.0,0.75
1067,3989.0,0.75
1068,3989.0,0.75
1069,3989.0,0.75
1070,3989.0,0.75
1071,3989.0,0.75
1072,3989.0,0.75
1073,3989.0,0.75
1074,3989.0,0.75
1075,3989.0,0.75
1076,3989.0,0.75
1077,3989.0,0.75
1078,3989.0,0.75
1079,3989.0,0.75
1080,3989.0,0.75
1081,3986.0,0.75
1082,3986.0,0.75
1083,3986.0,0.75
1084,3986.0,0.75
1085,3986.0,0.75
1086,3986.0,0.75
1087,3986.0,0.75
1088,3986.0,0.75
1089,3986.0,0.75
1090,3986.0,0.75
1091,3986.0,0.75
1092,3986.0,0.75
1093,3986.0,0.75
1094,3986.0,0.75
1095,3986.0,0.75
1096,3986.0,0.74
1097,3986.0,0.74
1098,3986.0,0.74
1099,3986.0,0.74
1100,3986.0,0.74
1101,3986.0,0.74
1102,3986.0,0.74
1103,3986.0,0.74
1104,3986.0,0.74
1105,3986.0,0.74
1106,3986.0,0.74
1107,3986.0,0.74
1108,3986.0,0.74
1109,3986.0,0.74
1110,3986.0,0.74
1111,3986.0,0.74
1112,3986.0,0.74
1113,3986.0,0.74
1114,3986.0,0.74
1115,3986.0,0.74
1116,3986.0,0.74
1117,3986.0,0.74
1118,3986.0,0.74
1119,3986.0,0.74
1120,3986.0,0.74
1121,3986.0,0.74
1122,3986.0,0.74
1123,3986.0,0.74
1124,3986.0,0.74
1125,3986.0,0.74
1126,3986.0,0.74
1127,3986.0,0.74
1128,3986.0,0.74
1129,3986.0,0.74
1130,3986.0,0.74
1131,3986.0,0.74
1132,3986.0,0.74
1133,3986.0,0.74
1134,3986.0,0.74
1135,3986.0,0.74
1136,3986.0,0.74
1137,3986.0,0.74
1138,3986.0,0.74
1139,3986.0,0.74
1140,3985.0,0.74
1141,3985.0,0.74
1142,3985.0,0.74
1143,3985.0,0.74
1144,3985.0,0.74
1145,3985.0,0.74
1146,3985.0,0.74
1147,3985.0,0.74
1148,3985.0,0.74
1149,3985.0,0.74
1150,3985.0,0.74
1151,3985.0,0.74
1152,3985.0,0.74
1153,3985.0,0.74
1154,3985.0,0.74
1155,3985.0,0.74
1156,3985.0,0.74
1157,3985.0,0.74
1158,3985.0,0.74
1159,3985.0,0.74
1160,3985.0,0.74
1161,3985.0,0.74
1162,3985.0,0.74
1163,3985.0,0.74
1164,3985.0,0.74
1165,3985.0,0.74
1166,3985.0,0.74
1167,3985.0,0.74
1168,3980.0,0.74
1169,3980.0,0.74
1170,3980.0,0.74
1171,3980.0,0.74
1172,3980.0,0.74
1173,3980.0,0.74
1174,3980.0,0.74
1175,3980.0,0.74
1176,3980.0,0.74
1177,3980.0,0.74
1178,3980.0,0.74
1179,3980.0,0.74
1180,3980.0,0.74
1181,3980.0,0.74
1182,3980.0,0.74
1183,3980.0,0.74
1184,3980.0,0.74
1185,3980.0,0.74
1186,3980.0,0.74
1187,3980.0,0.74
1188,3980.0,0.74
1189,3980.0,0.74
1190,3980.0,0.74
1191,3980.0,0.74
1192,3980.0,0.74
1193,3980.0,0.74
1194,3980.0,0.74
1195,3980.0,0.74
1196,3980.0,0.74
1197,3980.0,0.74
1198,3990.0,0.74
1199,3990.0,0.74
1200,3990.0,0.74
1201,3990.0,0.74
1202,3990.0,0.74
1203,3990.0,0.74
1204,3990.0,0.74
1205,3990.0,0.74
1206,3990.0,0.74
1207,3990.0,0.74
1208,3990.0,0.74
1209,3990.0,0.74
1210,3990.0,0.74
1211,3990.0,0.74
1212,3990.0,0.74
1213,3990.0,0.74
1214,3990.0,0.74
1215,3990.0,0.74
1216,3990.0,0.74
1217,3990.0,0.74
1218,3990.0,0.74
1219,3990.0,0.74
1220,3990.0,0.74
1221,3990.0,0.74
1222,3990.0,0.74
1223,3990.0,0.74
1224,3990.0,0.74
1225,3990.0,0.74
1226,3990.0,0.74
1227,3990.0,0.74
1228,3990.0,0.74
1229,3990.0,0.74
1230,3990.0,0.74
1231,3990.0,0.74
1232,3990.0,0.74
1233,3990.0,0.74
1234,3990.0,0.74
1235,3990.0,0.74
1236,3990.0,0.74
1237,3990.0,0.74
1238,3990.0,0.74
1239,3990.0,0.74
1240,3990.0,0.74
1241,3990.0,0.74
1242,3990.0,0.74
1243,3990.0,0.74
1244,3990.0,0.74
1245,3990.0,0.74
1246,3990.0,0.74
1247,3990.0,0.74
1248,3990.0,0.74
1249,3990.0,0.74
1250,3990.0,0.74
1251,3990.0,0.74
1252,3990.0,0.74
1253,3990.0,0.74
1254,3990.0,0.74
1255,3990.0,0.74
1256,3990.0,0.74
1257,3970.0,0.74
1258,3970.0,0.74
1259,3970.0,0.74
1260,3970.0,0.74
1261,3970.0,0.74
1262,3970.0,0.74
1263,3970.0,0.74
1264,3970.0,0.74
1265,3970.0,0.74
1266,3970.0,0.74
1267,3970.0,0.74
1268,3970.0,0.74
1269,3970.0,0.74
1270,3970.0,0.74
1271,3970.0,0.74
1272,3970.0,0.74
1273,3970.0,0.74
1274,3970.0,0.74
1275,3970.0,0.74
1276,3970.0,0.74
1277,3970.0,0.74
1278,3970.0,0.74
1279,3970.0,0.74
1280,3970.0,0.74
1281,3970.0,0.74
1282,3970.0,0.74
1283,3970.0,0.74
1284,3970.0,0.74
1285,3970.0,0.74
1286,3970.0,0.74
1287,3970.0,0.74
1288,3970.0,0.74
1289,3970.0,0.74
1290,3970.0,0.74
1291,3970.0,0.74
1292,3970.0,0.74
1293,3970.0,0.74
1294,3970.0,0.74
1295,3970.0,0.74
1296,3970.0,0.74
1297,3970.0,0.74
1298,3970.0,0.74
1299,3970.0,0.74
1300,3970.0,0.74
1301,3970.0,0.74
1302,3970.0,0.74
1303,3970.0,0.74
1304,3970.0,0.74
1305,3970.0,0.74
1306,3970.0,0.74
1307,3970.0,0.74
1308,3970.0,0.74
1309,3970.0,0.74
1310,3970.0,0.74
1311,3970.0,0.74
1312,3970.0,0.74
1313,3970.0,0.74
1314,3973.0,0.73
1315,3973.0,0.73
1316,3973.0,0.73
1317,3973.0,0.73
1318,3973.0,0.73
1319,3973.0,0.73
1320,3973.0,0.73
1321,3973.0,0.73
1322,3973.0,0.73
1323,3973.0,0.73
1324,3973.0,0.73
1325,3973.0,0.73
1326,3973.0,0.73
1327,3973.0,0.73
1328,3973.0,0.73
1329,3973.0,0.73
1330,3973.0,0.73
1331,3973.0,0.73
1332,3973.0,0.73
1333,3973.0,0.73
1334,3973.0,0.73
1335,3973.0,0.73
1336,3973.0,0.73
1337,3973.0,0.73
1338,3973.0,0.73
1339,3973.0,0.73
1340,3973.0,0.73
1341,3973.0,0.73
1342,3973.0,0.73
1343,3973.0,0.73
1344,3973.0,0.73
1345,3973.0,0.73
1346,3973.0,0.73
1347,3973.0,0.73
1348,3973.0,0.73
1349,3973.0,0.73
1350,3973.0,0.73
1351,3973.0,0.73
1352,3973.0,0.73
1353,3973.0,0.73
1354,3973.0,0.73
1355,3973.0,0.73
1356,3973.0,0.73
1357,3973.0,0.73
1358,3973.0,0.73
1359,3973.0,0.73
1360,3973.0,0.73
1361,3973.0,0.73
1362,3973.0,0.73
1363,3973.0,0.73
1364,3973.0,0.73
1365,3973.0,0.73
1366,3973.0,0.73
1367,3973.0,0.73
1368,3973.0,0.73
1369,3973.0,0.73
1370,3973.0,0.73
1371,3973.0,0.73
1372,3967.0,0.73
1373,3967.0,0.73
1374,3967.0,0.73
1375,3967.0,0.73
1376,3967.0,0.73
1377,3967.0,0.73
1378,3967.0,0.73
1379,3967.0,0.73
1380,3967.0,0.73
1381,3967.0,0.73
1382,3967.0,0.73
1383,3967.0,0.73
1384,3967.0,0.73
1385,3967.0,0.73
1386,3967.0,0.73
1387,3967.0,0.73
1388,3967.0,0.73
1389,3967.0,0.73
1390,3967.0,0.73
1391,3967.0,0.73
1392,3967.0,0.73
1393,3967.0,0.73
1394,3967.0,0.73
1395,3967.0,0.73
1396,3967.0,0.73
1397,3967.0,0.73
1398,3967.0,0.73
1399,3967.0,0.73
1400,3967.0,0.73
1401,3967.0,0.73
1402,3967.0,0.73
1403,3967.0,0.73
1404,3967.0,0.73
1405,3967.0,0.73
1406,3967.0,0.73
1407,3967.0,0.73
1408,3967.0,0.73
1409,3967.0,0.73
1410,3967.0,0.73
1411,3967.0,0.73
1412,3967.0,0.73
1413,3967.0,0.73
1414,3967.0,0.73
1415,3967.0,0.73
1416,3967.0,0.73
1417,3967.0,0.73
1418,3967.0,0.73
1419,3967.0,0.73
1420,3967.0,0.73
1421,3967.0,0.73
1422,3967.0,0.73
1423,3967.0,0.73
1424,3967.0,0.73
1425,3967.0,0.73
1426,3967.0,0.73
1427,3967.0,0.73
1428,3967.0,0.73
1429,3953.0,0.73
1430,3953.0,0.73
1431,3953.0,0.73
1432,3953.0,0.73
1433,3953.0,0.73
1434,3953.0,0.73
1435,3953.0,0.73
1436,3953.0,0.73
1437,3953.0,0.73
1438,3953.0,0.73
1439,3953.0,0.73
1440,3953.0,0.73
1441,3953.0,0.73
1442,3953.0,0.73
1443,3953.0,0.73
1444,3953.0,0.73
1445,3953.0,0.73
1446,3953.0,0.73
1447,3953.0,0.73
1448,3953.0,0.73
1449,3953.0,0.73
1450,3953.0,0.73
1451,3953.0,0.73
1452,3953.0,0.73
1453,3953.0,0.73
1454,3953.0,0.73
1455,3953.0,0.73
1456,3953.0,0.73
1457,3953.0,0.73
1458,3953.0,0.73
1459,3953.0,0.73
1460,3953.0,0.73
1461,3953.0,0.73
1462,3953.0,0.73
1463,3953.0,0.73
1464,3953.0,0.73
1465,3953.0,0.73
1466,3953.0,0.73
1467,3953.0,0.73
1468,3953.0,0.73
1469,3953.0,0.73
1470,3953.0,0.73
1471,3953.0,0.73
1472,3953.0,0.73
1473,3953.0,0.73
1474,3953.0,0.73
1475,3953.0,0.73
1476,3953.0,0.73
1477,3953.0,0.73
1478,3953.0,0.73
1479,3953.0,0.73
1480,3953.0,0.73
1481,3953.0,0.73
1482,3953.0,0.73
1483,3953.0,0.73
1484,3953.0,0.73
1485,3953.0,0.73
1486,3953.0,0.73
1487,3961.0,0.73
1488,3961.0,0.73
1489,3961.0,0.73
1490,3961.0,0.73
1491,3961.0,0.73
1492,3961.0,0.73
1493,3961.0,0.73
1494,3961.0,0.73
1495,3961.0,0.73
1496,3961.0,0.73
1497,3961.0,0.73
1498,3961.0,0.73
1499,3961.0,0.73
1500,3961.0,0.73
1501,3961.0,0.73
1502,3961.0,0.73
1503,3961.0,0.73
1504,3961.0,0.73
1505,3961.0,0.73
1506,3961.0,0.73
1507,3961.0,0.73
1508,3961.0,0.73
1509,3961.0,0.73
1510,3961.0,0.73
1511,3961.0,0.73
1512,3961.0,0.73
1513,3961.0,0.73
1514,3961.0,0.73
1515,3961.0,0.73
1516,3961.0,0.73
1517,3961.0,0.73
1518,3961.0,0.73
1519,3961.0,0.73
1520,3961.0,0.73
1521,3961.0,0.73
1522,3961.0,0.73
1523,3961.0,0.73
1524,3961.0,0.73
1525,3961.0,0.73
1526,3961.0,0.73
1527,3961.0,0.73
1528,3961.0,0.73
1529,3961.0,0.73
1530,3961.0,0.73
1531,3961.0,0.73
1532,3961.0,0.73
1533,3961.0,0.73
1534,3961.0,0.73
1535,3961.0,0.73
1536,3961.0,0.73
1537,3961.0,0.73
1538,3961.0,0.73
1539,3961.0,0.73
1540,3961.0,0.73
1541,3961.0,0.73
1542,3961.0,0.73
1543,3961.0,0.73
1544,3961.0,0.73
1545,3961.0,0.73
1546,3961.0,0.73
1547,3956.0,0.72
1548,3956.0,0.72
1549,3956.0,0.72
1550,3956.0,0.72
1551,3956.0,0.72
1552,3956.0,0.72
1553,3956.0,0.72
1554,3956.0,0.72
1555,3956.0,0.72
1556,3956.0,0.72
1557,3956.0,0.72
1558,3956.0,0.72
1559,3956.0,0.72
1560,3956.0,0.72
1561,3956.0,0.72
1562,3956.0,0.72
1563,3956.0,0.72
1564,3956.0,0.72
1565,3956.0,0.72
1566,3956.0,0.72
1567,3956.0,0.72
1568,3956.0,0.72
1569,3956.0,0.72
1570,3956.0,0.72
1571,3956.0,0.72
1572,3956.0,0.72
1573,3956.0,0.72
1574,3956.0,0.72
1575,3956.0,0.72
1576,3956.0,0.72
1577,3956.0,0.72
1578,3956.0,0.72
1579,3956.0,0.72
1580,3956.0,0.72
1581,3956.0,0.72
1582,3956.0,0.72
1583,3956.0,0.72
1584,3956.0,0.72
1585,3956.0,0.72
1586,3956.0,0.72
1587,3956.0,0.72
1588,3956.0,0.72
1589,3956.0,0.72
1590,3956.0,0.72
1591,3956.0,0.72
1592,3956.0,0.72
1593,3956.0,0.72
1594,3956.0,0.72
1595,3956.0,0.72
1596,3956.0,0.72
1597,3956.0,0.72
1598,3956.0,0.72
1599,3956.0,0.72
1600,3956.0,0.72
1601,3956.0,0.72
1602,3956.0,0.72
1603,3956.0,0.72
1604,3954.0,0.72
1605,3954.0,0.72
1606,3954.0,0.72
1607,3954.0,0.72
1608,3954.0,0.72
1609,3954.0,0.72
1610,3954.0,0.72
1611,3954.0,0.72
1612,3954.0,0.72
1613,3954.0,0.72
1614,3954.0,0.72
1615,3954.0,0.72
1616,3954.0,0.72
1617,3954.0,0.72
1618,3954.0,0.72
1619,3954.0,0.72
1620,3954.0,0.72
1621,3954.0,0.72
1622,3954.0,0.72
1623,3954.0,0.72
1624,3954.0,0.72
1625,3954.0,0.72
1626,3954.0,0.72
1627,3954.0,0.72
1628,3954.0,0.72
1629,3954.0,0.72
1630,3954.0,0.72
1631,3954.0,0.72
1632,3954.0,0.72
1633,3954.0,0.72
1634,3954.0,0.72
1635,3954.0,0.72
1636,3954.0,0.72
1637,3954.0,0.72
1638,3954.0,0.72
1639,3954.0,0.72
1640,3954.0,0.72
1641,3954.0,0.72
1642,3954.0,0.72
1643,3954.0,0.72
1644,3954.0,0.72
1645,3954.0,0.72
1646,3954.0,0.72
1647,3954.0,0.72
1648,3954.0,0.72
1649,3954.0,0.72
1650,3954.0,0.72
1651,3954.0,0.72
1652,3954.0,0.72
1653,3954.0,0.72
1654,3954.0,0.72
1655,3954.0,0.72
1656,3954.0,0.72
1657,3954.0,0.72
1658,3954.0,0.72
1659,3954.0,0.72
1660,3954.0,0.72
1661,3954.0,0.72
1662,3954.0,0.72
1663,3954.0,0.72
1664,3953.0,0.72
1665,3953.0,0.72
1666,3953.0,0.72
1667,3953.0,0.72
1668,3953.0,0.72
1669,3953.0,0.72
1670,3953.0,0.72
1671,3953.0,0.72
1672,3953.0,0.72
1673,3953.0,0.72
1674,3953.0,0.72
1675,3953.0,0.72
1676,3953.0,0.72
1677,3953.0,0.72
1678,3953.0,0.72
1679,3953.0,0.72
1680,3953.0,0.72
1681,3953.0,0.72
1682,3953.0,0.72
1683,3953.0,0.72
1684,3953.0,0.72
1685,3953.0,0.72
1686,3953.0,0.72
1687,3953.0,0.72
1688,3953.0,0.72
1689,3953.0,0.72
1690,3953.0,0.72
1691,3953.0,0.72
1692,3953.0,0.72
1693,3953.0,0.72
1694,3953.0,0.72
1695,3953.0,0.72
1696,3953.0,0.72
1697,3953.0,0.72
1698,3953.0,0.72
1699,3953.0,0.72
1700,3953.0,0.72
1701,3953.0,0.72
1702,3953.0,0.72
1703,3953.0,0.72
1704,3953.0,0.72
1705,3953.0,0.72
1706,3953.0,0.72
1707,3953.0,0.72
1708,3953.0,0.72
1709,3953.0,0.72
1710,3953.0,0.72
1711,3953.0,0.72
1712,3953.0,0.72
1713,3953.0,0.72
1714,3953.0,0.72
1715,3953.0,0.72
1716,3953.0,0.72
1717,3953.0,0.72
1718,3953.0,0.72
1719,3953.0,0.72
1720,3953.0,0.72
1721,3953.0,0.72
1722,3953.0,0.72
1723,3950.0,0.71
1724,3950.0,0.71
1725,3950.0,0.71
1726,3950.0,0.71
1727,3950.0,0.71
1728,3950.0,0.71
1729,3950.0,0.71
1730,3950.0,0.71
1731,3950.0,0.71
1732,3950.0,0.71
1733,3950.0,0.71
1734,3950.0,0.71
1735,3950.0,0.71
1736,3950.0,0.71
1737,3950.0,0.71
1738,3950.0,0.71
1739,3950.0,0.71
1740,3950.0,0.71
1741,3950.0,0.71
1742,3950.0,0.71
1743,3950.0,0.71
1744,3950.0,0.71
1745,3950.0,0.71
1746,3950.0,0.71
1747,3950.0,0.71
1748,3950.0,0.71
1749,3950.0,0.71
1750,3950.0,0.71
1751,3950.0,0.71
1752,3950.0,0.71
1753,3950.0,0.71
1754,3950.0,0.71
1755,3950.0,0.71
1756,3950.0,0.71
1757,3950.0,0.71
1758,3950.0,0.71
1759,3950.0,0.71
1760,3950.0,0.71
1761,3950.0,0.71
1762,3950.0,0.71
1763,3950.0,0.71
1764,3950.0,0.71
1765,3950.0,0.71
1766,3950.0,0.71
1767,3950.0,0.71
1768,3950.0,0.71
1769,3950.0,0.71
1770,3950.0,0.71
1771,3950.0,0.71
1772,3950.0,0.71
1773,3950.0,0.71
1774,3950.0,0.71
1775,3950.0,0.71
1776,3950.0,0.71
1777,3950.0,0.71
1778,3950.0,0.71
1779,3950.0,0.71
1780,3950.0,0.71
1781,3950.0,0.71
1782,3950.0,0.71
1783,3949.0,0.71
1784,3949.0,0.71
1785,3949.0,0.71
1786,3949.0,0.71
1787,3949.0,0.71
1788,3949.0,0.71
1789,3949.0,0.71
1790,3949.0,0.71
1791,3949.0,0.71
1792,3949.0,0.71
1793,3949.0,0.71
1794,3949.0,0.71
1795,3949.0,0.71
1796,3949.0,0.71
1797,3949.0,0.71
1798,3949.0,0.71
1799,3949.0,0.71
1800,3949.0,0.71
1801,3949.0,0.71
1802,3949.0,0.71
1803,3949.0,0.71
1804,3949.0,0.71
1805,3949.0,0.71
1806,3949.0,0.71
1807,3949.0,0.71
1808,3949.0,0.71
1809,3949.0,0.71
1810,3949.0,0.71
1811,3949.0,0.71
1812,3949.0,0.71
1813,3949.0,0.71
1814,3949.0,0.71
1815,3949.0,0.71
1816,3949.0,0.71
1817,3949.0,0.71
1818,3949.0,0.71
1819,3949.0,0.71
1820,3949.0,0.71
1821,3949.0,0.71
1822,3949.0,0.71
1823,3949.0,0.71
1824,3949.0,0.71
1825,3949.0,0.71
1826,3949.0,0.71
1827,3949.0,0.71
1828,3949.0,0.71
1829,3949.0,0.71
1830,3949.0,0.71
1831,3949.0,0.71
1832,3949.0,0.71
1833,3949.0,0.71
1834,3949.0,0.71
1835,3949.0,0.71
1836,3949.0,0.71
1837,3949.0,0.71
1838,3949.0,0.71
1839,3949.0,0.71
1840,3943.0,0.71
1841,3943.0,0.71
1842,3943.0,0.71
1843,3943.0,0.71
1844,3943.0,0.71
1845,3943.0,0.71
1846,3943.0,0.71
1847,3943.0,0.71
1848,3943.0,0.71
1849,3943.0,0.71
1850,3943.0,0.71
1851,3943.0,0.71
1852,3943.0,0.71
1853,3943.0,0.71
1854,3943.0,0.71
1855,3943.0,0.71
1856,3943.0,0.71
1857,3943.0,0.71
1858,3943.0,0.71
1859,3943.0,0.71
1860,3943.0,0.71
1861,3943.0,0.71
1862,3943.0,0.71
1863,3943.0,0.71
1864,3943.0,0.71
1865,3943.0,0.71
1866,3943.0,0.71
1867,3943.0,0.71
1868,3943.0,0.71
1869,3943.0,0.71
1870,3943.0,0.71
1871,3943.0,0.71
1872,3943.0,0.71
1873,3943.0,0.71
1874,3943.0,0.71
1875,3943.0,0.71
1876,3943.0,0.71
1877,3943.0,0.71
1878,3943.0,0.71
1879,3943.0,0.71
1880,3943.0,0.71
1881,3943.0,0.71
1882,3943.0,0.71
1883,3943.0,0.71
1884,3943.0,0.71
1885,3943.0,0.71
1886,3943.0,0.71
1887,3943.0,0.71
1888,3943.0,0.71
1889,3943.0,0.71
1890,3943.0,0.71
1891,3943.0,0.71
1892,3943.0,0.71
1893,3943.0,0.71
1894,3943.0,0.71
1895,3943.0,0.71
1896,3943.0,0.71
1897,3943.0,0.71
1898,3943.0,0.71
1899,3897.0,0.71
1900,3897.0,0.71
1901,3897.0,0.71
1902,3897.0,0.71
1903,3897.0,0.71
1904,3897.0,0.71
1905,3897.0,0.71
1906,3897.0,0.71
1907,3897.0,0.71
1908,3897.0,0.71
1909,3897.0,0.71
1910,3897.0,0.71
1911,3897.0,0.71
1912,3897.0,0.71
1913,3897.0,0.71
1914,3897.0,0.71
1915,3897.0,0.71
1916,3897.0,0.71
1917,3897.0,0.71
1918,3897.0,0.71
1919,3897.0,0.71
1920,3897.0,0.71
1921,3897.0,0.71
1922,3897.0,0.71
1923,3897.0,0.71
1924,3897.0,0.71
1925,3897.0,0.71
1926,3897.0,0.71
1927,3897.0,0.71
1928,3897.0,0.71
1929,3897.0,0.71
1930,3897.0,0.71
1931,3897.0,0.71
1932,3897.0,0.71
1933,3897.0,0.71
1934,3897.0,0.71
1935,3897.0,0.71
1936,3897.0,0.71
1937,3897.0,0.71
1938,3897.0,0.71
1939,3897.0,0.71
1940,3897.0,0.71
1941,3897.0,0.71
1942,3897.0,0.71
1943,3897.0,0.71
1944,3897.0,0.71
1945,3897.0,0.71
1946,3897.0,0.71
1947,3897.0,0.71
1948,3897.0,0.71
1949,3897.0,0.71
1950,3897.0,0.71
1951,3897.0,0.71
1952,3897.0,0.71
1953,3897.0,0.71
1954,3897.0,0.71
1955,3897.0,0.71
1956,3897.0,0.71
1957,3897.0,0.71
1958,3941.0,0.7
1959,3941.0,0.7
1960,3941.0,0.7
1961,3941.0,0.7
1962,3941.0,0.7
1963,3941.0,0.7
1964,3941.0,0.7
1965,3941.0,0.7
1966,3941.0,0.7
1967,3941.0,0.7
1968,3941.0,0.7
1969,3941.0,0.7
1970,3941.0,0.7
1971,3941.0,0.7
1972,3941.0,0.7
1973,3941.0,0.7
1974,3941.0,0.7
1975,3941.0,0.7
1976,3941.0,0.7
1977,3941.0,0.7
1978,3941.0,0.7
1979,3941.0,0.7
1980,3941.0,0.7
1981,3941.0,0.7
1982,3941.0,0.7
1983,3941.0,0.7
1984,3941.0,0.7
1985,3941.0,0.7
1986,3941.0,0.7
1987,3941.0,0.7
1988,3941.0,0.7
1989,3941.0,0.7
1990,3941.0,0.7
1991,3941.0,0.7
1992,3941.0,0.7
1993,3941.0,0.7
1994,3941.0,0.7
1995,3941.0,0.7
1996,3941.0,0.7
1997,3941.0,0.7
1998,3941.0,0.7
1999,3941.0,0.7
2000,3941.0,0.7
2001,3941.0,0.7
2002,3941.0,0.7
2003,3941.0,0.7
2004,3941.0,0.7
2005,3941.0,0.7
2006,3941.0,0.7
2007,3941.0,0.7
2008,3941.0,0.7
2009,3941.0,0.7
2010,3941.0,0.7
2011,3941.0,0.7
2012,3941.0,0.7
2013,3941.0,0.7
2014,3941.0,0.7
2015,3934.0,0.7
2016,3934.0,0.7
2017,3934.0,0.7
2018,3934.0,0.7
2019,3934.0,0.7
2020,3934.0,0.7
2021,3934.0,0.7
2022,3934.0,0.7
2023,3934.0,0.7
2024,3934.0,0.7
2025,3934.0,0.7
2026,3934.0,0.7
2027,3934.0,0.7
2028,3934.0,0.7
2029,3934.0,0.7
2030,3934.0,0.7
2031,3934.0,0.7
2032,3934.0,0.7
2033,3934.0,0.7
2034,3934.0,0.7
2035,3934.0,0.7
2036,3934.0,0.7
2037,3934.0,0.7
2038,3934.0,0.7
2039,3934.0,0.7
2040,3934.0,0.7
2041,3934.0,0.7
2042,3934.0,0.7
2043,3934.0,0.7
2044,3934.0,0.7
2045,3934.0,0.7
2046,3934.0,0.7
2047,3934.0,0.7
2048,3934.0,0.7
2049,3934.0,0.7
2050,3934.0,0.7
2051,3934.0,0.7
2052,3934.0,0.7
2053,3934.0,0.7
2054,3934.0,0.7
2055,3934.0,0.7
2056,3934.0,0.7
2057,3934.0,0.7
2058,3934.0,0.7
2059,3934.0,0.7
2060,3934.0,0.7
2061,3934.0,0.7
2062,3934.0,0.7
2063,3934.0,0.7
2064,3934.0,0.7
2065,3934.0,0.7
2066,3934.0,0.7
2067,3934.0,0.7
2068,3934.0,0.7
2069,3934.0,0.7
2070,3934.0,0.7
2071,3934.0,0.7
2072,3934.0,0.7
2073,3934.0,0.7
2074,3930.0,0.7
2075,3930.0,0.7
2076,3930.0,0.7
2077,3930.0,0.7
2078,3930.0,0.7
2079,3930.0,0.7
2080,3930.0,0.7
2081,3930.0,0.7
2082,3930.0,0.7
2083,3930.0,0.7
2084,3930.0,0.7
2085,3930.0,0.7
2086,3930.0,0.7
2087,3930.0,0.7
2088,3930.0,0.7
2089,3930.0,0.7
2090,3930.0,0.7
2091,3930.0,0.7
2092,3930.0,0.7
2093,3930.0,0.7
2094,3930.0,0.7
2095,3930.0,0.7
2096,3930.0,0.7
2097,3930.0,0.7
2098,3934.0,0.7
2099,3934.0,0.7
2100,3934.0,0.7
2101,3934.0,0.7
2102,3934.0,0.7
2103,3934.0,0.7
2104,3934.0,0.7
2105,3934.0,0.7
2106,3934.0,0.7
2107,3934.0,0.7
2108,3934.0,0.7
2109,3934.0,0.7
2110,3934.0,0.7
2111,3934.0,0.7
2112,3934.0,0.7
2113,3934.0,0.7
2114,3934.0,0.7
2115,3934.0,0.7
2116,3934.0,0.7
2117,3934.0,0.7
2118,3934.0,0.7
2119,3934.0,0.7
2120,3934.0,0.7
2121,3934.0,0.7
2122,3934.0,0.7
2123,3934.0,0.7
2124,3934.0,0.7
2125,3934.0,0.7
2126,3934.0,0.7
2127,3934.0,0.7
2128,3934.0,0.7
2129,3934.0,0.7
2130,3934.0,0.7
2131,3934.0,0.7
2132,3934.0,0.7
2133,3934.0,0.7
2134,3930.0,0.7
2135,3930.0,0.7
2136,3930.0,0.7
2137,3930.0,0.7
2138,3930.0,0.7
2139,3930.0,0.7
2140,3930.0,0.7
2141,3930.0,0.7
2142,3930.0,0.7
2143,3930.0,0.7
2144,3930.0,0.7
2145,3930.0,0.7
2146,3930.0,0.7
2147,3930.0,0.7
2148,3930.0,0.7
2149,3930.0,0.7
2150,3930.0,0.7
2151,3930.0,0.7
2152,3930.0,0.7
2153,3930.0,0.7
2154,3930.0,0.7
2155,3930.0,0.7
2156,3930.0,0.7
2157,3930.0,0.7
2158,3930.0,0.7
2159,3930.0,0.7
2160,3930.0,0.7
2161,3930.0,0.7
2162,3930.0,0.7
2163,3930.0,0.7
2164,3930.0,0.7
2165,3930.0,0.7
2166,3930.0,0.7
2167,3930.0,0.7
2168,3930.0,0.7
2169,3930.0,0.7
2170,3930.0,0.7
2171,3930.0,0.7
2172,3930.0,0.7
2173,3930.0,0.7
2174,3930.0,0.7
2175,3930.0,0.7
2176,3930.0,0.7
2177,3930.0,0.7
2178,3930.0,0.7
2179,3930.0,0.7
2180,3930.0,0.7
2181,3930.0,0.7
2182,3930.0,0.7
2183,3930.0,0.7
2184,3930.0,0.7
2185,3930.0,0.7
2186,3930.0,0.7
2187,3930.0,0.7
2188,3930.0,0.7
2189,3930.0,0.7
2190,3930.0,0.69
2191,3930.0,0.69
2192,3930.0,0.69
2193,3930.0,0.69
2194,3930.0,0.69
2195,3930.0,0.69
2196,3930.0,0.69
2197,3930.0,0.69
2198,3930.0,0.69
2199,3930.0,0.69
2200,3930.0,0.69
2201,3930.0,0.69
2202,3930.0,0.69
2203,3930.0,0.69
2204,3930.0,0.69
2205,3930.0,0.69
2206,3930.0,0.69
2207,3930.0,0.69
2208,3930.0,0.69
2209,3930.0,0.69
2210,3930.0,0.69
2211,3930.0,0.69
2212,3930.0,0.69
2213,3930.0,0.69
2214,3930.0,0.69
2215,3930.0,0.69
2216,3930.0,0.69
2217,3930.0,0.69
2218,3930.0,0.69
2219,3930.0,0.69
2220,3930.0,0.69
2221,3930.0,0.69
2222,3930.0,0.69
2223,3930.0,0.69
2224,3930.0,0.69
2225,3930.0,0.69
2226,3930.0,0.69
2227,3930.0,0.69
2228,3930.0,0.69
2229,3930.0,0.69
2230,3930.0,0.69
2231,3930.0,0.69
2232,3930.0,0.69
2233,3930.0,0.69
2234,3930.0,0.69
2235,3930.0,0.69
2236,3930.0,0.69
2237,3930.0,0.69
2238,3930.0,0.69
2239,3930.0,0.69
2240,3930.0,0.69
2241,3930.0,0.69
2242,3930.0,0.69
2243,3930.0,0.69
2244,3930.0,0.69
2245,3930.0,0.69
2246,3930.0,0.69
2247,3930.0,0.69
2248,3930.0,0.69
2249,3930.0,0.69
2250,3925.0,0.69
2251,3925.0,0.69
2252,3925.0,0.69
2253,3925.0,0.69
2254,3925.0,0.69
2255,3925.0,0.69
2256,3925.0,0.69
2257,3925.0,0.69
2258,3925.0,0.69
2259,3925.0,0.69
2260,3925.0,0.69
2261,3925.0,0.69
2262,3925.0,0.69
2263,3925.0,0.69
2264,3925.0,0.69
2265,3925.0,0.69
2266,3925.0,0.69
2267,3925.0,0.69
2268,3925.0,0.69
2269,3925.0,0.69
2270,3925.0,0.69
2271,3925.0,0.69
2272,3925.0,0.69
2273,3925.0,0.69
2274,3925.0,0.69
2275,3925.0,0.69
2276,3925.0,0.69
2277,3925.0,0.69
2278,3925.0,0.69
2279,3925.0,0.69
2280,3925.0,0.69
2281,3925.0,0.69
2282,3925.0,0.69
2283,3925.0,0.69
2284,3925.0,0.69
2285,3925.0,0.69
2286,3925.0,0.69
2287,3925.0,0.69
2288,3925.0,0.69
2289,3925.0,0.69
2290,3925.0,0.69
2291,3925.0,0.69
2292,3925.0,0.69
2293,3925.0,0.69
2294,3925.0,0.69
2295,3925.0,0.69
2296,3925.0,0.69
2297,3925.0,0.69
2298,3925.0,0.69
2299,3925.0,0.69
2300,3925.0,0.69
2301,3925.0,0.69
2302,3925.0,0.69
2303,3925.0,0.69
2304,3925.0,0.69
2305,3925.0,0.69
2306,3925.0,0.69
2307,3921.0,0.69
2308,3921.0,0.69
2309,3921.0,0.69
2310,3921.0,0.69
2311,3921.0,0.69
2312,3921.0,0.69
2313,3921.0,0.69
2314,3921.0,0.69
2315,3921.0,0.69
2316,3921.0,0.69
2317,3921.0,0.69
2318,3921.0,0.69
2319,3921.0,0.69
2320,3921.0,0.69
2321,3921.0,0.69
2322,3921.0,0.69
2323,3921.0,0.69
2324,3921.0,0.69
2325,3921.0,0.69
2326,3921.0,0.69
2327,3921.0,0.69
2328,3921.0,0.69
2329,3921.0,0.69
2330,3921.0,0.69
2331,3921.0,0.69
2332,3913.0,0.69
2333,3913.0,0.69
2334,3913.0,0.69
2335,3913.0,0.69
2336,3913.0,0.69
2337,3913.0,0.69
2338,3913.0,0.69
2339,3913.0,0.69
2340,3913.0,0.69
2341,3913.0,0.69
2342,3913.0,0.69
2343,3913.0,0.69
2344,3913.0,0.69
2345,3913.0,0.69
2346,3913.0,0.69
2347,3913.0,0.69
2348,3913.0,0.69
2349,3913.0,0.69
2350,3913.0,0.69
2351,3913.0,0.69
2352,3913.0,0.69
2353,3913.0,0.69
2354,3913.0,0.69
2355,3913.0,0.69
2356,3913.0,0.69
2357,3913.0,0.69
2358,3913.0,0.69
2359,3913.0,0.69
2360,3913.0,0.69
2361,3913.0,0.69
2362,3913.0,0.69
2363,3913.0,0.69
2364,3913.0,0.69
2365,3913.0,0.69
2366,3920.0,0.68
2367,3920.0,0.68
2368,3920.0,0.68
2369,3920.0,0.68
2370,3920.0,0.68
2371,3920.0,0.68
2372,3920.0,0.68
2373,3920.0,0.68
2374,3920.0,0.68
2375,3920.0,0.68
2376,3920.0,0.68
2377,3920.0,0.68
2378,3920.0,0.68
2379,3920.0,0.68
2380,3920.0,0.68
2381,3920.0,0.68
2382,3920.0,0.68
2383,3920.0,0.68
2384,3920.0,0.68
2385,3920.0,0.68
2386,3920.0,0.68
2387,3920.0,0.68
2388,3920.0,0.68
2389,3920.0,0.68
2390,3920.0,0.68
2391,3920.0,0.68
2392,3920.0,0.68
2393,3920.0,0.68
2394,3920.0,0.68
2395,3920.0,0.68
2396,3920.0,0.68
2397,3920.0,0.68
2398,3920.0,0.68
2399,3920.0,0.68
2400,3920.0,0.68
2401,3920.0,0.68
2402,3920.0,0.68
2403,3920.0,0.68
2404,3920.0,0.68
2405,3920.0,0.68
2406,3920.0,0.68
2407,3920.0,0.68
2408,3920.0,0.68
2409,3920.0,0.68
2410,3920.0,0.68
2411,3920.0,0.68
2412,3920.0,0.68
2413,3920.0,0.68
2414,3920.0,0.68
2415,3920.0,0.68
2416,3920.0,0.68
2417,3920.0,0.68
2418,3920.0,0.68
2419,3920.0,0.68
2420,3920.0,0.68
2421,3920.0,0.68
2422,3920.0,0.68
2423,3920.0,0.68
2424,3920.0,0.68
2425,3916.0,0.68
2426,3916.0,0.68
2427,3916.0,0.68
2428,3916.0,0.68
2429,3916.0,0.68
2430,3916.0,0.68
2431,3916.0,0.68
2432,3916.0,0.68
2433,3916.0,0.68
2434,3916.0,0.68
2435,3916.0,0.68
2436,3916.0,0.68
2437,3916.0,0.68
2438,3916.0,0.68
2439,3916.0,0.68
2440,3916.0,0.68
2441,3916.0,0.68
2442,3916.0,0.68
2443,3916.0,0.68
2444,3916.0,0.68
2445,3916.0,0.68
2446,3916.0,0.68
2447,3916.0,0.68
2448,3916.0,0.68
2449,3916.0,0.68
2450,3916.0,0.68
2451,3916.0,0.68
2452,3916.0,0.68
2453,3916.0,0.68
2454,3916.0,0.68
2455,3916.0,0.68
2456,3916.0,0.68
2457,3916.0,0.68
2458,3916.0,0.68
2459,3916.0,0.68
2460,3916.0,0.68
2461,3916.0,0.68
2462,3916.0,0.68
2463,3916.0,0.68
2464,3916.0,0.68
2465,3916.0,0.68
2466,3916.0,0.68
2467,3916.0,0.68
2468,3916.0,0.68
2469,3916.0,0.68
2470,3916.0,0.68
2471,3916.0,0.68
2472,3916.0,0.68
2473,3916.0,0.68
2474,3916.0,0.68
2475,3916.0,0.68
2476,3916.0,0.68
2477,3916.0,0.68
2478,3916.0,0.68
2479,3916.0,0.68
2480,3916.0,0.68
2481,3916.0,0.68
2482,3916.0,0.68
2483,3913.0,0.68
2484,3913.0,0.68
2485,3913.0,0.68
2486,3913.0,0.68
2487,3913.0,0.68
2488,3913.0,0.68
2489,3913.0,0.68
2490,3913.0,0.68
2491,3913.0,0.68
2492,3913.0,0.68
2493,3913.0,0.68
2494,3913.0,0.68
2495,3913.0,0.68
2496,3913.0,0.68
2497,3913.0,0.68
2498,3913.0,0.68
2499,3913.0,0.68
2500,3913.0,0.68
2501,3913.0,0.68
2502,3913.0,0.68
2503,3913.0,0.68
2504,3913.0,0.68
2505,3913.0,0.68
2506,3913.0,0.68
2507,3913.0,0.68
2508,3913.0,0.68
2509,3913.0,0.68
2510,3913.0,0.68
2511,3913.0,0.68
2512,3913.0,0.68
2513,3913.0,0.68
2514,3913.0,0.68
2515,3913.0,0.68
2516,3913.0,0.68
2517,3913.0,0.68
2518,3913.0,0.68
2519,3913.0,0.68
2520,3913.0,0.68
2521,3913.0,0.68
2522,3913.0,0.68
2523,3913.0,0.68
2524,3913.0,0.68
2525,3913.0,0.68
2526,3913.0,0.68
2527,3913.0,0.68
2528,3913.0,0.68
2529,3913.0,0.68
2530,3913.0,0.68
2531,3913.0,0.68
2532,3913.0,0.68
2533,3913.0,0.68
2534,3913.0,0.68
2535,3913.0,0.68
2536,3913.0,0.68
2537,3913.0,0.68
2538,3913.0,0.68
2539,3913.0,0.68
2540,3913.0,0.68
2541,3909.0,0.68
2542,3909.0,0.68
2543,3909.0,0.68
2544,3909.0,0.68
2545,3909.0,0.68
2546,3909.0,0.68
2547,3909.0,0.68
2548,3909.0,0.68
2549,3909.0,0.68
2550,3909.0,0.68
2551,3909.0,0.68
2552,3909.0,0.68
2553,3909.0,0.68
2554,3909.0,0.68
2555,3909.0,0.68
2556,3909.0,0.68
2557,3909.0,0.68
2558,3909.0,0.68
2559,3909.0,0.68
2560,3909.0,0.68
2561,3909.0,0.68
2562,3909.0,0.68
2563,3909.0,0.68
2564,3909.0,0.68
2565,3909.0,0.68
2566,3909.0,0.68
2567,3909.0,0.68
2568,3909.0,0.68
2569,3909.0,0.68
2570,3909.0,0.68
2571,3909.0,0.68
2572,3909.0,0.68
2573,3909.0,0.68
2574,3909.0,0.68
2575,3909.0,0.68
2576,3909.0,0.68
2577,3909.0,0.68
2578,3909.0,0.68
2579,3909.0,0.68
2580,3909.0,0.68
2581,3909.0,0.68
2582,3909.0,0.68
2583,3909.0,0.68
2584,3909.0,0.68
2585,3909.0,0.68
2586,3909.0,0.68
2587,3909.0,0.68
2588,3909.0,0.68
2589,3909.0,0.68
2590,3909.0,0.68
2591,3909.0,0.68
2592,3909.0,0.68
2593,3909.0,0.68
2594,3909.0,0.68
2595,3909.0,0.68
2596,3909.0,0.68
2597,3909.0,0.68
2598,3909.0,0.68
2599,3907.0,0.67
2600,3907.0,0.67
2601,3907.0,0.67
2602,3907.0,0.67
2603,3907.0,0.67
2604,3907.0,0.67
2605,3907.0,0.67
2606,3907.0,0.67
2607,3907.0,0.67
2608,3907.0,0.67
2609,3907.0,0.67
2610,3907.0,0.67
2611,3907.0,0.67
2612,3907.0,0.67
2613,3907.0,0.67
2614,3907.0,0.67
2615,3907.0,0.67
2616,3907.0,0.67
2617,3907.0,0.67
2618,3907.0,0.67
2619,3907.0,0.67
2620,3907.0,0.67
2621,3907.0,0.67
2622,3907.0,0.67
2623,3907.0,0.67
2624,3907.0,0.67
2625,3907.0,0.67
2626,3907.0,0.67
2627,3907.0,0.67
2628,3907.0,0.67
2629,3907.0,0.67
2630,3907.0,0.67
2631,3907.0,0.67
2632,3907.0,0.67
2633,3907.0,0.67
2634,3907.0,0.67
2635,3907.0,0.67
2636,3907.0,0.67
2637,3907.0,0.67
2638,3907.0,0.67
2639,3907.0,0.67
2640,3907.0,0.67
2641,3907.0,0.67
2642,3907.0,0.67
2643,3907.0,0.67
2644,3907.0,0.67
2645,3907.0,0.67
2646,3907.0,0.67
2647,3907.0,0.67
2648,3907.0,0.67
2649,3907.0,0.67
2650,3907.0,0.67
2651,3907.0,0.67
2652,3907.0,0.67
2653,3907.0,0.67
2654,3907.0,0.67
2655,3907.0,0.67
2656,3907.0,0.67
2657,3907.0,0.67
2658,3907.0,0.67
2659,3904.0,0.67
2660,3904.0,0.67
2661,3904.0,0.67
2662,3904.0,0.67
2663,3904.0,0.67
2664,3904.0,0.67
2665,3904.0,0.67
2666,3904.0,0.67
2667,3904.0,0.67
2668,3904.0,0.67
2669,3904.0,0.67
2670,3904.0,0.67
2671,3904.0,0.67
2672,3904.0,0.67
2673,3904.0,0.67
2674,3904.0,0.67
2675,3904.0,0.67
2676,3904.0,0.67
2677,3904.0,0.67
2678,3904.0,0.67
2679,3904.0,0.67
2680,3904.0,0.67
2681,3904.0,0.67
2682,3904.0,0.67
2683,3904.0,0.67
2684,3904.0,0.67
2685,3904.0,0.67
2686,3904.0,0.67
2687,3904.0,0.67
2688,3904.0,0.67
2689,3904.0,0.67
2690,3904.0,0.67
2691,3904.0,0.67
2692,3904.0,0.67
2693,3904.0,0.67
2694,3904.0,0.67
2695,3904.0,0.67
2696,3904.0,0.67
2697,3904.0,0.67
2698,3904.0,0.67
2699,3904.0,0.67
2700,3904.0,0.67
2701,3904.0,0.67
2702,3904.0,0.67
2703,3904.0,0.67
2704,3904.0,0.67
2705,3904.0,0.67
2706,3904.0,0.67
2707,3904.0,0.67
2708,3904.0,0.67
2709,3904.0,0.67
2710,3904.0,0.67
2711,3904.0,0.67
2712,3904.0,0.67
2713,3904.0,0.67
2714,3904.0,0.67
2715,3904.0,0.67
2716,3900.0,0.67
2717,3900.0,0.67
2718,3900.0,0.67
2719,3900.0,0.67
2720,3900.0,0.67
2721,3900.0,0.67
2722,3900.0,0.67
2723,3900.0,0.67
2724,3900.0,0.67
2725,3900.0,0.67
2726,3900.0,0.67
2727,3900.0,0.67
2728,3900.0,0.67
2729,3900.0,0.67
2730,3900.0,0.67
2731,3900.0,0.67
2732,3900.0,0.67
2733,3900.0,0.67
2734,3900.0,0.67
2735,3900.0,0.67
2736,3900.0,0.67
2737,3900.0,0.67
2738,3900.0,0.67
2739,3900.0,0.67
2740,3900.0,0.67
2741,3900.0,0.67
2742,3900.0,0.67
2743,3900.0,0.67
2744,3900.0,0.67
2745,3900.0,0.67
2746,3900.0,0.67
2747,3900.0,0.67
2748,3900.0,0.67
2749,3900.0,0.67
2750,3900.0,0.67
2751,3900.0,0.67
2752,3900.0,0.67
2753,3900.0,0.67
2754,3900.0,0.67
2755,3902.0,0.66
2756,3902.0,0.66
2757,3902.0,0.66
2758,3902.0,0.66
2759,3902.0,0.66
2760,3902.0,0.66
2761,3902.0,0.66
2762,3902.0,0.66
2763,3902.0,0.66
2764,3902.0,0.66
2765,3902.0,0.66
2766,3902.0,0.66
2767,3902.0,0.66
2768,3902.0,0.66
2769,3902.0,0.66
2770,3902.0,0.66
2771,3902.0,0.66
2772,3902.0,0.66
2773,3902.0,0.66
2774,3902.0,0.66
2775,3902.0,0.66
2776,3897.0,0.66
2777,3897.0,0.66
2778,3897.0,0.66
2779,3897.0,0.66
2780,3897.0,0.66
2781,3897.0,0.66
2782,3897.0,0.66
2783,3897.0,0.66
2784,3897.0,0.66
2785,3897.0,0.66
2786,3897.0,0.66
2787,3897.0,0.66
2788,3897.0,0.66
2789,3897.0,0.66
2790,3897.0,0.66
2791,3897.0,0.66
2792,3897.0,0.66
2793,3897.0,0.66
2794,3897.0,0.66
2795,3897.0,0.66
2796,3897.0,0.66
2797,3897.0,0.66
2798,3897.0,0.66
2799,3897.0,0.66
2800,3897.0,0.66
2801,3897.0,0.66
2802,3897.0,0.66
2803,3897.0,0.66
2804,3897.0,0.66
2805,3897.0,0.66
2806,3897.0,0.66
2807,3897.0,0.66
2808,3897.0,0.66
2809,3897.0,0.66
2810,3897.0,0.66
2811,3897.0,0.66
2812,3897.0,0.66
2813,3897.0,0.66
2814,3897.0,0.66
2815,3897.0,0.66
2816,3897.0,0.66
2817,3897.0,0.66
2818,3897.0,0.66
2819,3897.0,0.66
2820,3897.0,0.66
2821,3897.0,0.66
2822,3897.0,0.66
2823,3897.0,0.66
2824,3897.0,0.66
2825,3897.0,0.66
2826,3897.0,0.66
2827,3897.0,0.66
2828,3897.0,0.66
2829,3897.0,0.66
2830,3897.0,0.66
2831,3897.0,0.66
2832,3897.0,0.66
2833,3895.0,0.66
2834,3895.0,0.66
2835,3895.0,0.66
2836,3895.0,0.66
2837,3895.0,0.66
2838,3895.0,0.66
2839,3895.0,0.66
2840,3895.0,0.66
2841,3895.0,0.66
2842,3895.0,0.66
2843,3895.0,0.66
2844,3895.0,0.66
2845,3895.0,0.66
2846,3895.0,0.66
2847,3895.0,0.66
2848,3895.0,0.66
2849,3895.0,0.66
2850,3895.0,0.66
2851,3895.0,0.66
2852,3895.0,0.66
2853,3895.0,0.66
2854,3895.0,0.66
2855,3895.0,0.66
2856,3895.0,0.66
2857,3895.0,0.66
2858,3895.0,0.66
2859,3895.0,0.66
2860,3895.0,0.66
2861,3895.0,0.66
2862,3895.0,0.66
2863,3895.0,0.66
2864,3895.0,0.66
2865,3895.0,0.66
2866,3895.0,0.66
2867,3895.0,0.66
2868,3895.0,0.66
2869,3895.0,0.66
2870,3895.0,0.66
2871,3895.0,0.66
2872,3895.0,0.66
2873,3895.0,0.66
2874,3895.0,0.66
2875,3895.0,0.66
2876,3895.0,0.66
2877,3895.0,0.66
2878,3895.0,0.66
2879,3895.0,0.66
2880,3895.0,0.66
2881,3895.0,0.66
2882,3895.0,0.66
2883,3895.0,0.66
2884,3895.0,0.66
2885,3895.0,0.66
2886,3895.0,0.66
2887,3895.0,0.66
2888,3895.0,0.66
2889,3895.0,0.66
2890,3895.0,0.66
2891,3895.0,0.66
2892,3867.0,0.66
2893,3867.0,0.66
2894,3867.0,0.66
2895,3867.0,0.66
2896,3867.0,0.66
2897,3867.0,0.66
2898,3867.0,0.66
2899,3867.0,0.66
2900,3867.0,0.66
2901,3867.0,0.66
2902,3867.0,0.66
2903,3867.0,0.66
2904,3867.0,0.66
2905,3867.0,0.66
2906,3867.0,0.66
2907,3867.0,0.66
2908,3867.0,0.66
2909,3867.0,0.66
2910,3867.0,0.66
2911,3867.0,0.66
2912,3867.0,0.66
2913,3867.0,0.66
2914,3892.0,0.66
2915,3892.0,0.66
2916,3892.0,0.66
2917,3892.0,0.66
2918,3892.0,0.66
2919,3892.0,0.66
2920,3892.0,0.66
2921,3892.0,0.66
2922,3892.0,0.66
2923,3892.0,0.66
2924,3892.0,0.66
2925,3892.0,0.66
2926,3892.0,0.66
2927,3892.0,0.66
2928,3892.0,0.66
2929,3892.0,0.66
2930,3892.0,0.66
2931,3892.0,0.66
2932,3892.0,0.66
2933,3892.0,0.66
2934,3892.0,0.66
2935,3892.0,0.66
2936,3892.0,0.66
2937,3892.0,0.66
2938,3892.0,0.66
2939,3892.0,0.66
2940,3892.0,0.66
2941,3892.0,0.66
2942,3892.0,0.66
2943,3892.0,0.66
2944,3892.0,0.66
2945,3892.0,0.66
2946,3892.0,0.66
2947,3892.0,0.66
2948,3892.0,0.66
2949,3887.0,0.66
2950,3887.0,0.66
2951,3887.0,0.66
2952,3887.0,0.66
2953,3887.0,0.66
2954,3887.0,0.66
2955,3887.0,0.66
2956,3887.0,0.66
2957,3887.0,0.66
2958,3887.0,0.66
2959,3887.0,0.66
2960,3887.0,0.66
2961,3887.0,0.66
2962,3887.0,0.66
2963,3887.0,0.66
2964,3887.0,0.66
2965,3887.0,0.66
2966,3887.0,0.66
2967,3887.0,0.66
2968,3887.0,0.66
2969,3887.0,0.66
2970,3887.0,0.66
2971,3887.0,0.66
2972,3887.0,0.66
2973,3887.0,0.66
2974,3887.0,0.66
2975,3887.0,0.66
2976,3887.0,0.66
2977,3887.0,0.66
2978,3887.0,0.66
2979,3887.0,0.66
2980,3887.0,0.66
2981,3887.0,0.66
2982,3887.0,0.66
2983,3887.0,0.66
2984,3887.0,0.66
2985,3887.0,0.66
2986,3887.0,0.66
2987,3887.0,0.66
2988,3887.0,0.66
2989,3887.0,0.66
2990,3887.0,0.66
2991,3887.0,0.66
2992,3887.0,0.66
2993,3887.0,0.66
2994,3887.0,0.66
2995,3887.0,0.66
2996,3887.0,0.66
2997,3887.0,0.66
2998,3887.0,0.66
2999,3887.0,0.66
3000,3887.0,0.66
3001,3887.0,0.66
3002,3887.0,0.66
3003,3887.0,0.66
3004,3887.0,0.66
3005,3887.0,0.66
3006,3887.0,0.66
3007,3887.0,0.66
3008,3889.0,0.65
3009,3889.0,0.65
3010,3889.0,0.65
3011,3889.0,0.65
3012,3889.0,0.65
3013,3889.0,0.65
3014,3889.0,0.65
3015,3889.0,0.65
3016,3889.0,0.65
3017,3889.0,0.65
3018,3889.0,0.65
3019,3889.0,0.65
3020,3889.0,0.65
3021,3889.0,0.65
3022,3889.0,0.65
3023,3889.0,0.65
3024,3889.0,0.65
3025,3889.0,0.65
3026,3889.0,0.65
3027,3889.0,0.65
3028,3889.0,0.65
3029,3889.0,0.65
3030,3889.0,0.65
3031,3889.0,0.65
3032,3889.0,0.65
3033,3889.0,0.65
3034,3889.0,0.65
3035,3889.0,0.65
3036,3889.0,0.65
3037,3889.0,0.65
3038,3889.0,0.65
3039,3889.0,0.65
3040,3889.0,0.65
3041,3889.0,0.65
3042,3889.0,0.65
3043,3889.0,0.65
3044,3889.0,0.65
3045,3889.0,0.65
3046,3889.0,0.65
3047,3889.0,0.65
3048,3889.0,0.65
3049,3889.0,0.65
3050,3889.0,0.65
3051,3889.0,0.65
3052,3889.0,0.65
3053,3889.0,0.65
3054,3889.0,0.65
3055,3889.0,0.65
3056,3889.0,0.65
3057,3889.0,0.65
3058,3889.0,0.65
3059,3889.0,0.65
3060,3889.0,0.65
3061,3889.0,0.65
3062,3889.0,0.65
3063,3889.0,0.65
3064,3889.0,0.65
3065,3889.0,0.65
3066,3889.0,0.65
3067,3889.0,0.65
3068,3883.0,0.65
3069,3883.0,0.65
3070,3883.0,0.65
3071,3883.0,0.65
3072,3883.0,0.65
3073,3883.0,0.65
3074,3883.0,0.65
3075,3883.0,0.65
3076,3883.0,0.65
3077,3883.0,0.65
3078,3883.0,0.65
3079,3883.0,0.65
3080,3883.0,0.65
3081,3883.0,0.65
3082,3883.0,0.65
3083,3883.0,0.65
3084,3883.0,0.65
3085,3883.0,0.65
3086,3883.0,0.65
3087,3883.0,0.65
3088,3883.0,0.65
3089,3883.0,0.65
3090,3883.0,0.65
3091,3883.0,0.65
3092,3883.0,0.65
3093,3883.0,0.65
3094,3883.0,0.65
3095,3883.0,0.65
3096,3883.0,0.65
3097,3883.0,0.65
3098,3883.0,0.65
3099,3883.0,0.65
3100,3883.0,0.65
3101,3883.0,0.65
3102,3883.0,0.65
3103,3883.0,0.65
3104,3883.0,0.65
3105,3883.0,0.65
3106,3883.0,0.65
3107,3883.0,0.65
3108,3883.0,0.65
3109,3883.0,0.65
3110,3883.0,0.65
3111,3883.0,0.65
3112,3883.0,0.65
3113,3883.0,0.65
3114,3883.0,0.65
3115,3883.0,0.65
3116,3883.0,0.65
3117,3883.0,0.65
3118,3883.0,0.65
3119,3883.0,0.65
3120,3883.0,0.65
3121,3883.0,0.65
3122,3883.0,0.65
3123,3883.0,0.65
3124,3883.0,0.65
3125,3879.0,0.65
3126,3879.0,0.65
3127,3879.0,0.65
3128,3879.0,0.65
3129,3879.0,0.65
3130,3879.0,0.65
3131,3879.0,0.65
3132,3879.0,0.65
3133,3879.0,0.65
3134,3879.0,0.65
3135,3879.0,0.65
3136,3879.0,0.65
3137,3879.0,0.65
3138,3879.0,0.65
3139,3879.0,0.65
3140,3879.0,0.65
3141,3879.0,0.65
3142,3879.0,0.65
3143,3879.0,0.65
3144,3879.0,0.65
3145,3879.0,0.65
3146,3879.0,0.65
3147,3879.0,0.65
3148,3879.0,0.65
3149,3879.0,0.65
3150,3879.0,0.65
3151,3879.0,0.65
3152,3879.0,0.65
3153,3879.0,0.65
3154,3879.0,0.65
3155,3879.0,0.65
3156,3879.0,0.65
3157,3879.0,0.65
3158,3879.0,0.65
3159,3879.0,0.65
3160,3879.0,0.65
3161,3879.0,0.65
3162,3879.0,0.65
3163,3879.0,0.65
3164,3879.0,0.65
3165,3879.0,0.65
3166,3879.0,0.65
3167,3879.0,0.65
3168,3879.0,0.65
3169,3879.0,0.65
3170,3879.0,0.65
3171,3879.0,0.65
3172,3879.0,0.65
3173,3879.0,0.65
3174,3879.0,0.65
3175,3879.0,0.65
3176,3879.0,0.65
3177,3879.0,0.65
3178,3879.0,0.65
3179,3879.0,0.65
3180,3879.0,0.65
3181,3879.0,0.65
3182,3880.0,0.65
3183,3880.0,0.65
3184,3880.0,0.65
3185,3880.0,0.65
3186,3880.0,0.65
3187,3880.0,0.65
3188,3880.0,0.65
3189,3880.0,0.65
3190,3880.0,0.65
3191,3880.0,0.65
3192,3880.0,0.65
3193,3880.0,0.65
3194,3880.0,0.65
3195,3880.0,0.65
3196,3880.0,0.65
3197,3880.0,0.65
3198,3880.0,0.65
3199,3880.0,0.65
3200,3880.0,0.65
3201,3880.0,0.65
3202,3880.0,0.65
3203,3880.0,0.65
3204,3880.0,0.65
3205,3880.0,0.65
3206,3880.0,0.65
3207,3880.0,0.65
3208,3880.0,0.65
3209,3880.0,0.65
3210,3880.0,0.65
3211,3880.0,0.65
3212,3880.0,0.65
3213,3880.0,0.65
3214,3880.0,0.65
3215,3880.0,0.65
3216,3880.0,0.65
3217,3880.0,0.65
3218,3880.0,0.65
3219,3880.0,0.65
3220,3880.0,0.65
3221,3880.0,0.65
3222,3880.0,0.65
3223,3880.0,0.65
3224,3880.0,0.65
3225,3880.0,0.65
3226,3880.0,0.65
3227,3880.0,0.65
3228,3880.0,0.65
3229,3880.0,0.65
3230,3880.0,0.65
3231,3880.0,0.65
3232,3880.0,0.65
3233,3880.0,0.65
3234,3880.0,0.65
3235,3880.0,0.65
3236,3880.0,0.65
3237,3880.0,0.65
3238,3876.0,0.65
3239,3876.0,0.65
3240,3876.0,0.65
3241,3876.0,0.65
3242,3876.0,0.65
3243,3876.0,0.65
3244,3876.0,0.65
3245,3876.0,0.65
3246,3876.0,0.65
3247,3876.0,0.65
3248,3876.0,0.65
3249,3876.0,0.65
3250,3876.0,0.65
3251,3876.0,0.65
3252,3876.0,0.65
3253,3876.0,0.65
3254,3876.0,0.65
3255,3876.0,0.65
3256,3876.0,0.65
3257,3876.0,0.65
3258,3876.0,0.65
3259,3876.0,0.65
3260,3876.0,0.65
3261,3876.0,0.65
3262,3876.0,0.65
3263,3876.0,0.65
3264,3876.0,0.65
3265,3876.0,0.65
3266,3876.0,0.65
3267,3876.0,0.65
3268,3876.0,0.65
3269,3876.0,0.65
3270,3876.0,0.65
3271,3876.0,0.65
3272,3876.0,0.65
3273,3876.0,0.65
3274,3876.0,0.65
3275,3876.0,0.65
3276,3876.0,0.65
3277,3876.0,0.65
3278,3876.0,0.65
3279,3876.0,0.65
3280,3876.0,0.65
3281,3876.0,0.65
3282,3876.0,0.65
3283,3876.0,0.65
3284,3876.0,0.65
3285,3876.0,0.65
3286,3876.0,0.65
3287,3876.0,0.65
3288,3876.0,0.65
3289,3876.0,0.65
3290,3876.0,0.65
3291,3876.0,0.65
3292,3876.0,0.65
3293,3876.0,0.65
3294,3876.0,0.65
3295,3876.0,0.65
3296,3876.0,0.65
3297,3876.0,0.65
3298,3875.0,0.64
3299,3875.0,0.64
3300,3875.0,0.64
3301,3875.0,0.64
3302,3875.0,0.64
3303,3875.0,0.64
3304,3875.0,0.64
3305,3875.0,0.64
3306,3875.0,0.64
3307,3875.0,0.64
3308,3875.0,0.64
3309,3875.0,0.64
3310,3875.0,0.64
3311,3875.0,0.64
3312,3875.0,0.64
3313,3875.0,0.64
3314,3875.0,0.64
3315,3875.0,0.64
3316,3875.0,0.64
3317,3875.0,0.64
3318,3875.0,0.64
3319,3875.0,0.64
3320,3875.0,0.64
3321,3875.0,0.64
3322,3875.0,0.64
3323,3875.0,0.64
3324,3875.0,0.64
3325,3875.0,0.64
3326,3875.0,0.64
3327,3875.0,0.64
3328,3875.0,0.64
3329,3875.0,0.64
3330,3875.0,0.64
3331,3875.0,0.64
3332,3875.0,0.64
3333,3875.0,0.64
3334,3875.0,0.64
3335,3875.0,0.64
3336,3875.0,0.64
3337,3875.0,0.64
3338,3875.0,0.64
3339,3875.0,0.64
3340,3875.0,0.64
3341,3875.0,0.64
3342,3875.0,0.64
3343,3875.0,0.64
3344,3875.0,0.64
3345,3875.0,0.64
3346,3875.0,0.64
3347,3875.0,0.64
3348,3875.0,0.64
3349,3875.0,0.64
3350,3875.0,0.64
3351,3875.0,0.64
3352,3875.0,0.64
3353,3875.0,0.64
3354,3875.0,0.64
3355,3873.0,0.64
3356,3873.0,0.64
3357,3873.0,0.64
3358,3873.0,0.64
3359,3873.0,0.64
3360,3873.0,0.64
3361,3873.0,0.64
3362,3873.0,0.64
3363,3873.0,0.64
3364,3873.0,0.64
3365,3873.0,0.64
3366,3873.0,0.64
3367,3873.0,0.64
3368,3873.0,0.64
3369,3873.0,0.64
3370,3873.0,0.64
3371,3873.0,0.64
3372,3873.0,0.64
3373,3873.0,0.64
3374,3873.0,0.64
3375,3873.0,0.64
3376,3873.0,0.64
3377,3873.0,0.64
3378,3873.0,0.64
3379,3873.0,0.64
3380,3873.0,0.64
3381,3873.0,0.64
3382,3873.0,0.64
3383,3873.0,0.64
3384,3873.0,0.64
3385,3873.0,0.64
3386,3873.0,0.64
3387,3873.0,0.64
3388,3873.0,0.64
3389,3873.0,0.64
3390,3873.0,0.64
3391,3873.0,0.64
3392,3873.0,0.64
3393,3873.0,0.64
3394,3873.0,0.64
3395,3873.0,0.64
3396,3873.0,0.64
3397,3873.0,0.64
3398,3873.0,0.64
3399,3873.0,0.64
3400,3873.0,0.64
3401,3873.0,0.64
3402,3873.0,0.64
3403,3873.0,0.64
3404,3873.0,0.64
3405,3873.0,0.64
3406,3868.0,0.63
3407,3868.0,0.63
3408,3868.0,0.63
3409,3868.0,0.63
3410,3868.0,0.63
3411,3868.0,0.63
3412,3868.0,0.63
3413,3868.0,0.63
3414,3868.0,0.63
3415,3870.0,0.63
3416,3870.0,0.63
3417,3870.0,0.63
3418,3870.0,0.63
3419,3870.0,0.63
3420,3870.0,0.63
3421,3870.0,0.63
3422,3870.0,0.63
3423,3870.0,0.63
3424,3870.0,0.63
3425,3870.0,0.63
3426,3870.0,0.63
3427,3870.0,0.63
3428,3870.0,0.63
3429,3870.0,0.63
3430,3870.0,0.63
3431,3870.0,0.63
3432,3870.0,0.63
3433,3870.0,0.63
3434,3870.0,0.63
3435,3870.0,0.63
3436,3870.0,0.63
3437,3870.0,0.63
3438,3870.0,0.63
3439,3870.0,0.63
3440,3870.0,0.63
3441,3870.0,0.63
3442,3870.0,0.63
3443,3870.0,0.63
3444,3870.0,0.63
3445,3870.0,0.63
3446,3870.0,0.63
3447,3870.0,0.63
3448,3870.0,0.63
3449,3870.0,0.63
3450,3870.0,0.63
3451,3870.0,0.63
3452,3870.0,0.63
3453,3870.0,0.63
3454,3870.0,0.63
3455,3870.0,0.63
3456,3870.0,0.63
3457,3870.0,0.63
3458,3870.0,0.63
3459,3870.0,0.63
3460,3870.0,0.63
3461,3870.0,0.63
3462,3870.0,0.63
3463,3870.0,0.63
3464,3870.0,0.63
3465,3870.0,0.63
3466,3870.0,0.63
3467,3870.0,0.63
3468,3870.0,0.63
3469,3870.0,0.63
3470,3838.0,0.63
3471,3838.0,0.63
3472,3838.0,0.63
3473,3838.0,0.63
3474,3838.0,0.63
3475,3838.0,0.63
3476,3838.0,0.63
3477,3838.0,0.63
3478,3838.0,0.63
3479,3838.0,0.63
3480,3838.0,0.63
3481,3838.0,0.63
3482,3838.0,0.63
3483,3838.0,0.63
3484,3838.0,0.63
3485,3838.0,0.63
3486,3838.0,0.63
3487,3838.0,0.63
3488,3838.0,0.63
3489,3838.0,0.63
3490,3838.0,0.63
3491,3860.0,0.63
3492,3860.0,0.63
3493,3860.0,0.63
3494,3860.0,0.63
3495,3860.0,0.63
3496,3860.0,0.63
3497,3860.0,0.63
3498,3860.0,0.63
3499,3860.0,0.63
3500,3860.0,0.63
3501,3860.0,0.63
3502,3860.0,0.63
3503,3860.0,0.63
3504,3860.0,0.63
3505,3860.0,0.63
3506,3860.0,0.63
3507,3860.0,0.63
3508,3860.0,0.63
3509,3860.0,0.63
3510,3860.0,0.63
3511,3860.0,0.63
3512,3860.0,0.63
3513,3860.0,0.63
3514,3860.0,0.63
3515,3860.0,0.63
3516,3860.0,0.63
3517,3860.0,0.63
3518,3860.0,0.63
3519,3860.0,0.63
3520,3860.0,0.63
3521,3860.0,0.63
3522,3860.0,0.63
3523,3860.0,0.63
3524,3860.0,0.63
3525,3860.0,0.63
3526,3860.0,0.63
3527,3860.0,0.63
3528,3862.0,0.63
3529,3862.0,0.63
3530,3862.0,0.63
3531,3862.0,0.63
3532,3862.0,0.63
3533,3862.0,0.63
3534,3862.0,0.63
3535,3862.0,0.63
3536,3862.0,0.63
3537,3862.0,0.63
3538,3862.0,0.63
3539,3862.0,0.63
3540,3862.0,0.63
3541,3862.0,0.63
3542,3862.0,0.63
3543,3862.0,0.63
3544,3862.0,0.63
3545,3862.0,0.63
3546,3862.0,0.63
3547,3862.0,0.63
3548,3862.0,0.63
3549,3862.0,0.63
3550,3862.0,0.63
3551,3862.0,0.63
3552,3862.0,0.63
3553,3862.0,0.63
3554,3862.0,0.63
3555,3862.0,0.63
3556,3862.0,0.63
3557,3862.0,0.63
3558,3862.0,0.63
3559,3862.0,0.63
3560,3862.0,0.63
3561,3862.0,0.63
3562,3862.0,0.63
3563,3862.0,0.63
3564,3862.0,0.63
3565,3862.0,0.63
3566,3862.0,0.63
3567,3862.0,0.63
3568,3862.0,0.63
3569,3862.0,0.63
3570,3862.0,0.63
3571,3862.0,0.63
3572,3862.0,0.63
3573,3862.0,0.63
3574,3862.0,0.63
3575,3862.0,0.63
3576,3862.0,0.63
3577,3862.0,0.63
3578,3862.0,0.63
3579,3862.0,0.63
3580,3862.0,0.63
3581,3862.0,0.63
3582,3862.0,0.63
3583,3862.0,0.63
3584,3862.0,0.63
3585,3860.0,0.63
3586,3860.0,0.63
3587,3860.0,0.63
3588,3860.0,0.63
3589,3860.0,0.63
3590,3860.0,0.63
3591,3860.0,0.63
3592,3860.0,0.63
3593,3860.0,0.63
3594,3860.0,0.63
3595,3860.0,0.63
3596,3860.0,0.63
3597,3860.0,0.63
3598,3860.0,0.63
3599,3860.0,0.63
3600,3860.0,0.63
3601,3860.0,0.63
3602,3860.0,0.63
3603,3860.0,0.63
3604,3860.0,0.63
3605,3860.0,0.63
3606,3860.0,0.63
3607,3860.0,0.63
3608,3860.0,0.63
3609,3860.0,0.63
3610,3860.0,0.63
3611,3860.0,0.63
3612,3860.0,0.63
3613,3860.0,0.63
3614,3860.0,0.63
3615,3860.0,0.63
3616,3860.0,0.63
3617,3860.0,0.63
3618,3860.0,0.63
3619,3860.0,0.63
3620,3860.0,0.63
3621,3860.0,0.63
3622,3860.0,0.63
3623,3860.0,0.63
3624,3860.0,0.63
3625,3860.0,0.63
3626,3860.0,0.63
3627,3860.0,0.63
3628,3860.0,0.63
3629,3860.0,0.63
3630,3860.0,0.63
3631,3860.0,0.63
3632,3860.0,0.63
3633,3860.0,0.63
3634,3860.0,0.63
3635,3860.0,0.63
3636,3860.0,0.63
3637,3860.0,0.63
3638,3860.0,0.63
3639,3860.0,0.63
3640,3860.0,0.63
3641,3860.0,0.63
3642,3860.0,0.63
3643,3860.0,0.63
3644,3860.0,0.63
3645,3857.0,0.62
3646,3857.0,0.62
3647,3857.0,0.62
3648,3857.0,0.62
3649,3857.0,0.62
3650,3857.0,0.62
3651,3857.0,0.62
3652,3857.0,0.62
3653,3857.0,0.62
3654,3857.0,0.62
3655,3857.0,0.62
3656,3857.0,0.62
3657,3857.0,0.62
3658,3857.0,0.62
3659,3857.0,0.62
3660,3857.0,0.62
3661,3857.0,0.62
3662,3857.0,0.62
3663,3857.0,0.62
3664,3857.0,0.62
3665,3857.0,0.62
3666,3857.0,0.62
3667,3857.0,0.62
3668,3857.0,0.62
3669,3857.0,0.62
3670,3857.0,0.62
3671,3857.0,0.62
3672,3857.0,0.62
3673,3857.0,0.62
3674,3857.0,0.62
3675,3857.0,0.62
3676,3857.0,0.62
3677,3857.0,0.62
3678,3857.0,0.62
3679,3857.0,0.62
3680,3857.0,0.62
3681,3857.0,0.62
3682,3857.0,0.62
3683,3857.0,0.62
3684,3857.0,0.62
3685,3857.0,0.62
3686,3857.0,0.62
3687,3857.0,0.62
3688,3857.0,0.62
3689,3857.0,0.62
3690,3857.0,0.62
3691,3857.0,0.62
3692,3857.0,0.62
3693,3857.0,0.62
3694,3857.0,0.62
3695,3857.0,0.62
3696,3857.0,0.62
3697,3857.0,0.62
3698,3857.0,0.62
3699,3857.0,0.62
3700,3857.0,0.62
3701,3857.0,0.62
3702,3857.0,0.62
3703,3856.0,0.62
3704,3856.0,0.62
3705,3856.0,0.62
3706,3856.0,0.62
3707,3856.0,0.62
3708,3856.0,0.62
3709,3856.0,0.62
3710,3856.0,0.62
3711,3856.0,0.62
3712,3856.0,0.62
3713,3856.0,0.62
3714,3856.0,0.62
3715,3856.0,0.62
3716,3856.0,0.62
3717,3856.0,0.62
3718,3856.0,0.62
3719,3856.0,0.62
3720,3856.0,0.62
3721,3856.0,0.62
3722,3856.0,0.62
3723,3856.0,0.62
3724,3856.0,0.62
3725,3856.0,0.62
3726,3856.0,0.62
3727,3856.0,0.62
3728,3856.0,0.62
3729,3856.0,0.62
3730,3856.0,0.62
3731,3856.0,0.62
3732,3856.0,0.62
3733,3856.0,0.62
3734,3856.0,0.62
3735,3856.0,0.62
3736,3856.0,0.62
3737,3856.0,0.62
3738,3856.0,0.62
3739,3856.0,0.62
3740,3856.0,0.62
3741,3856.0,0.62
3742,3856.0,0.62
3743,3856.0,0.62
3744,3856.0,0.62
3745,3856.0,0.62
3746,3856.0,0.62
3747,3856.0,0.62
3748,3856.0,0.62
3749,3856.0,0.62
3750,3856.0,0.62
3751,3856.0,0.62
3752,3856.0,0.62
3753,3856.0,0.62
3754,3856.0,0.62
3755,3856.0,0.62
3756,3856.0,0.62
3757,3856.0,0.62
3758,3856.0,0.62
3759,3856.0,0.62
3760,3852.0,0.62
3761,3852.0,0.62
3762,3852.0,0.62
3763,3852.0,0.62
3764,3852.0,0.62
3765,3852.0,0.62
3766,3852.0,0.62
3767,3852.0,0.62
3768,3852.0,0.62
3769,3852.0,0.62
3770,3852.0,0.62
3771,3852.0,0.62
3772,3852.0,0.62
3773,3852.0,0.62
3774,3852.0,0.62
3775,3852.0,0.62
3776,3852.0,0.62
3777,3852.0,0.62
3778,3852.0,0.62
3779,3852.0,0.62
3780,3852.0,0.62
3781,3852.0,0.62
3782,3852.0,0.62
3783,3852.0,0.62
3784,3852.0,0.62
3785,3852.0,0.62
3786,3852.0,0.62
3787,3852.0,0.62
3788,3852.0,0.62
3789,3852.0,0.62
3790,3852.0,0.62
3791,3852.0,0.62
3792,3852.0,0.62
3793,3852.0,0.62
3794,3852.0,0.62
3795,3852.0,0.62
3796,3852.0,0.62
3797,3852.0,0.62
3798,3852.0,0.62
3799,3852.0,0.62
3800,3852.0,0.62
3801,3852.0,0.62
3802,3852.0,0.62
3803,3852.0,0.62
3804,3852.0,0.62
3805,3852.0,0.62
3806,3852.0,0.62
3807,3852.0,0.62
3808,3852.0,0.62
3809,3852.0,0.62
3810,3852.0,0.62
3811,3852.0,0.62
3812,3852.0,0.62
3813,3852.0,0.62
3814,3852.0,0.62
3815,3852.0,0.62
3816,3852.0,0.62
3817,3852.0,0.62
3818,3861.0,0.61
3819,3853.0,0.61
3820,3853.0,0.61
3821,3853.0,0.61
3822,3853.0,0.61
3823,3853.0,0.61
3824,3853.0,0.61
3825,3853.0,0.61
3826,3853.0,0.61
3827,3853.0,0.61
3828,3853.0,0.61
3829,3853.0,0.61
3830,3853.0,0.61
3831,3853.0,0.61
3832,3853.0,0.61
3833,3853.0,0.61
3834,3853.0,0.61
3835,3853.0,0.61
3836,3853.0,0.61
3837,3853.0,0.61
3838,3853.0,0.61
3839,3853.0,0.61
3840,3853.0,0.61
3841,3853.0,0.61
3842,3853.0,0.61
3843,3853.0,0.61
3844,3853.0,0.61
3845,3853.0,0.61
3846,3853.0,0.61
3847,3853.0,0.61
3848,3853.0,0.61
3849,3853.0,0.61
3850,3853.0,0.61
3851,3853.0,0.61
3852,3853.0,0.61
3853,3853.0,0.61
3854,3853.0,0.61
3855,3853.0,0.61
3856,3853.0,0.61
3857,3853.0,0.61
3858,3853.0,0.61
3859,3853.0,0.61
3860,3853.0,0.61
3861,3853.0,0.61
3862,3853.0,0.61
3863,3853.0,0.61
3864,3853.0,0.61
3865,3853.0,0.61
3866,3853.0,0.61
3867,3853.0,0.61
3868,3853.0,0.61
3869,3853.0,0.61
3870,3853.0,0.61
3871,3853.0,0.61
3872,3853.0,0.61
3873,3853.0,0.61
3874,3853.0,0.61
3875,3840.0,0.61
3876,3840.0,0.61
3877,3840.0,0.61
3878,3840.0,0.61
3879,3840.0,0.61
3880,3840.0,0.61
3881,3840.0,0.61
3882,3840.0,0.61
3883,3840.0,0.61
3884,3840.0,0.61
3885,3840.0,0.61
3886,3840.0,0.61
3887,3840.0,0.61
3888,3840.0,0.61
3889,3840.0,0.61
3890,3840.0,0.61
3891,3840.0,0.61
3892,3840.0,0.61
3893,3840.0,0.61
3894,3840.0,0.61
3895,3840.0,0.61
3896,3840.0,0.61
3897,3840.0,0.61
3898,3840.0,0.61
3899,3840.0,0.61
3900,3840.0,0.61
3901,3840.0,0.61
3902,3840.0,0.61
3903,3840.0,0.61
3904,3840.0,0.61
3905,3840.0,0.61
3906,3840.0,0.61
3907,3840.0,0.61
3908,3840.0,0.61
3909,3840.0,0.61
3910,3840.0,0.61
3911,3840.0,0.61
3912,3840.0,0.61
3913,3840.0,0.61
3914,3840.0,0.61
3915,3840.0,0.61
3916,3840.0,0.61
3917,3840.0,0.61
3918,3840.0,0.61
3919,3840.0,0.61
3920,3840.0,0.61
3921,3840.0,0.61
3922,3840.0,0.61
3923,3840.0,0.61
3924,3840.0,0.61
3925,3840.0,0.61
3926,3840.0,0.61
3927,3840.0,0.61
3928,3840.0,0.61
3929,3840.0,0.61
3930,3840.0,0.61
3931,3840.0,0.61
3932,3840.0,0.61
3933,3840.0,0.61
3934,3840.0,0.61
3935,3840.0,0.61
3936,3840.0,0.61
3937,3840.0,0.61
3938,3840.0,0.61
3939,3840.0,0.61
3940,3840.0,0.61
3941,3840.0,0.61
3942,3840.0,0.61
3943,3840.0,0.61
3944,3840.0,0.61
3945,3840.0,0.61
3946,3840.0,0.61
3947,3840.0,0.61
3948,3840.0,0.61
3949,3840.0,0.61
3950,3840.0,0.61
3951,3840.0,0.61
3952,3840.0,0.61
3953,3840.0,0.61
3954,3840.0,0.61
3955,3840.0,0.61
3956,3840.0,0.61
3957,3840.0,0.61
3958,3840.0,0.61
3959,3840.0,0.61
3960,3840.0,0.61
3961,3840.0,0.61
3962,3840.0,0.61
3963,3840.0,0.61
3964,3840.0,0.61
3965,3840.0,0.61
3966,3840.0,0.61
3967,3840.0,0.61
3968,3840.0,0.61
3969,3840.0,0.61
3970,3840.0,0.61
3971,3840.0,0.61
3972,3840.0,0.61
3973,3840.0,0.61
3974,3840.0,0.61
3975,3840.0,0.61
3976,3840.0,0.61
3977,3840.0,0.61
3978,3840.0,0.61
3979,3840.0,0.61
3980,3840.0,0.61
3981,3840.0,0.61
3982,3840.0,0.61
3983,3840.0,0.61
3984,3840.0,0.61
3985,3840.0,0.61
3986,3840.0,0.61
3987,3840.0,0.61
3988,3840.0,0.61
3989,3840.0,0.61
3990,3840.0,0.61
3991,3840.0,0.61
3992,3840.0,0.61
3993,3840.0,0.61
3994,3841.0,0.61
3995,3840.0,0.61
3996,3840.0,0.61
3997,3840.0,0.61
3998,3840.0,0.61
3999,3840.0,0.61
4000,3840.0,0.61
4001,3840.0,0.61
4002,3840.0,0.61
4003,3840.0,0.61
4004,3840.0,0.61
4005,3840.0,0.61
4006,3840.0,0.61
4007,3840.0,0.61
4008,3840.0,0.6
4009,3840.0,0.6
4010,3840.0,0.6
4011,3840.0,0.6
4012,3840.0,0.6
4013,3840.0,0.6
4014,3840.0,0.6
4015,3840.0,0.6
4016,3840.0,0.6
4017,3840.0,0.6
4018,3840.0,0.6
4019,3840.0,0.6
4020,3840.0,0.6
4021,3840.0,0.6
4022,3840.0,0.6
4023,3840.0,0.6
4024,3840.0,0.6
4025,3840.0,0.6
4026,3840.0,0.6
4027,3840.0,0.6
4028,3840.0,0.6
4029,3840.0,0.6
4030,3840.0,0.6
4031,3840.0,0.6
4032,3840.0,0.6
4033,3840.0,0.6
4034,3840.0,0.6
4035,3840.0,0.6
4036,3840.0,0.6
4037,3840.0,0.6
4038,3840.0,0.6
4039,3840.0,0.6
4040,3840.0,0.6
4041,3840.0,0.6
4042,3840.0,0.6
4043,3840.0,0.6
4044,3840.0,0.6
4045,3840.0,0.6
4046,3840.0,0.6
4047,3840.0,0.6
4048,3840.0,0.6
4049,3840.0,0.6
4050,3840.0,0.6
4051,3840.0,0.6
4052,3842.0,0.6
4053,3842.0,0.6
4054,3842.0,0.6
4055,3842.0,0.6
4056,3842.0,0.6
4057,3842.0,0.6
4058,3842.0,0.6
4059,3842.0,0.6
4060,3842.0,0.6
4061,3842.0,0.6
4062,3842.0,0.6
4063,3842.0,0.6
4064,3842.0,0.6
4065,3842.0,0.6
4066,3842.0,0.6
4067,3842.0,0.6
4068,3842.0,0.6
4069,3842.0,0.6
4070,3842.0,0.6
4071,3842.0,0.6
4072,3838.0,0.6
4073,3838.0,0.6
4074,3838.0,0.6
4075,3838.0,0.6
4076,3838.0,0.6
4077,3838.0,0.6
4078,3838.0,0.6
4079,3838.0,0.6
4080,3838.0,0.6
4081,3838.0,0.6
4082,3838.0,0.6
4083,3838.0,0.6
4084,3838.0,0.6
4085,3838.0,0.6
4086,3838.0,0.6
4087,3838.0,0.6
4088,3838.0,0.6
4089,3838.0,0.6
4090,3838.0,0.6
4091,3838.0,0.6
4092,3838.0,0.6
4093,3838.0,0.6
4094,3838.0,0.6
4095,3838.0,0.6
4096,3838.0,0.6
4097,3838.0,0.6
4098,3838.0,0.6
4099,3838.0,0.6
4100,3838.0,0.6
4101,3838.0,0.6
4102,3838.0,0.6
4103,3838.0,0.6
4104,3838.0,0.6
4105,3838.0,0.6
4106,3838.0,0.6
4107,3838.0,0.6
4108,3838.0,0.6
4109,3838.0,0.6
4110,3838.0,0.6
4111,3837.0,0.6
4112,3837.0,0.6
4113,3837.0,0.6
4114,3837.0,0.6
4115,3837.0,0.6
4116,3837.0,0.6
4117,3837.0,0.6
4118,3837.0,0.6
4119,3837.0,0.6
4120,3837.0,0.6
4121,3837.0,0.6
4122,3837.0,0.6
4123,3837.0,0.6
4124,3837.0,0.6
4125,3837.0,0.6
4126,3837.0,0.6
4127,3837.0,0.6
4128,3837.0,0.6
4129,3837.0,0.6
4130,3837.0,0.6
4131,3837.0,0.6
4132,3837.0,0.6
4133,3837.0,0.6
4134,3837.0,0.6
4135,3837.0,0.6
4136,3837.0,0.6
4137,3837.0,0.6
4138,3837.0,0.6
4139,3837.0,0.6
4140,3837.0,0.6
4141,3837.0,0.6
4142,3837.0,0.6
4143,3837.0,0.6
4144,3837.0,0.6
4145,3837.0,0.6
4146,3837.0,0.6
4147,3837.0,0.6
4148,3837.0,0.6
4149,3837.0,0.6
4150,3837.0,0.6
4151,3837.0,0.6
4152,3837.0,0.6
4153,3837.0,0.6
4154,3837.0,0.6
4155,3837.0,0.6
4156,3837.0,0.6
4157,3837.0,0.6
4158,3837.0,0.6
4159,3837.0,0.6
4160,3837.0,0.6
4161,3856.0,0.59
4162,3856.0,0.59
4163,3856.0,0.59
4164,3856.0,0.59
4165,3856.0,0.59
4166,3856.0,0.59
4167,3855.0,0.59
4168,3855.0,0.59
4169,3855.0,0.59
4170,3855.0,0.59
4171,3855.0,0.59
4172,3855.0,0.59
4173,3855.0,0.59
4174,3855.0,0.59
4175,3855.0,0.59
4176,3855.0,0.59
4177,3855.0,0.59
4178,3855.0,0.59
4179,3855.0,0.59
4180,3855.0,0.59
4181,3855.0,0.59
4182,3855.0,0.59
4183,3855.0,0.59
4184,3855.0,0.59
4185,3855.0,0.59
4186,3855.0,0.59
4187,3855.0,0.59
4188,3855.0,0.59
4189,3855.0,0.59
4190,3855.0,0.59
4191,3855.0,0.59
4192,3855.0,0.59
4193,3855.0,0.59
4194,3855.0,0.59
4195,3855.0,0.59
4196,3855.0,0.59
4197,3855.0,0.59
4198,3855.0,0.59
4199,3855.0,0.59
4200,3855.0,0.59
4201,3855.0,0.59
4202,3855.0,0.59
4203,3855.0,0.59
4204,3855.0,0.59
4205,3855.0,0.59
4206,3855.0,0.59
4207,3855.0,0.59
4208,3855.0,0.59
4209,3855.0,0.59
4210,3855.0,0.59
4211,3855.0,0.59
4212,3855.0,0.59
4213,3855.0,0.59
4214,3855.0,0.59
4215,3855.0,0.59
4216,3855.0,0.59
4217,3855.0,0.59
4218,3855.0,0.59
4219,3855.0,0.59
4220,3902.0,0.59
4221,3902.0,0.59
4222,3902.0,0.59
4223,3902.0,0.59
4224,3902.0,0.59
4225,3838.0,0.59
4226,3838.0,0.59
4227,3838.0,0.59
4228,3838.0,0.59
4229,3838.0,0.59
4230,3838.0,0.59
4231,3838.0,0.59
4232,3838.0,0.59
4233,3838.0,0.59
4234,3838.0,0.59
4235,3838.0,0.59
4236,3838.0,0.59
4237,3838.0,0.59
4238,3838.0,0.59
4239,3838.0,0.59
4240,3838.0,0.59
4241,3838.0,0.59
4242,3838.0,0.59
4243,3838.0,0.59
4244,3838.0,0.59
4245,3838.0,0.59
4246,3838.0,0.59
4247,3838.0,0.59
4248,3838.0,0.59
4249,3838.0,0.59
4250,3838.0,0.59
4251,3838.0,0.59
4252,3838.0,0.59
4253,3838.0,0.59
4254,3838.0,0.59
4255,3838.0,0.59
4256,3838.0,0.59
4257,3838.0,0.59
4258,3838.0,0.59
4259,3838.0,0.59
4260,3838.0,0.59
4261,3838.0,0.59
4262,3838.0,0.59
4263,3838.0,0.59
4264,3838.0,0.59
4265,3838.0,0.59
4266,3838.0,0.59
4267,3838.0,0.59
4268,3838.0,0.59
4269,3838.0,0.59
4270,3838.0,0.59
4271,3838.0,0.59
4272,3838.0,0.59
4273,3838.0,0.59
4274,3838.0,0.59
4275,3838.0,0.59
4276,3838.0,0.59
4277,3838.0,0.59
4278,3838.0,0.59
4279,3838.0,0.59
4280,3838.0,0.59
4281,3838.0,0.59
4282,3838.0,0.59
4283,3838.0,0.59
4284,3833.0,0.59
4285,3833.0,0.59
4286,3833.0,0.59
4287,3833.0,0.59
4288,3833.0,0.59
4289,3833.0,0.59
4290,3833.0,0.59
4291,3833.0,0.59
4292,3833.0,0.59
4293,3833.0,0.59
4294,3833.0,0.59
4295,3833.0,0.59
4296,3833.0,0.59
4297,3833.0,0.59
4298,3833.0,0.59
4299,3833.0,0.59
4300,3833.0,0.59
4301,3833.0,0.59
4302,3833.0,0.59
4303,3833.0,0.59
4304,3833.0,0.59
4305,3833.0,0.59
4306,3833.0,0.59
4307,3833.0,0.59
4308,3833.0,0.59
4309,3833.0,0.59
4310,3833.0,0.59
4311,3833.0,0.59
4312,3833.0,0.59
4313,3833.0,0.59
4314,3833.0,0.59
4315,3833.0,0.59
4316,3833.0,0.59
4317,3833.0,0.59
4318,3833.0,0.59
4319,3833.0,0.59
4320,3833.0,0.59
4321,3833.0,0.59
4322,3833.0,0.59
4323,3833.0,0.59
4324,3833.0,0.59
4325,3833.0,0.59
4326,3833.0,0.59
4327,3833.0,0.59
4328,3833.0,0.59
4329,3833.0,0.59
4330,3833.0,0.59
4331,3833.0,0.59
4332,3833.0,0.59
4333,3833.0,0.59
4334,3833.0,0.59
4335,3833.0,0.59
4336,3833.0,0.59
4337,3833.0,0.59
4338,3833.0,0.59
4339,3833.0,0.59
4340,3833.0,0.59
4341,3833.0,0.59
4342,3829.0,0.59
4343,3829.0,0.59
4344,3829.0,0.59
4345,3829.0,0.59
4346,3829.0,0.59
4347,3829.0,0.59
4348,3829.0,0.59
4349,3829.0,0.59
4350,3829.0,0.59
4351,3829.0,0.59
4352,3829.0,0.59
4353,3829.0,0.59
4354,3829.0,0.59
4355,3829.0,0.59
4356,3829.0,0.59
4357,3829.0,0.59
4358,3829.0,0.59
4359,3829.0,0.59
4360,3829.0,0.59
4361,3829.0,0.59
4362,3829.0,0.59
4363,3829.0,0.59
4364,3829.0,0.59
4365,3829.0,0.59
4366,3829.0,0.59
4367,3829.0,0.59
4368,3829.0,0.59
4369,3829.0,0.59
4370,3829.0,0.59
4371,3829.0,0.59
4372,3829.0,0.59
4373,3829.0,0.59
4374,3829.0,0.59
4375,3829.0,0.59
4376,3829.0,0.59
4377,3829.0,0.59
4378,3829.0,0.59
4379,3829.0,0.59
4380,3829.0,0.59
4381,3829.0,0.59
4382,3829.0,0.59
4383,3829.0,0.59
4384,3829.0,0.59
4385,3829.0,0.59
4386,3829.0,0.59
4387,3829.0,0.59
4388,3829.0,0.59
4389,3829.0,0.59
4390,3829.0,0.59
4391,3829.0,0.59
4392,3829.0,0.59
4393,3829.0,0.59
4394,3829.0,0.59
4395,3829.0,0.59
4396,3829.0,0.59
4397,3829.0,0.59
4398,3829.0,0.59
4399,3829.0,0.59
4400,3835.0,0.58
4401,3835.0,0.58
4402,3835.0,0.58
4403,3835.0,0.58
4404,3835.0,0.58
4405,3835.0,0.58
4406,3835.0,0.58
4407,3835.0,0.58
4408,3835.0,0.58
4409,3835.0,0.58
4410,3835.0,0.58
4411,3835.0,0.58
4412,3835.0,0.58
4413,3835.0,0.58
4414,3835.0,0.58
4415,3835.0,0.58
4416,3835.0,0.58
4417,3835.0,0.58
4418,3835.0,0.58
4419,3835.0,0.58
4420,3835.0,0.58
4421,3835.0,0.58
4422,3835.0,0.58
4423,3835.0,0.58
4424,3835.0,0.58
4425,3835.0,0.58
4426,3835.0,0.58
4427,3835.0,0.58
4428,3835.0,0.58
4429,3835.0,0.58
4430,3835.0,0.58
4431,3835.0,0.58
4432,3835.0,0.58
4433,3835.0,0.58
4434,3835.0,0.58
4435,3835.0,0.58
4436,3835.0,0.58
4437,3835.0,0.58
4438,3835.0,0.58
4439,3835.0,0.58
4440,3835.0,0.58
4441,3835.0,0.58
4442,3835.0,0.58
4443,3835.0,0.58
4444,3835.0,0.58
4445,3835.0,0.58
4446,3835.0,0.58
4447,3835.0,0.58
4448,3835.0,0.58
4449,3835.0,0.58
4450,3835.0,0.58
4451,3835.0,0.58
4452,3835.0,0.58
4453,3835.0,0.58
4454,3835.0,0.58
4455,3835.0,0.58
4456,3835.0,0.58
4457,3835.0,0.58
4458,3835.0,0.58
4459,3819.0,0.58
4460,3819.0,0.58
4461,3819.0,0.58
4462,3819.0,0.58
4463,3819.0,0.58
4464,3819.0,0.58
4465,3819.0,0.58
4466,3819.0,0.58
4467,3819.0,0.58
4468,3819.0,0.58
4469,3819.0,0.58
4470,3819.0,0.58
4471,3819.0,0.58
4472,3819.0,0.58
4473,3819.0,0.58
4474,3819.0,0.58
4475,3819.0,0.58
4476,3819.0,0.58
4477,3819.0,0.58
4478,3819.0,0.58
4479,3819.0,0.58
4480,3819.0,0.58
4481,3819.0,0.58
4482,3819.0,0.58
4483,3819.0,0.58
4484,3819.0,0.58
4485,3819.0,0.58
4486,3819.0,0.58
4487,3819.0,0.58
4488,3819.0,0.58
4489,3819.0,0.58
4490,3819.0,0.58
4491,3819.0,0.58
4492,3819.0,0.58
4493,3819.0,0.58
4494,3819.0,0.58
4495,3819.0,0.58
4496,3819.0,0.58
4497,3819.0,0.58
4498,3819.0,0.58
4499,3819.0,0.58
4500,3819.0,0.58
4501,3819.0,0.58
4502,3819.0,0.58
4503,3819.0,0.58
4504,3819.0,0.58
4505,3819.0,0.58
4506,3819.0,0.58
4507,3819.0,0.58
4508,3819.0,0.58
4509,3819.0,0.58
4510,3819.0,0.58
4511,3819.0,0.58
4512,3819.0,0.58
4513,3819.0,0.58
4514,3819.0,0.58
4515,3819.0,0.58
4516,3819.0,0.58
4517,3820.0,0.58
4518,3820.0,0.58
4519,3820.0,0.58
4520,3820.0,0.58
4521,3820.0,0.58
4522,3820.0,0.58
4523,3820.0,0.58
4524,3820.0,0.58
4525,3820.0,0.58
4526,3820.0,0.58
4527,3820.0,0.58
4528,3820.0,0.58
4529,3820.0,0.58
4530,3820.0,0.58
4531,3820.0,0.58
4532,3820.0,0.58
4533,3820.0,0.58
4534,3820.0,0.58
4535,3820.0,0.58
4536,3820.0,0.58
4537,3820.0,0.58
4538,3820.0,0.58
4539,3820.0,0.58
4540,3820.0,0.58
4541,3820.0,0.58
4542,3820.0,0.58
4543,3820.0,0.58
4544,3820.0,0.58
4545,3820.0,0.58
4546,3820.0,0.58
4547,3820.0,0.58
4548,3820.0,0.58
4549,3820.0,0.58
4550,3820.0,0.58
4551,3820.0,0.58
4552,3820.0,0.58
4553,3820.0,0.58
4554,3820.0,0.58
4555,3820.0,0.58
4556,3831.0,0.58
4557,3831.0,0.58
4558,3831.0,0.58
4559,3831.0,0.58
4560,3831.0,0.58
4561,3831.0,0.58
4562,3831.0,0.58
4563,3831.0,0.58
4564,3831.0,0.58
4565,3831.0,0.58
4566,3831.0,0.58
4567,3831.0,0.58
4568,3831.0,0.58
4569,3831.0,0.58
4570,3831.0,0.58
4571,3831.0,0.58
4572,3831.0,0.58
4573,3831.0,0.58
4574,3831.0,0.58
4575,3831.0,0.58
4576,3831.0,0.58
4577,3817.0,0.58
4578,3817.0,0.58
4579,3817.0,0.58
4580,3817.0,0.58
4581,3817.0,0.58
4582,3817.0,0.58
4583,3817.0,0.58
4584,3817.0,0.58
4585,3817.0,0.58
4586,3817.0,0.58
4587,3817.0,0.58
4588,3817.0,0.58
4589,3817.0,0.58
4590,3817.0,0.58
4591,3817.0,0.58
4592,3817.0,0.58
4593,3817.0,0.58
4594,3817.0,0.58
4595,3817.0,0.58
4596,3817.0,0.58
4597,3817.0,0.58
4598,3817.0,0.58
4599,3817.0,0.58
4600,3817.0,0.58
4601,3817.0,0.58
4602,3817.0,0.58
4603,3817.0,0.58
4604,3817.0,0.57
4605,3817.0,0.57
4606,3817.0,0.57
4607,3817.0,0.57
4608,3817.0,0.57
4609,3817.0,0.57
4610,3817.0,0.57
4611,3817.0,0.57
4612,3817.0,0.57
4613,3817.0,0.57
4614,3817.0,0.57
4615,3817.0,0.57
4616,3817.0,0.57
4617,3817.0,0.57
4618,3817.0,0.57
4619,3817.0,0.57
4620,3817.0,0.57
4621,3817.0,0.57
4622,3817.0,0.57
4623,3817.0,0.57
4624,3817.0,0.57
4625,3817.0,0.57
4626,3817.0,0.57
4627,3817.0,0.57
4628,3817.0,0.57
4629,3817.0,0.57
4630,3817.0,0.57
4631,3817.0,0.57
4632,3817.0,0.57
4633,3817.0,0.57
4634,3817.0,0.57
4635,3817.0,0.57
4636,3818.0,0.57
4637,3818.0,0.57
4638,3818.0,0.57
4639,3818.0,0.57
4640,3818.0,0.57
4641,3818.0,0.57
4642,3818.0,0.57
4643,3818.0,0.57
4644,3818.0,0.57
4645,3818.0,0.57
4646,3818.0,0.57
4647,3818.0,0.57
4648,3818.0,0.57
4649,3818.0,0.57
4650,3818.0,0.57
4651,3818.0,0.57
4652,3818.0,0.57
4653,3818.0,0.57
4654,3818.0,0.57
4655,3818.0,0.57
4656,3818.0,0.57
4657,3818.0,0.57
4658,3818.0,0.57
4659,3818.0,0.57
4660,3818.0,0.57
4661,3818.0,0.57
4662,3818.0,0.57
4663,3818.0,0.57
4664,3818.0,0.57
4665,3818.0,0.57
4666,3818.0,0.57
4667,3818.0,0.57
4668,3818.0,0.57
4669,3818.0,0.57
4670,3818.0,0.57
4671,3818.0,0.57
4672,3818.0,0.57
4673,3818.0,0.57
4674,3818.0,0.57
4675,3818.0,0.57
4676,3818.0,0.57
4677,3818.0,0.57
4678,3818.0,0.57
4679,3818.0,0.57
4680,3818.0,0.57
4681,3818.0,0.57
4682,3818.0,0.57
4683,3818.0,0.57
4684,3818.0,0.57
4685,3818.0,0.57
4686,3818.0,0.57
4687,3818.0,0.57
4688,3818.0,0.57
4689,3818.0,0.57
4690,3818.0,0.57
4691,3818.0,0.57
4692,3818.0,0.57
4693,3818.0,0.57
4694,3818.0,0.57
4695,3818.0,0.57
4696,3816.0,0.57
4697,3816.0,0.57
4698,3816.0,0.57
4699,3816.0,0.57
4700,3816.0,0.57
4701,3816.0,0.57
4702,3816.0,0.57
4703,3816.0,0.57
4704,3816.0,0.57
4705,3816.0,0.57
4706,3816.0,0.57
4707,3816.0,0.57
4708,3816.0,0.57
4709,3816.0,0.57
4710,3816.0,0.57
4711,3816.0,0.57
4712,3816.0,0.57
4713,3816.0,0.57
4714,3816.0,0.57
4715,3816.0,0.57
4716,3816.0,0.57
4717,3816.0,0.57
4718,3816.0,0.57
4719,3816.0,0.57
4720,3816.0,0.57
4721,3816.0,0.57
4722,3816.0,0.57
4723,3816.0,0.57
4724,3816.0,0.57
4725,3816.0,0.57
4726,3816.0,0.57
4727,3816.0,0.57
4728,3816.0,0.57
4729,3816.0,0.57
4730,3816.0,0.57
4731,3816.0,0.57
4732,3816.0,0.57
4733,3816.0,0.57
4734,3816.0,0.57
4735,3816.0,0.57
4736,3816.0,0.57
4737,3816.0,0.57
4738,3816.0,0.57
4739,3816.0,0.57
4740,3816.0,0.57
4741,3816.0,0.57
4742,3816.0,0.57
4743,3816.0,0.57
4744,3816.0,0.57
4745,3816.0,0.57
4746,3816.0,0.57
4747,3816.0,0.57
4748,3816.0,0.57
4749,3816.0,0.57
4750,3816.0,0.57
4751,3816.0,0.57
4752,3816.0,0.57
4753,3816.0,0.57
4754,3812.0,0.57
4755,3812.0,0.57
4756,3812.0,0.57
4757,3812.0,0.57
4758,3812.0,0.57
4759,3812.0,0.57
4760,3812.0,0.57
4761,3812.0,0.57
4762,3812.0,0.57
4763,3812.0,0.57
4764,3812.0,0.57
4765,3812.0,0.57
4766,3812.0,0.57
4767,3812.0,0.57
4768,3812.0,0.57
4769,3812.0,0.57
4770,3812.0,0.57
4771,3812.0,0.57
4772,3812.0,0.57
4773,3812.0,0.57
4774,3812.0,0.57
4775,3812.0,0.57
4776,3812.0,0.57
4777,3812.0,0.57
4778,3812.0,0.57
4779,3812.0,0.57
4780,3812.0,0.57
4781,3812.0,0.57
4782,3813.0,0.56
4783,3813.0,0.56
4784,3813.0,0.56
4785,3813.0,0.56
4786,3813.0,0.56
4787,3813.0,0.56
4788,3813.0,0.56
4789,3813.0,0.56
4790,3813.0,0.56
4791,3813.0,0.56
4792,3813.0,0.56
4793,3813.0,0.56
4794,3813.0,0.56
4795,3813.0,0.56
4796,3813.0,0.56
4797,3813.0,0.56
4798,3813.0,0.56
4799,3813.0,0.56
4800,3813.0,0.56
4801,3813.0,0.56
4802,3813.0,0.56
4803,3813.0,0.56
4804,3813.0,0.56
4805,3813.0,0.56
4806,3813.0,0.56
4807,3813.0,0.56
4808,3813.0,0.56
4809,3813.0,0.56
4810,3813.0,0.56
4811,3813.0,0.56
4812,3813.0,0.56
4813,3859.0,0.56
4814,3859.0,0.56
4815,3859.0,0.56
4816,3859.0,0.56
4817,3859.0,0.56
4818,3859.0,0.56
4819,3859.0,0.56
4820,3859.0,0.56
4821,3859.0,0.56
4822,3859.0,0.56
4823,3859.0,0.56
4824,3859.0,0.56
4825,3859.0,0.56
4826,3859.0,0.56
4827,3859.0,0.56
4828,3859.0,0.56
4829,3859.0,0.56
4830,3859.0,0.56
4831,3859.0,0.56
4832,3859.0,0.56
4833,3859.0,0.56
4834,3859.0,0.56
4835,3859.0,0.56
4836,3859.0,0.56
4837,3859.0,0.56
4838,3859.0,0.56
4839,3859.0,0.56
4840,3859.0,0.56
4841,3859.0,0.56
4842,3859.0,0.56
4843,3859.0,0.56
4844,3859.0,0.56
4845,3859.0,0.56
4846,3859.0,0.56
4847,3859.0,0.56
4848,3859.0,0.56
4849,3859.0,0.56
4850,3859.0,0.56
4851,3859.0,0.56
4852,3859.0,0.56
4853,3859.0,0.56
4854,3859.0,0.56
4855,3859.0,0.56
4856,3859.0,0.56
4857,3859.0,0.56
4858,3859.0,0.56
4859,3859.0,0.56
4860,3859.0,0.56
4861,3859.0,0.56
4862,3859.0,0.56
4863,3859.0,0.56
4864,3859.0,0.56
4865,3859.0,0.56
4866,3859.0,0.56
4867,3859.0,0.56
4868,3859.0,0.56
4869,3859.0,0.56
4870,3859.0,0.56
4871,3859.0,0.56
4872,3812.0,0.56
4873,3812.0,0.56
4874,3812.0,0.56
4875,3812.0,0.56
4876,3812.0,0.56
4877,3812.0,0.56
4878,3812.0,0.56
4879,3812.0,0.56
4880,3812.0,0.56
4881,3812.0,0.56
4882,3812.0,0.56
4883,3812.0,0.56
4884,3812.0,0.56
4885,3812.0,0.56
4886,3812.0,0.56
4887,3812.0,0.56
4888,3812.0,0.56
4889,3812.0,0.56
4890,3812.0,0.56
4891,3812.0,0.56
4892,3812.0,0.56
4893,3812.0,0.56
4894,3812.0,0.56
4895,3812.0,0.56
4896,3812.0,0.56
4897,3812.0,0.56
4898,3812.0,0.56
4899,3812.0,0.56
4900,3812.0,0.56
4901,3812.0,0.56
4902,3812.0,0.56
4903,3812.0,0.56
4904,3812.0,0.56
4905,3812.0,0.56
4906,3812.0,0.56
4907,3812.0,0.56
4908,3812.0,0.56
