1,3969.0,0.74
2,3969.0,0.74
3,3969.0,0.74
4,3969.0,0.74
5,3969.0,0.74
6,3969.0,0.74
7,3969.0,0.74
8,3969.0,0.74
9,3969.0,0.74
10,3969.0,0.74
11,3969.0,0.74
12,3969.0,0.74
13,3969.0,0.74
14,3969.0,0.74
15,3969.0,0.74
16,3969.0,0.74
17,3969.0,0.74
18,3969.0,0.74
19,3969.0,0.74
20,3969.0,0.74
21,3969.0,0.74
22,3969.0,0.74
23,3969.0,0.74
24,3969.0,0.74
25,3969.0,0.74
26,3969.0,0.74
27,3969.0,0.74
28,3969.0,0.74
29,3969.0,0.74
30,3969.0,0.74
31,3969.0,0.74
32,3969.0,0.74
33,3969.0,0.74
34,3969.0,0.74
35,3967.0,0.73
36,3967.0,0.73
37,3967.0,0.73
38,3967.0,0.73
39,3967.0,0.73
40,3967.0,0.73
41,3967.0,0.73
42,3967.0,0.73
43,3967.0,0.73
44,3967.0,0.73
45,3967.0,0.73
46,3967.0,0.73
47,3967.0,0.73
48,3967.0,0.73
49,3967.0,0.73
50,3967.0,0.73
51,3967.0,0.73
52,3967.0,0.73
53,3967.0,0.73
54,3967.0,0.73
55,3967.0,0.73
56,3967.0,0.73
57,3967.0,0.73
58,3967.0,0.73
59,3967.0,0.73
60,3967.0,0.73
61,3967.0,0.73
62,3967.0,0.73
63,3967.0,0.73
64,3967.0,0.73
65,3967.0,0.73
66,3967.0,0.73
67,3967.0,0.73
68,3967.0,0.73
69,3967.0,0.73
70,3967.0,0.73
71,3967.0,0.73
72,3967.0,0.73
73,3967.0,0.73
74,3967.0,0.73
75,3967.0,0.73
76,3967.0,0.73
77,3967.0,0.73
78,3967.0,0.73
79,3967.0,0.73
80,3967.0,0.73
81,3967.0,0.73
82,3967.0,0.73
83,3967.0,0.73
84,3967.0,0.73
85,3967.0,0.73
86,3967.0,0.73
87,3967.0,0.73
88,3967.0,0.73
89,3967.0,0.73
90,3967.0,0.73
91,3967.0,0.73
92,3967.0,0.73
93,3967.0,0.73
94,3966.0,0.73
95,3966.0,0.73
96,3966.0,0.73
97,3966.0,0.73
98,3966.0,0.73
99,3966.0,0.73
100,3966.0,0.73
101,3966.0,0.73
102,3966.0,0.73
103,3966.0,0.73
104,3966.0,0.73
105,3966.0,0.73
106,3966.0,0.73
107,3966.0,0.73
108,3966.0,0.73
109,3966.0,0.73
110,3966.0,0.73
111,3966.0,0.73
112,3966.0,0.73
113,3966.0,0.73
114,3966.0,0.73
115,3966.0,0.73
116,3966.0,0.73
117,3966.0,0.73
118,3966.0,0.73
119,3966.0,0.73
120,3966.0,0.73
121,3966.0,0.73
122,3966.0,0.73
123,3966.0,0.73
124,3966.0,0.73
125,3966.0,0.73
126,3966.0,0.73
127,3966.0,0.73
128,3966.0,0.73
129,3966.0,0.73
130,3966.0,0.73
131,3966.0,0.73
132,3966.0,0.73
133,3966.0,0.73
134,3966.0,0.73
135,3966.0,0.73
136,3966.0,0.73
137,3966.0,0.73
138,3966.0,0.73
139,3966.0,0.73
140,3966.0,0.73
141,3966.0,0.73
142,3966.0,0.73
143,3966.0,0.73
144,3966.0,0.73
145,3966.0,0.73
146,3966.0,0.73
147,3966.0,0.73
148,3966.0,0.73
149,3966.0,0.73
150,3966.0,0.73
151,3966.0,0.73
152,3966.0,0.73
153,3958.0,0.73
154,3958.0,0.73
155,3958.0,0.73
156,3958.0,0.73
157,3958.0,0.73
158,3958.0,0.73
159,3958.0,0.73
160,3958.0,0.73
161,3958.0,0.73
162,3958.0,0.73
163,3958.0,0.73
164,3958.0,0.73
165,3958.0,0.73
166,3958.0,0.73
167,3958.0,0.73
168,3958.0,0.73
169,3958.0,0.73
170,3958.0,0.73
171,3958.0,0.73
172,3958.0,0.73
173,3958.0,0.73
174,3958.0,0.73
175,3958.0,0.73
176,3958.0,0.73
177,3958.0,0.73
178,3958.0,0.73
179,3958.0,0.73
180,3958.0,0.73
181,3958.0,0.73
182,3958.0,0.73
183,3958.0,0.73
184,3958.0,0.73
185,3958.0,0.73
186,3958.0,0.73
187,3958.0,0.73
188,3958.0,0.73
189,3958.0,0.73
190,3958.0,0.73
191,3958.0,0.73
192,3958.0,0.73
193,3958.0,0.73
194,3958.0,0.73
195,3958.0,0.73
196,3958.0,0.73
197,3958.0,0.73
198,3958.0,0.73
199,3958.0,0.73
200,3958.0,0.73
201,3958.0,0.73
202,3958.0,0.73
203,3958.0,0.73
204,3958.0,0.73
205,3958.0,0.73
206,3958.0,0.73
207,3958.0,0.73
208,3958.0,0.73
209,3958.0,0.73
210,3958.0,0.73
211,3958.0,0.73
212,3969.0,0.73
213,3969.0,0.73
214,3969.0,0.73
215,3969.0,0.73
216,3969.0,0.73
217,3969.0,0.73
218,3969.0,0.73
219,3969.0,0.73
220,3969.0,0.73
221,3969.0,0.73
222,3969.0,0.73
223,3969.0,0.73
224,3969.0,0.73
225,3969.0,0.73
226,3969.0,0.73
227,3969.0,0.73
228,3969.0,0.73
229,3969.0,0.73
230,3969.0,0.73
231,3969.0,0.73
232,3969.0,0.73
233,3969.0,0.73
234,3969.0,0.73
235,3969.0,0.73
236,3969.0,0.73
237,3969.0,0.73
238,3969.0,0.73
239,3969.0,0.73
240,3969.0,0.73
241,3969.0,0.73
242,3969.0,0.73
243,3969.0,0.73
244,3969.0,0.73
245,3969.0,0.73
246,3969.0,0.73
247,3969.0,0.73
248,3969.0,0.73
249,3969.0,0.73
250,3969.0,0.73
251,3969.0,0.73
252,3969.0,0.73
253,3969.0,0.73
254,3969.0,0.73
255,3969.0,0.73
256,3969.0,0.73
257,3969.0,0.73
258,3969.0,0.73
259,3969.0,0.73
260,3969.0,0.73
261,3969.0,0.73
262,3969.0,0.73
263,3969.0,0.73
264,3969.0,0.73
265,3969.0,0.73
266,3969.0,0.73
267,3969.0,0.73
268,3969.0,0.73
269,3969.0,0.73
270,3969.0,0.73
271,3959.0,0.73
272,3959.0,0.73
273,3959.0,0.73
274,3959.0,0.73
275,3959.0,0.73
276,3959.0,0.73
277,3959.0,0.73
278,3959.0,0.73
279,3959.0,0.73
280,3959.0,0.73
281,3959.0,0.73
282,3959.0,0.73
283,3959.0,0.73
284,3959.0,0.73
285,3959.0,0.73
286,3959.0,0.73
287,3959.0,0.73
288,3959.0,0.73
289,3959.0,0.73
290,3959.0,0.73
291,3959.0,0.73
292,3959.0,0.73
293,3959.0,0.73
294,3959.0,0.73
295,3959.0,0.73
296,3959.0,0.73
297,3959.0,0.73
298,3959.0,0.73
299,3959.0,0.73
300,3959.0,0.73
301,3959.0,0.73
302,3959.0,0.73
303,3959.0,0.73
304,3959.0,0.73
305,3959.0,0.73
306,3959.0,0.73
307,3959.0,0.73
308,3959.0,0.73
309,3959.0,0.73
310,3959.0,0.73
311,3959.0,0.73
312,3959.0,0.73
313,3959.0,0.73
314,3959.0,0.73
315,3959.0,0.73
316,3959.0,0.73
317,3959.0,0.73
318,3959.0,0.73
319,3959.0,0.73
320,3959.0,0.73
321,3959.0,0.73
322,3959.0,0.73
323,3959.0,0.73
324,3959.0,0.73
325,3959.0,0.73
326,3959.0,0.73
327,3959.0,0.73
328,3959.0,0.73
329,3959.0,0.73
330,3967.0,0.73
331,3967.0,0.73
332,3967.0,0.73
333,3967.0,0.73
334,3967.0,0.73
335,3967.0,0.73
336,3967.0,0.73
337,3967.0,0.73
338,3967.0,0.73
339,3967.0,0.73
340,3967.0,0.73
341,3967.0,0.73
342,3967.0,0.73
343,3967.0,0.73
344,3967.0,0.73
345,3967.0,0.73
346,3967.0,0.73
347,3967.0,0.73
348,3967.0,0.73
349,3967.0,0.73
350,3967.0,0.73
351,3967.0,0.73
352,3967.0,0.73
353,3967.0,0.73
354,3967.0,0.73
355,3967.0,0.73
356,3967.0,0.73
357,3967.0,0.73
358,3967.0,0.73
359,3967.0,0.73
360,3967.0,0.73
361,3967.0,0.73
362,3967.0,0.73
363,3967.0,0.73
364,3967.0,0.73
365,3967.0,0.73
366,3967.0,0.73
367,3967.0,0.73
368,3967.0,0.73
369,3967.0,0.73
370,3967.0,0.73
371,3967.0,0.73
372,3967.0,0.73
373,3967.0,0.73
374,3967.0,0.73
375,3967.0,0.73
376,3967.0,0.73
377,3967.0,0.73
378,3967.0,0.73
379,3967.0,0.73
380,3967.0,0.73
381,3967.0,0.73
382,3967.0,0.73
383,3967.0,0.73
384,3967.0,0.73
385,3967.0,0.73
386,3967.0,0.73
387,3967.0,0.73
388,3967.0,0.73
389,3965.0,0.72
390,3965.0,0.72
391,3965.0,0.72
392,3965.0,0.72
393,3965.0,0.72
394,3965.0,0.72
395,3965.0,0.72
396,3965.0,0.72
397,3965.0,0.72
398,3965.0,0.72
399,3965.0,0.72
400,3965.0,0.72
401,3965.0,0.72
402,3965.0,0.72
403,3965.0,0.72
404,3965.0,0.72
405,3965.0,0.72
406,3965.0,0.72
407,3965.0,0.72
408,3965.0,0.72
409,3965.0,0.72
410,3965.0,0.72
411,3965.0,0.72
412,3965.0,0.72
413,3965.0,0.72
414,3965.0,0.72
415,3965.0,0.72
416,3965.0,0.72
417,3965.0,0.72
418,3965.0,0.72
419,3965.0,0.72
420,3965.0,0.72
421,3965.0,0.72
422,3965.0,0.72
423,3965.0,0.72
424,3965.0,0.72
425,3965.0,0.72
426,3965.0,0.72
427,3965.0,0.72
428,3965.0,0.72
429,3965.0,0.72
430,3965.0,0.72
431,3965.0,0.72
432,3965.0,0.72
433,3965.0,0.72
434,3965.0,0.72
435,3965.0,0.72
436,3965.0,0.72
437,3965.0,0.72
438,3965.0,0.72
439,3965.0,0.72
440,3965.0,0.72
441,3965.0,0.72
442,3965.0,0.72
443,3965.0,0.72
444,3965.0,0.72
445,3965.0,0.72
446,3965.0,0.72
447,3965.0,0.72
448,3963.0,0.72
449,3963.0,0.72
450,3963.0,0.72
451,3963.0,0.72
452,3963.0,0.72
453,3963.0,0.72
454,3963.0,0.72
455,3963.0,0.72
456,3963.0,0.72
457,3963.0,0.72
458,3963.0,0.72
459,3963.0,0.72
460,3963.0,0.72
461,3963.0,0.72
462,3963.0,0.72
463,3963.0,0.72
464,3963.0,0.72
465,3963.0,0.72
466,3963.0,0.72
467,3963.0,0.72
468,3963.0,0.72
469,3963.0,0.72
470,3963.0,0.72
471,3963.0,0.72
472,3963.0,0.72
473,3963.0,0.72
474,3963.0,0.72
475,3963.0,0.72
476,3963.0,0.72
477,3963.0,0.72
478,3963.0,0.72
479,3963.0,0.72
480,3963.0,0.72
481,3963.0,0.72
482,3963.0,0.72
483,3963.0,0.72
484,3963.0,0.72
485,3963.0,0.72
486,3963.0,0.72
487,3963.0,0.72
488,3963.0,0.72
489,3963.0,0.72
490,3963.0,0.72
491,3963.0,0.72
492,3963.0,0.72
493,3963.0,0.72
494,3963.0,0.72
495,3963.0,0.72
496,3963.0,0.72
497,3963.0,0.72
498,3963.0,0.72
499,3963.0,0.72
500,3963.0,0.72
501,3963.0,0.72
502,3963.0,0.72
503,3963.0,0.72
504,3963.0,0.72
505,3963.0,0.72
506,3963.0,0.72
507,3963.0,0.72
508,3961.0,0.72
509,3961.0,0.72
510,3961.0,0.72
511,3961.0,0.72
512,3961.0,0.72
513,3961.0,0.72
514,3961.0,0.72
515,3961.0,0.72
516,3961.0,0.72
517,3961.0,0.72
518,3961.0,0.72
519,3961.0,0.72
520,3961.0,0.72
521,3961.0,0.72
522,3961.0,0.72
523,3961.0,0.72
524,3961.0,0.72
525,3961.0,0.72
526,3961.0,0.72
527,3961.0,0.72
528,3961.0,0.72
529,3961.0,0.72
530,3961.0,0.72
531,3961.0,0.72
532,3961.0,0.72
533,3961.0,0.72
534,3961.0,0.72
535,3961.0,0.72
536,3961.0,0.72
537,3961.0,0.72
538,3961.0,0.72
539,3961.0,0.72
540,3961.0,0.72
541,3961.0,0.72
542,3961.0,0.72
543,3961.0,0.72
544,3961.0,0.72
545,3961.0,0.72
546,3961.0,0.72
547,3961.0,0.72
548,3961.0,0.72
549,3961.0,0.72
550,3961.0,0.72
551,3961.0,0.72
552,3961.0,0.72
553,3961.0,0.72
554,3961.0,0.72
555,3961.0,0.72
556,3961.0,0.72
557,3961.0,0.72
558,3961.0,0.72
559,3961.0,0.72
560,3961.0,0.72
561,3961.0,0.72
562,3961.0,0.72
563,3961.0,0.72
564,3961.0,0.72
565,3961.0,0.72
566,3961.0,0.72
567,3959.0,0.71
568,3959.0,0.71
569,3959.0,0.71
570,3959.0,0.71
571,3959.0,0.71
572,3959.0,0.71
573,3959.0,0.71
574,3959.0,0.71
575,3959.0,0.71
576,3959.0,0.71
577,3959.0,0.71
578,3959.0,0.71
579,3959.0,0.71
580,3959.0,0.71
581,3959.0,0.71
582,3959.0,0.71
583,3959.0,0.71
584,3959.0,0.71
585,3959.0,0.71
586,3959.0,0.71
587,3959.0,0.71
588,3959.0,0.71
589,3959.0,0.71
590,3959.0,0.71
591,3959.0,0.71
592,3959.0,0.71
593,3959.0,0.71
594,3959.0,0.71
595,3959.0,0.71
596,3959.0,0.71
597,3959.0,0.71
598,3959.0,0.71
599,3959.0,0.71
600,3959.0,0.71
601,3959.0,0.71
602,3959.0,0.71
603,3959.0,0.71
604,3959.0,0.71
605,3959.0,0.71
606,3959.0,0.71
607,3959.0,0.71
608,3959.0,0.71
609,3959.0,0.71
610,3959.0,0.71
611,3959.0,0.71
612,3959.0,0.71
613,3959.0,0.71
614,3959.0,0.71
615,3959.0,0.71
616,3959.0,0.71
617,3959.0,0.71
618,3959.0,0.71
619,3959.0,0.71
620,3959.0,0.71
621,3959.0,0.71
622,3959.0,0.71
623,3959.0,0.71
624,3959.0,0.71
625,3959.0,0.71
626,3957.0,0.71
627,3957.0,0.71
628,3957.0,0.71
629,3957.0,0.71
630,3957.0,0.71
631,3957.0,0.71
632,3957.0,0.71
633,3957.0,0.71
634,3957.0,0.71
635,3957.0,0.71
636,3957.0,0.71
637,3957.0,0.71
638,3957.0,0.71
639,3957.0,0.71
640,3957.0,0.71
641,3957.0,0.71
642,3957.0,0.71
643,3957.0,0.71
644,3957.0,0.71
645,3957.0,0.71
646,3957.0,0.71
647,3957.0,0.71
648,3957.0,0.71
649,3957.0,0.71
650,3957.0,0.71
651,3957.0,0.71
652,3957.0,0.71
653,3957.0,0.71
654,3957.0,0.71
655,3956.0,0.71
656,3956.0,0.71
657,3956.0,0.71
658,3956.0,0.71
659,3956.0,0.71
660,3956.0,0.71
661,3956.0,0.71
662,3956.0,0.71
663,3956.0,0.71
664,3956.0,0.71
665,3956.0,0.71
666,3956.0,0.71
667,3956.0,0.71
668,3956.0,0.71
669,3956.0,0.71
670,3956.0,0.71
671,3956.0,0.71
672,3956.0,0.71
673,3956.0,0.71
674,3956.0,0.71
675,3956.0,0.71
676,3956.0,0.71
677,3956.0,0.71
678,3956.0,0.71
679,3956.0,0.71
680,3956.0,0.71
681,3956.0,0.71
682,3956.0,0.71
683,3956.0,0.71
684,3956.0,0.71
685,3953.0,0.71
686,3953.0,0.71
687,3953.0,0.71
688,3953.0,0.71
689,3953.0,0.71
690,3953.0,0.71
691,3953.0,0.71
692,3953.0,0.71
693,3953.0,0.71
694,3953.0,0.71
695,3953.0,0.71
696,3953.0,0.71
697,3953.0,0.71
698,3953.0,0.71
699,3953.0,0.71
700,3953.0,0.71
701,3953.0,0.71
702,3953.0,0.71
703,3953.0,0.71
704,3953.0,0.71
705,3953.0,0.71
706,3953.0,0.71
707,3953.0,0.71
708,3953.0,0.71
709,3953.0,0.71
710,3953.0,0.71
711,3953.0,0.71
712,3953.0,0.71
713,3953.0,0.71
714,3953.0,0.71
715,3953.0,0.71
716,3953.0,0.71
717,3953.0,0.71
718,3953.0,0.71
719,3953.0,0.71
720,3953.0,0.71
721,3953.0,0.71
722,3953.0,0.71
723,3953.0,0.71
724,3953.0,0.71
725,3953.0,0.71
726,3953.0,0.71
727,3953.0,0.71
728,3953.0,0.71
729,3953.0,0.71
730,3953.0,0.71
731,3953.0,0.71
732,3953.0,0.71
733,3953.0,0.71
734,3953.0,0.71
735,3953.0,0.71
736,3953.0,0.71
737,3953.0,0.71
738,3953.0,0.71
739,3953.0,0.71
740,3953.0,0.71
741,3953.0,0.71
742,3953.0,0.71
743,3953.0,0.71
744,3953.0,0.71
745,3948.0,0.71
746,3948.0,0.71
747,3948.0,0.71
748,3948.0,0.71
749,3948.0,0.71
750,3948.0,0.71
751,3948.0,0.71
752,3948.0,0.71
753,3948.0,0.71
754,3948.0,0.71
755,3948.0,0.71
756,3948.0,0.71
757,3948.0,0.71
758,3948.0,0.71
759,3948.0,0.71
760,3948.0,0.71
761,3948.0,0.71
762,3948.0,0.71
763,3948.0,0.71
764,3948.0,0.71
765,3948.0,0.71
766,3948.0,0.71
767,3948.0,0.71
768,3948.0,0.71
769,3948.0,0.71
770,3948.0,0.71
771,3948.0,0.71
772,3948.0,0.71
773,3948.0,0.71
774,3948.0,0.71
775,3948.0,0.71
776,3948.0,0.71
777,3948.0,0.71
778,3948.0,0.71
779,3948.0,0.71
780,3948.0,0.71
781,3948.0,0.71
782,3948.0,0.71
783,3948.0,0.71
784,3948.0,0.71
785,3948.0,0.71
786,3948.0,0.71
787,3948.0,0.71
788,3948.0,0.71
789,3948.0,0.71
790,3948.0,0.71
791,3948.0,0.71
792,3948.0,0.71
793,3948.0,0.71
794,3948.0,0.71
795,3948.0,0.71
796,3948.0,0.71
797,3948.0,0.71
798,3948.0,0.71
799,3948.0,0.71
800,3948.0,0.71
801,3948.0,0.71
802,3948.0,0.71
803,3948.0,0.71
804,3946.0,0.71
805,3946.0,0.71
806,3946.0,0.71
807,3946.0,0.71
808,3946.0,0.71
809,3946.0,0.71
810,3946.0,0.71
811,3946.0,0.71
812,3946.0,0.71
813,3946.0,0.71
814,3946.0,0.71
815,3946.0,0.71
816,3946.0,0.71
817,3946.0,0.71
818,3946.0,0.71
819,3946.0,0.71
820,3946.0,0.71
821,3946.0,0.71
822,3946.0,0.71
823,3946.0,0.71
824,3946.0,0.71
825,3946.0,0.71
826,3946.0,0.71
827,3946.0,0.71
828,3946.0,0.71
829,3946.0,0.71
830,3946.0,0.71
831,3946.0,0.71
832,3946.0,0.71
833,3946.0,0.71
834,3946.0,0.71
835,3946.0,0.71
836,3946.0,0.71
837,3946.0,0.71
838,3946.0,0.71
839,3946.0,0.71
840,3946.0,0.71
841,3946.0,0.71
842,3946.0,0.71
843,3946.0,0.71
844,3946.0,0.71
845,3946.0,0.71
846,3946.0,0.71
847,3946.0,0.71
848,3946.0,0.71
849,3946.0,0.71
850,3946.0,0.71
851,3946.0,0.71
852,3946.0,0.71
853,3946.0,0.71
854,3946.0,0.71
855,3946.0,0.71
856,3946.0,0.71
857,3946.0,0.71
858,3946.0,0.71
859,3946.0,0.71
860,3946.0,0.71
861,3946.0,0.71
862,3946.0,0.71
863,3946.0,0.71
864,3947.0,0.71
865,3947.0,0.71
866,3947.0,0.71
867,3947.0,0.71
868,3947.0,0.71
869,3947.0,0.71
870,3947.0,0.71
871,3947.0,0.71
872,3947.0,0.71
873,3947.0,0.71
874,3947.0,0.71
875,3947.0,0.71
876,3947.0,0.71
877,3947.0,0.71
878,3947.0,0.71
879,3947.0,0.71
880,3947.0,0.71
881,3947.0,0.71
882,3947.0,0.71
883,3947.0,0.71
884,3947.0,0.71
885,3947.0,0.71
886,3947.0,0.71
887,3947.0,0.71
888,3947.0,0.71
889,3947.0,0.71
890,3947.0,0.71
891,3947.0,0.71
892,3947.0,0.71
893,3947.0,0.71
894,3947.0,0.71
895,3947.0,0.71
896,3947.0,0.71
897,3947.0,0.71
898,3947.0,0.71
899,3947.0,0.71
900,3947.0,0.71
901,3947.0,0.71
902,3947.0,0.71
903,3947.0,0.71
904,3947.0,0.71
905,3947.0,0.71
906,3947.0,0.71
907,3947.0,0.71
908,3947.0,0.71
909,3947.0,0.71
910,3947.0,0.71
911,3947.0,0.71
912,3947.0,0.71
913,3947.0,0.71
914,3947.0,0.71
915,3947.0,0.71
916,3947.0,0.71
917,3947.0,0.71
918,3947.0,0.71
919,3947.0,0.71
920,3947.0,0.71
921,3947.0,0.71
922,3947.0,0.71
923,3945.0,0.7
924,3945.0,0.7
925,3945.0,0.7
926,3945.0,0.7
927,3945.0,0.7
928,3945.0,0.7
929,3945.0,0.7
930,3945.0,0.7
931,3945.0,0.7
932,3945.0,0.7
933,3945.0,0.7
934,3945.0,0.7
935,3945.0,0.7
936,3945.0,0.7
937,3945.0,0.7
938,3945.0,0.7
939,3945.0,0.7
940,3945.0,0.7
941,3945.0,0.7
942,3945.0,0.7
943,3945.0,0.7
944,3945.0,0.7
945,3945.0,0.7
946,3945.0,0.7
947,3945.0,0.7
948,3945.0,0.7
949,3945.0,0.7
950,3945.0,0.7
951,3945.0,0.7
952,3945.0,0.7
953,3945.0,0.7
954,3945.0,0.7
955,3945.0,0.7
956,3945.0,0.7
957,3945.0,0.7
958,3945.0,0.7
959,3945.0,0.7
960,3945.0,0.7
961,3945.0,0.7
962,3945.0,0.7
963,3945.0,0.7
964,3945.0,0.7
965,3945.0,0.7
966,3945.0,0.7
967,3945.0,0.7
968,3945.0,0.7
969,3945.0,0.7
970,3945.0,0.7
971,3945.0,0.7
972,3945.0,0.7
973,3945.0,0.7
974,3945.0,0.7
975,3945.0,0.7
976,3945.0,0.7
977,3945.0,0.7
978,3945.0,0.7
979,3945.0,0.7
980,3945.0,0.7
981,3945.0,0.7
982,3943.0,0.7
983,3943.0,0.7
984,3943.0,0.7
985,3943.0,0.7
986,3943.0,0.7
987,3943.0,0.7
988,3943.0,0.7
989,3943.0,0.7
990,3943.0,0.7
991,3943.0,0.7
992,3943.0,0.7
993,3943.0,0.7
994,3943.0,0.7
995,3943.0,0.7
996,3943.0,0.7
997,3943.0,0.7
998,3943.0,0.7
999,3943.0,0.7
1000,3943.0,0.7
1001,3943.0,0.7
1002,3943.0,0.7
1003,3943.0,0.7
1004,3943.0,0.7
1005,3943.0,0.7
1006,3943.0,0.7
1007,3943.0,0.7
1008,3943.0,0.7
1009,3943.0,0.7
1010,3943.0,0.7
1011,3943.0,0.7
1012,3943.0,0.7
1013,3943.0,0.7
1014,3943.0,0.7
1015,3943.0,0.7
1016,3943.0,0.7
1017,3943.0,0.7
1018,3943.0,0.7
1019,3943.0,0.7
1020,3943.0,0.7
1021,3943.0,0.7
1022,3943.0,0.7
1023,3943.0,0.7
1024,3943.0,0.7
1025,3943.0,0.7
1026,3943.0,0.7
1027,3943.0,0.7
1028,3943.0,0.7
1029,3943.0,0.7
1030,3943.0,0.7
1031,3943.0,0.7
1032,3943.0,0.7
1033,3943.0,0.7
1034,3943.0,0.7
1035,3943.0,0.7
1036,3943.0,0.7
1037,3943.0,0.7
1038,3943.0,0.7
1039,3943.0,0.7
1040,3943.0,0.7
1041,3943.0,0.7
1042,3942.0,0.7
1043,3942.0,0.7
1044,3942.0,0.7
1045,3942.0,0.7
1046,3942.0,0.7
1047,3942.0,0.7
1048,3942.0,0.7
1049,3942.0,0.7
1050,3942.0,0.7
1051,3942.0,0.7
1052,3942.0,0.7
1053,3942.0,0.7
1054,3942.0,0.7
1055,3942.0,0.7
1056,3942.0,0.7
1057,3942.0,0.7
1058,3942.0,0.7
1059,3942.0,0.7
1060,3942.0,0.7
1061,3942.0,0.7
1062,3942.0,0.7
1063,3942.0,0.7
1064,3942.0,0.7
1065,3942.0,0.7
1066,3942.0,0.7
1067,3942.0,0.7
1068,3942.0,0.7
1069,3942.0,0.7
1070,3942.0,0.7
1071,3942.0,0.7
1072,3939.0,0.7
1073,3939.0,0.7
1074,3939.0,0.7
1075,3939.0,0.7
1076,3939.0,0.7
1077,3939.0,0.7
1078,3939.0,0.7
1079,3939.0,0.7
1080,3939.0,0.7
1081,3939.0,0.7
1082,3939.0,0.7
1083,3939.0,0.7
1084,3939.0,0.7
1085,3939.0,0.7
1086,3939.0,0.7
1087,3939.0,0.7
1088,3939.0,0.7
1089,3939.0,0.7
1090,3939.0,0.7
1091,3939.0,0.7
1092,3939.0,0.7
1093,3939.0,0.7
1094,3939.0,0.7
1095,3939.0,0.7
1096,3939.0,0.7
1097,3939.0,0.7
1098,3939.0,0.7
1099,3939.0,0.7
1100,3939.0,0.7
1101,3935.0,0.7
1102,3935.0,0.7
1103,3935.0,0.7
1104,3935.0,0.7
1105,3935.0,0.7
1106,3935.0,0.7
1107,3935.0,0.7
1108,3935.0,0.7
1109,3935.0,0.7
1110,3935.0,0.7
1111,3935.0,0.7
1112,3935.0,0.7
1113,3935.0,0.7
1114,3935.0,0.7
1115,3935.0,0.7
1116,3935.0,0.7
1117,3935.0,0.7
1118,3935.0,0.7
1119,3935.0,0.7
1120,3935.0,0.7
1121,3935.0,0.7
1122,3935.0,0.7
1123,3935.0,0.7
1124,3935.0,0.7
1125,3935.0,0.7
1126,3935.0,0.7
1127,3935.0,0.7
1128,3935.0,0.7
1129,3935.0,0.7
1130,3935.0,0.7
1131,3935.0,0.7
1132,3935.0,0.7
1133,3935.0,0.7
1134,3935.0,0.7
1135,3935.0,0.7
1136,3935.0,0.7
1137,3935.0,0.7
1138,3935.0,0.7
1139,3935.0,0.7
1140,3935.0,0.7
1141,3935.0,0.7
1142,3935.0,0.7
1143,3935.0,0.7
1144,3935.0,0.7
1145,3935.0,0.7
1146,3935.0,0.7
1147,3935.0,0.7
1148,3935.0,0.7
1149,3935.0,0.7
1150,3935.0,0.7
1151,3935.0,0.7
1152,3935.0,0.7
1153,3935.0,0.7
1154,3935.0,0.7
1155,3935.0,0.7
1156,3935.0,0.7
1157,3935.0,0.7
1158,3935.0,0.7
1159,3935.0,0.7
1160,3935.0,0.7
1161,3926.0,0.7
1162,3926.0,0.7
1163,3926.0,0.7
1164,3926.0,0.7
1165,3926.0,0.7
1166,3926.0,0.7
1167,3926.0,0.7
1168,3926.0,0.7
1169,3926.0,0.7
1170,3926.0,0.7
1171,3926.0,0.7
1172,3926.0,0.7
1173,3926.0,0.7
1174,3926.0,0.7
1175,3926.0,0.7
1176,3926.0,0.7
1177,3926.0,0.7
1178,3926.0,0.7
1179,3926.0,0.7
1180,3926.0,0.7
1181,3926.0,0.7
1182,3926.0,0.7
1183,3926.0,0.7
1184,3926.0,0.7
1185,3926.0,0.7
1186,3926.0,0.7
1187,3926.0,0.7
1188,3926.0,0.7
1189,3926.0,0.7
1190,3926.0,0.7
1191,3926.0,0.7
1192,3926.0,0.7
1193,3926.0,0.7
1194,3926.0,0.7
1195,3926.0,0.7
1196,3926.0,0.7
1197,3926.0,0.7
1198,3926.0,0.7
1199,3926.0,0.7
1200,3926.0,0.7
1201,3926.0,0.7
1202,3926.0,0.7
1203,3926.0,0.7
1204,3926.0,0.7
1205,3926.0,0.7
1206,3926.0,0.7
1207,3926.0,0.7
1208,3926.0,0.7
1209,3926.0,0.7
1210,3926.0,0.7
1211,3926.0,0.7
1212,3926.0,0.7
1213,3926.0,0.7
1214,3926.0,0.7
1215,3926.0,0.7
1216,3926.0,0.7
1217,3926.0,0.7
1218,3926.0,0.7
1219,3926.0,0.7
1220,3937.0,0.69
1221,3937.0,0.69
1222,3937.0,0.69
1223,3937.0,0.69
1224,3937.0,0.69
1225,3937.0,0.69
1226,3937.0,0.69
1227,3937.0,0.69
1228,3937.0,0.69
1229,3937.0,0.69
1230,3937.0,0.69
1231,3937.0,0.69
1232,3937.0,0.69
1233,3937.0,0.69
1234,3937.0,0.69
1235,3937.0,0.69
1236,3937.0,0.69
1237,3937.0,0.69
1238,3937.0,0.69
1239,3937.0,0.69
1240,3937.0,0.69
1241,3937.0,0.69
1242,3937.0,0.69
1243,3937.0,0.69
1244,3937.0,0.69
1245,3937.0,0.69
1246,3937.0,0.69
1247,3937.0,0.69
1248,3937.0,0.69
1249,3937.0,0.69
1250,3937.0,0.69
1251,3937.0,0.69
1252,3937.0,0.69
1253,3937.0,0.69
1254,3937.0,0.69
1255,3937.0,0.69
1256,3937.0,0.69
1257,3937.0,0.69
1258,3937.0,0.69
1259,3937.0,0.69
1260,3937.0,0.69
1261,3937.0,0.69
1262,3937.0,0.69
1263,3937.0,0.69
1264,3937.0,0.69
1265,3937.0,0.69
1266,3937.0,0.69
1267,3937.0,0.69
1268,3937.0,0.69
1269,3937.0,0.69
1270,3937.0,0.69
1271,3937.0,0.69
1272,3937.0,0.69
1273,3937.0,0.69
1274,3937.0,0.69
1275,3937.0,0.69
1276,3937.0,0.69
1277,3937.0,0.69
1278,3937.0,0.69
1279,3937.0,0.69
1280,3934.0,0.69
1281,3934.0,0.69
1282,3934.0,0.69
1283,3934.0,0.69
1284,3934.0,0.69
1285,3934.0,0.69
1286,3934.0,0.69
1287,3934.0,0.69
1288,3934.0,0.69
1289,3934.0,0.69
1290,3934.0,0.69
1291,3934.0,0.69
1292,3934.0,0.69
1293,3934.0,0.69
1294,3934.0,0.69
1295,3934.0,0.69
1296,3934.0,0.69
1297,3934.0,0.69
1298,3934.0,0.69
1299,3934.0,0.69
1300,3934.0,0.69
1301,3934.0,0.69
1302,3934.0,0.69
1303,3934.0,0.69
1304,3934.0,0.69
1305,3934.0,0.69
1306,3934.0,0.69
1307,3934.0,0.69
1308,3934.0,0.69
1309,3934.0,0.69
1310,3934.0,0.69
1311,3934.0,0.69
1312,3934.0,0.69
1313,3934.0,0.69
1314,3934.0,0.69
1315,3934.0,0.69
1316,3934.0,0.69
1317,3934.0,0.69
1318,3934.0,0.69
1319,3934.0,0.69
1320,3934.0,0.69
1321,3934.0,0.69
1322,3934.0,0.69
1323,3934.0,0.69
1324,3934.0,0.69
1325,3934.0,0.69
1326,3934.0,0.69
1327,3934.0,0.69
1328,3934.0,0.69
1329,3934.0,0.69
1330,3934.0,0.69
1331,3934.0,0.69
1332,3934.0,0.69
1333,3934.0,0.69
1334,3934.0,0.69
1335,3934.0,0.69
1336,3934.0,0.69
1337,3934.0,0.69
1338,3934.0,0.69
1339,3932.0,0.69
1340,3932.0,0.69
1341,3932.0,0.69
1342,3932.0,0.69
1343,3932.0,0.69
1344,3932.0,0.69
1345,3932.0,0.69
1346,3932.0,0.69
1347,3932.0,0.69
1348,3932.0,0.69
1349,3932.0,0.69
1350,3932.0,0.69
1351,3932.0,0.69
1352,3932.0,0.69
1353,3932.0,0.69
1354,3932.0,0.69
1355,3932.0,0.69
1356,3932.0,0.69
1357,3932.0,0.69
1358,3932.0,0.69
1359,3932.0,0.69
1360,3932.0,0.69
1361,3932.0,0.69
1362,3932.0,0.69
1363,3932.0,0.69
1364,3932.0,0.69
1365,3932.0,0.69
1366,3932.0,0.69
1367,3932.0,0.69
1368,3932.0,0.69
1369,3932.0,0.69
1370,3932.0,0.69
1371,3932.0,0.69
1372,3932.0,0.69
1373,3932.0,0.69
1374,3932.0,0.69
1375,3932.0,0.69
1376,3932.0,0.69
1377,3932.0,0.69
1378,3932.0,0.69
1379,3932.0,0.69
1380,3932.0,0.69
1381,3932.0,0.69
1382,3932.0,0.69
1383,3932.0,0.69
1384,3932.0,0.69
1385,3932.0,0.69
1386,3932.0,0.69
1387,3932.0,0.69
1388,3932.0,0.69
1389,3932.0,0.69
1390,3932.0,0.69
1391,3932.0,0.69
1392,3932.0,0.69
1393,3932.0,0.69
1394,3932.0,0.69
1395,3932.0,0.69
1396,3932.0,0.69
1397,3932.0,0.69
1398,3930.0,0.68
1399,3930.0,0.68
1400,3930.0,0.68
1401,3930.0,0.68
1402,3930.0,0.68
1403,3930.0,0.68
1404,3930.0,0.68
1405,3930.0,0.68
1406,3930.0,0.68
1407,3930.0,0.68
1408,3930.0,0.68
1409,3930.0,0.68
1410,3930.0,0.68
1411,3930.0,0.68
1412,3930.0,0.68
1413,3930.0,0.68
1414,3930.0,0.68
1415,3930.0,0.68
1416,3930.0,0.68
1417,3930.0,0.68
1418,3930.0,0.68
1419,3930.0,0.68
1420,3930.0,0.68
1421,3930.0,0.68
1422,3930.0,0.68
1423,3930.0,0.68
1424,3930.0,0.68
1425,3930.0,0.68
1426,3930.0,0.68
1427,3930.0,0.68
1428,3930.0,0.68
1429,3930.0,0.68
1430,3930.0,0.68
1431,3930.0,0.68
1432,3930.0,0.68
1433,3930.0,0.68
1434,3930.0,0.68
1435,3930.0,0.68
1436,3930.0,0.68
1437,3930.0,0.68
1438,3930.0,0.68
1439,3930.0,0.68
1440,3930.0,0.68
1441,3930.0,0.68
1442,3930.0,0.68
1443,3930.0,0.68
1444,3930.0,0.68
1445,3930.0,0.68
1446,3930.0,0.68
1447,3930.0,0.68
1448,3930.0,0.68
1449,3930.0,0.68
1450,3930.0,0.68
1451,3930.0,0.68
1452,3930.0,0.68
1453,3930.0,0.68
1454,3930.0,0.68
1455,3930.0,0.68
1456,3930.0,0.68
1457,3930.0,0.68
1458,3928.0,0.68
1459,3928.0,0.68
1460,3928.0,0.68
1461,3928.0,0.68
1462,3928.0,0.68
1463,3928.0,0.68
1464,3928.0,0.68
1465,3928.0,0.68
1466,3928.0,0.68
1467,3928.0,0.68
1468,3928.0,0.68
1469,3928.0,0.68
1470,3928.0,0.68
1471,3928.0,0.68
1472,3928.0,0.68
1473,3928.0,0.68
1474,3928.0,0.68
1475,3928.0,0.68
1476,3928.0,0.68
1477,3928.0,0.68
1478,3928.0,0.68
1479,3928.0,0.68
1480,3928.0,0.68
1481,3928.0,0.68
1482,3928.0,0.68
1483,3928.0,0.68
1484,3928.0,0.68
1485,3928.0,0.68
1486,3928.0,0.68
1487,3928.0,0.68
1488,3928.0,0.68
1489,3928.0,0.68
1490,3928.0,0.68
1491,3928.0,0.68
1492,3928.0,0.68
1493,3928.0,0.68
1494,3928.0,0.68
1495,3928.0,0.68
1496,3928.0,0.68
1497,3928.0,0.68
1498,3928.0,0.68
1499,3928.0,0.68
1500,3928.0,0.68
1501,3928.0,0.68
1502,3928.0,0.68
1503,3928.0,0.68
1504,3928.0,0.68
1505,3928.0,0.68
1506,3928.0,0.68
1507,3928.0,0.68
1508,3928.0,0.68
1509,3928.0,0.68
1510,3928.0,0.68
1511,3928.0,0.68
1512,3928.0,0.68
1513,3928.0,0.68
1514,3927.0,0.68
1515,3927.0,0.68
1516,3927.0,0.68
1517,3916.0,0.68
1518,3916.0,0.68
1519,3916.0,0.68
1520,3916.0,0.68
1521,3916.0,0.68
1522,3916.0,0.68
1523,3916.0,0.68
1524,3916.0,0.68
1525,3916.0,0.68
1526,3916.0,0.68
1527,3916.0,0.68
1528,3916.0,0.68
1529,3916.0,0.68
1530,3916.0,0.68
1531,3916.0,0.68
1532,3916.0,0.68
1533,3916.0,0.68
1534,3916.0,0.68
1535,3916.0,0.68
1536,3916.0,0.68
1537,3916.0,0.68
1538,3916.0,0.68
1539,3916.0,0.68
1540,3916.0,0.68
1541,3916.0,0.68
1542,3916.0,0.68
1543,3916.0,0.68
1544,3916.0,0.68
1545,3916.0,0.68
1546,3916.0,0.68
1547,3916.0,0.68
1548,3916.0,0.68
1549,3916.0,0.68
1550,3916.0,0.68
1551,3916.0,0.68
1552,3916.0,0.68
1553,3916.0,0.68
1554,3916.0,0.68
1555,3916.0,0.68
1556,3916.0,0.68
1557,3916.0,0.68
1558,3916.0,0.68
1559,3916.0,0.68
1560,3916.0,0.68
1561,3916.0,0.68
1562,3916.0,0.68
1563,3916.0,0.68
1564,3916.0,0.68
1565,3916.0,0.68
1566,3916.0,0.68
1567,3916.0,0.68
1568,3916.0,0.68
1569,3916.0,0.68
1570,3916.0,0.68
1571,3916.0,0.68
1572,3916.0,0.68
1573,3916.0,0.68
1574,3916.0,0.68
1575,3916.0,0.68
1576,3916.0,0.68
1577,3922.0,0.68
1578,3922.0,0.68
1579,3922.0,0.68
1580,3922.0,0.68
1581,3922.0,0.68
1582,3922.0,0.68
1583,3922.0,0.68
1584,3922.0,0.68
1585,3922.0,0.68
1586,3922.0,0.68
1587,3922.0,0.68
1588,3922.0,0.68
1589,3922.0,0.68
1590,3922.0,0.68
1591,3922.0,0.68
1592,3922.0,0.68
1593,3922.0,0.68
1594,3922.0,0.68
1595,3922.0,0.68
1596,3922.0,0.68
1597,3922.0,0.68
1598,3922.0,0.68
1599,3922.0,0.68
1600,3922.0,0.68
1601,3922.0,0.68
1602,3922.0,0.68
1603,3922.0,0.68
1604,3922.0,0.68
1605,3922.0,0.68
1606,3922.0,0.68
1607,3922.0,0.68
1608,3922.0,0.68
1609,3922.0,0.68
1610,3922.0,0.68
1611,3922.0,0.68
1612,3922.0,0.68
1613,3922.0,0.68
1614,3922.0,0.68
1615,3922.0,0.68
1616,3922.0,0.68
1617,3922.0,0.68
1618,3922.0,0.68
1619,3922.0,0.68
1620,3922.0,0.68
1621,3922.0,0.68
1622,3922.0,0.68
1623,3922.0,0.68
1624,3922.0,0.68
1625,3922.0,0.68
1626,3922.0,0.68
1627,3922.0,0.68
1628,3922.0,0.68
1629,3922.0,0.68
1630,3922.0,0.68
1631,3922.0,0.68
1632,3922.0,0.68
1633,3922.0,0.68
1634,3922.0,0.68
1635,3922.0,0.68
1636,3914.0,0.68
1637,3914.0,0.68
1638,3914.0,0.68
1639,3914.0,0.68
1640,3914.0,0.68
1641,3914.0,0.68
1642,3914.0,0.68
1643,3914.0,0.68
1644,3914.0,0.68
1645,3914.0,0.68
1646,3914.0,0.68
1647,3914.0,0.68
1648,3914.0,0.68
1649,3914.0,0.68
1650,3914.0,0.68
1651,3914.0,0.68
1652,3914.0,0.68
1653,3914.0,0.68
1654,3914.0,0.68
1655,3914.0,0.68
1656,3914.0,0.68
1657,3914.0,0.68
1658,3914.0,0.68
1659,3914.0,0.68
1660,3914.0,0.68
1661,3914.0,0.68
1662,3914.0,0.68
1663,3914.0,0.68
1664,3914.0,0.68
1665,3914.0,0.68
1666,3914.0,0.68
1667,3914.0,0.68
1668,3914.0,0.68
1669,3914.0,0.68
1670,3914.0,0.68
1671,3914.0,0.68
1672,3914.0,0.68
1673,3914.0,0.68
1674,3914.0,0.68
1675,3914.0,0.68
1676,3914.0,0.68
1677,3914.0,0.68
1678,3914.0,0.68
1679,3914.0,0.68
1680,3914.0,0.68
1681,3914.0,0.68
1682,3914.0,0.68
1683,3914.0,0.68
1684,3914.0,0.68
1685,3914.0,0.68
1686,3914.0,0.68
1687,3914.0,0.68
1688,3914.0,0.68
1689,3914.0,0.68
1690,3914.0,0.68
1691,3914.0,0.68
1692,3914.0,0.68
1693,3914.0,0.68
1694,3914.0,0.68
1695,3914.0,0.68
1696,3922.0,0.68
1697,3922.0,0.68
1698,3922.0,0.68
1699,3922.0,0.68
1700,3922.0,0.68
1701,3922.0,0.68
1702,3922.0,0.68
1703,3922.0,0.68
1704,3922.0,0.68
1705,3922.0,0.68
1706,3922.0,0.68
1707,3922.0,0.68
1708,3922.0,0.68
1709,3922.0,0.68
1710,3922.0,0.68
1711,3922.0,0.68
1712,3922.0,0.68
1713,3922.0,0.68
1714,3922.0,0.68
1715,3922.0,0.68
1716,3922.0,0.68
1717,3922.0,0.68
1718,3922.0,0.68
1719,3922.0,0.68
1720,3922.0,0.68
1721,3922.0,0.68
1722,3922.0,0.68
1723,3922.0,0.68
1724,3922.0,0.68
1725,3922.0,0.68
1726,3922.0,0.68
1727,3922.0,0.68
1728,3922.0,0.68
1729,3922.0,0.68
1730,3922.0,0.68
1731,3922.0,0.68
1732,3922.0,0.68
1733,3922.0,0.68
1734,3922.0,0.68
1735,3922.0,0.68
1736,3922.0,0.68
1737,3922.0,0.68
1738,3922.0,0.68
1739,3922.0,0.68
1740,3922.0,0.68
1741,3922.0,0.68
1742,3922.0,0.68
1743,3922.0,0.68
1744,3922.0,0.68
1745,3922.0,0.68
1746,3922.0,0.68
1747,3922.0,0.68
1748,3922.0,0.68
1749,3922.0,0.68
1750,3922.0,0.68
1751,3922.0,0.68
1752,3922.0,0.68
1753,3922.0,0.68
1754,3922.0,0.68
1755,3916.0,0.67
1756,3916.0,0.67
1757,3916.0,0.67
1758,3916.0,0.67
1759,3916.0,0.67
1760,3916.0,0.67
1761,3916.0,0.67
1762,3916.0,0.67
1763,3916.0,0.67
1764,3916.0,0.67
1765,3916.0,0.67
1766,3916.0,0.67
1767,3916.0,0.67
1768,3916.0,0.67
1769,3916.0,0.67
1770,3916.0,0.67
1771,3916.0,0.67
1772,3916.0,0.67
1773,3916.0,0.67
1774,3916.0,0.67
1775,3916.0,0.67
1776,3916.0,0.67
1777,3916.0,0.67
1778,3916.0,0.67
1779,3916.0,0.67
1780,3916.0,0.67
1781,3916.0,0.67
1782,3916.0,0.67
1783,3916.0,0.67
1784,3916.0,0.67
1785,3916.0,0.67
1786,3916.0,0.67
1787,3916.0,0.67
1788,3916.0,0.67
1789,3916.0,0.67
1790,3916.0,0.67
1791,3916.0,0.67
1792,3916.0,0.67
1793,3916.0,0.67
1794,3916.0,0.67
1795,3916.0,0.67
1796,3916.0,0.67
1797,3916.0,0.67
1798,3916.0,0.67
1799,3916.0,0.67
1800,3916.0,0.67
1801,3916.0,0.67
1802,3916.0,0.67
1803,3916.0,0.67
1804,3916.0,0.67
1805,3916.0,0.67
1806,3916.0,0.67
1807,3916.0,0.67
1808,3916.0,0.67
1809,3916.0,0.67
1810,3916.0,0.67
1811,3916.0,0.67
1812,3916.0,0.67
1813,3916.0,0.67
1814,3916.0,0.67
1815,3917.0,0.67
1816,3917.0,0.67
1817,3917.0,0.67
1818,3917.0,0.67
1819,3917.0,0.67
1820,3917.0,0.67
1821,3917.0,0.67
1822,3917.0,0.67
1823,3917.0,0.67
1824,3917.0,0.67
1825,3917.0,0.67
1826,3917.0,0.67
1827,3917.0,0.67
1828,3917.0,0.67
1829,3917.0,0.67
1830,3917.0,0.67
1831,3917.0,0.67
1832,3917.0,0.67
1833,3917.0,0.67
1834,3917.0,0.67
1835,3917.0,0.67
1836,3917.0,0.67
1837,3917.0,0.67
1838,3917.0,0.67
1839,3917.0,0.67
1840,3917.0,0.67
1841,3917.0,0.67
1842,3917.0,0.67
1843,3917.0,0.67
1844,3917.0,0.67
1845,3917.0,0.67
1846,3917.0,0.67
1847,3917.0,0.67
1848,3917.0,0.67
1849,3917.0,0.67
1850,3917.0,0.67
1851,3917.0,0.67
1852,3917.0,0.67
1853,3917.0,0.67
1854,3917.0,0.67
1855,3917.0,0.67
1856,3917.0,0.67
1857,3917.0,0.67
1858,3917.0,0.67
1859,3917.0,0.67
1860,3917.0,0.67
1861,3917.0,0.67
1862,3917.0,0.67
1863,3917.0,0.67
1864,3917.0,0.67
1865,3917.0,0.67
1866,3917.0,0.67
1867,3917.0,0.67
1868,3917.0,0.67
1869,3917.0,0.67
1870,3917.0,0.67
1871,3917.0,0.67
1872,3917.0,0.67
1873,3917.0,0.67
1874,3907.0,0.67
1875,3907.0,0.67
1876,3907.0,0.67
1877,3907.0,0.67
1878,3907.0,0.67
1879,3907.0,0.67
1880,3907.0,0.67
1881,3907.0,0.67
1882,3907.0,0.67
1883,3907.0,0.67
1884,3907.0,0.67
1885,3907.0,0.67
1886,3907.0,0.67
1887,3907.0,0.67
1888,3907.0,0.67
1889,3907.0,0.67
1890,3907.0,0.67
1891,3907.0,0.67
1892,3907.0,0.67
1893,3907.0,0.67
1894,3907.0,0.67
1895,3907.0,0.67
1896,3907.0,0.67
1897,3907.0,0.67
1898,3907.0,0.67
1899,3907.0,0.67
1900,3907.0,0.67
1901,3907.0,0.67
1902,3907.0,0.67
1903,3907.0,0.67
1904,3907.0,0.67
1905,3907.0,0.67
1906,3907.0,0.67
1907,3907.0,0.67
1908,3907.0,0.67
1909,3907.0,0.67
1910,3907.0,0.67
1911,3907.0,0.67
1912,3907.0,0.67
1913,3907.0,0.67
1914,3907.0,0.67
1915,3907.0,0.67
1916,3907.0,0.67
1917,3907.0,0.67
1918,3907.0,0.67
1919,3907.0,0.67
1920,3907.0,0.67
1921,3907.0,0.67
1922,3907.0,0.67
1923,3907.0,0.67
1924,3907.0,0.67
1925,3907.0,0.67
1926,3907.0,0.67
1927,3907.0,0.67
1928,3907.0,0.67
1929,3907.0,0.67
1930,3907.0,0.67
1931,3907.0,0.67
1932,3907.0,0.67
1933,3907.0,0.67
1934,3914.0,0.67
1935,3914.0,0.67
1936,3914.0,0.67
1937,3914.0,0.67
1938,3914.0,0.67
1939,3914.0,0.67
1940,3914.0,0.67
1941,3914.0,0.67
1942,3914.0,0.67
1943,3914.0,0.67
1944,3914.0,0.67
1945,3914.0,0.67
1946,3914.0,0.67
1947,3914.0,0.67
1948,3914.0,0.67
1949,3914.0,0.67
1950,3914.0,0.67
1951,3914.0,0.67
1952,3914.0,0.67
1953,3914.0,0.66
1954,3914.0,0.66
1955,3914.0,0.66
1956,3914.0,0.66
1957,3914.0,0.66
1958,3914.0,0.66
1959,3914.0,0.66
1960,3914.0,0.66
1961,3914.0,0.66
1962,3914.0,0.66
1963,3914.0,0.66
1964,3914.0,0.66
1965,3914.0,0.66
1966,3914.0,0.66
1967,3914.0,0.66
1968,3914.0,0.66
1969,3914.0,0.66
1970,3914.0,0.66
1971,3914.0,0.66
1972,3914.0,0.66
1973,3914.0,0.66
1974,3914.0,0.66
1975,3914.0,0.66
1976,3914.0,0.66
1977,3914.0,0.66
1978,3914.0,0.66
1979,3914.0,0.66
1980,3914.0,0.66
1981,3914.0,0.66
1982,3914.0,0.66
1983,3914.0,0.66
1984,3914.0,0.66
1985,3914.0,0.66
1986,3914.0,0.66
1987,3914.0,0.66
1988,3914.0,0.66
1989,3914.0,0.66
1990,3914.0,0.66
1991,3914.0,0.66
1992,3914.0,0.66
1993,3899.0,0.66
1994,3899.0,0.66
1995,3899.0,0.66
1996,3899.0,0.66
1997,3899.0,0.66
1998,3899.0,0.66
1999,3899.0,0.66
2000,3899.0,0.66
2001,3899.0,0.66
2002,3899.0,0.66
2003,3899.0,0.66
2004,3899.0,0.66
2005,3899.0,0.66
2006,3899.0,0.66
2007,3899.0,0.66
2008,3899.0,0.66
2009,3899.0,0.66
2010,3899.0,0.66
2011,3899.0,0.66
2012,3899.0,0.66
2013,3899.0,0.66
2014,3899.0,0.66
2015,3899.0,0.66
2016,3899.0,0.66
2017,3899.0,0.66
2018,3899.0,0.66
2019,3899.0,0.66
2020,3899.0,0.66
2021,3899.0,0.66
2022,3899.0,0.66
2023,3899.0,0.66
2024,3899.0,0.66
2025,3899.0,0.66
2026,3899.0,0.66
2027,3899.0,0.66
2028,3899.0,0.66
2029,3899.0,0.66
2030,3899.0,0.66
2031,3899.0,0.66
2032,3899.0,0.66
2033,3899.0,0.66
2034,3899.0,0.66
2035,3899.0,0.66
2036,3899.0,0.66
2037,3899.0,0.66
2038,3899.0,0.66
2039,3899.0,0.66
2040,3899.0,0.66
2041,3899.0,0.66
2042,3899.0,0.66
2043,3899.0,0.66
2044,3899.0,0.66
2045,3899.0,0.66
2046,3899.0,0.66
2047,3899.0,0.66
2048,3899.0,0.66
2049,3899.0,0.66
2050,3899.0,0.66
2051,3899.0,0.66
2052,3899.0,0.66
2053,3908.0,0.66
2054,3908.0,0.66
2055,3908.0,0.66
2056,3908.0,0.66
2057,3908.0,0.66
2058,3908.0,0.66
2059,3908.0,0.66
2060,3908.0,0.66
2061,3908.0,0.66
2062,3908.0,0.66
2063,3908.0,0.66
2064,3908.0,0.66
2065,3908.0,0.66
2066,3908.0,0.66
2067,3908.0,0.66
2068,3908.0,0.66
2069,3908.0,0.66
2070,3908.0,0.66
2071,3908.0,0.66
2072,3908.0,0.66
2073,3908.0,0.66
2074,3908.0,0.66
2075,3908.0,0.66
2076,3908.0,0.66
2077,3908.0,0.66
2078,3908.0,0.66
2079,3908.0,0.66
2080,3908.0,0.66
2081,3908.0,0.66
2082,3908.0,0.66
2083,3908.0,0.66
2084,3908.0,0.66
2085,3908.0,0.66
2086,3908.0,0.66
2087,3908.0,0.66
2088,3908.0,0.66
2089,3908.0,0.66
2090,3908.0,0.66
2091,3908.0,0.66
2092,3908.0,0.66
2093,3908.0,0.66
2094,3908.0,0.66
2095,3908.0,0.66
2096,3908.0,0.66
2097,3908.0,0.66
2098,3908.0,0.66
2099,3908.0,0.66
2100,3908.0,0.66
2101,3908.0,0.66
2102,3908.0,0.66
2103,3908.0,0.66
2104,3908.0,0.66
2105,3908.0,0.66
2106,3908.0,0.66
2107,3908.0,0.66
2108,3908.0,0.66
2109,3908.0,0.66
2110,3908.0,0.66
2111,3908.0,0.66
2112,3907.0,0.66
2113,3907.0,0.66
2114,3907.0,0.66
2115,3907.0,0.66
2116,3907.0,0.66
2117,3907.0,0.66
2118,3907.0,0.66
2119,3907.0,0.66
2120,3907.0,0.66
2121,3907.0,0.66
2122,3907.0,0.66
2123,3907.0,0.66
2124,3907.0,0.66
2125,3907.0,0.66
2126,3907.0,0.66
2127,3907.0,0.66
2128,3907.0,0.66
2129,3907.0,0.66
2130,3907.0,0.66
2131,3907.0,0.66
2132,3907.0,0.66
2133,3907.0,0.66
2134,3907.0,0.66
2135,3907.0,0.66
2136,3907.0,0.66
2137,3907.0,0.66
2138,3907.0,0.66
2139,3907.0,0.66
2140,3907.0,0.66
2141,3907.0,0.66
2142,3907.0,0.66
2143,3907.0,0.66
2144,3907.0,0.66
2145,3907.0,0.66
2146,3907.0,0.66
2147,3907.0,0.66
2148,3907.0,0.66
2149,3907.0,0.66
2150,3907.0,0.66
2151,3907.0,0.66
2152,3907.0,0.66
2153,3907.0,0.66
2154,3907.0,0.66
2155,3907.0,0.66
2156,3907.0,0.66
2157,3907.0,0.66
2158,3907.0,0.66
2159,3907.0,0.66
2160,3907.0,0.66
2161,3907.0,0.66
2162,3907.0,0.66
2163,3907.0,0.66
2164,3907.0,0.66
2165,3907.0,0.66
2166,3907.0,0.66
2167,3907.0,0.66
2168,3907.0,0.66
2169,3907.0,0.66
2170,3907.0,0.66
2171,3907.0,0.66
2172,3904.0,0.66
2173,3904.0,0.66
2174,3904.0,0.66
2175,3904.0,0.66
2176,3904.0,0.66
2177,3904.0,0.66
2178,3904.0,0.66
2179,3904.0,0.66
2180,3904.0,0.66
2181,3904.0,0.66
2182,3904.0,0.66
2183,3904.0,0.66
2184,3904.0,0.66
2185,3904.0,0.66
2186,3904.0,0.66
2187,3904.0,0.66
2188,3904.0,0.66
2189,3904.0,0.66
2190,3904.0,0.66
2191,3904.0,0.66
2192,3904.0,0.66
2193,3904.0,0.66
2194,3904.0,0.66
2195,3904.0,0.66
2196,3904.0,0.66
2197,3904.0,0.66
2198,3904.0,0.66
2199,3904.0,0.66
2200,3904.0,0.66
2201,3904.0,0.66
2202,3904.0,0.66
2203,3904.0,0.66
2204,3904.0,0.66
2205,3904.0,0.66
2206,3904.0,0.66
2207,3904.0,0.66
2208,3904.0,0.66
2209,3904.0,0.66
2210,3904.0,0.66
2211,3904.0,0.66
2212,3904.0,0.66
2213,3904.0,0.66
2214,3904.0,0.66
2215,3904.0,0.66
2216,3904.0,0.66
2217,3904.0,0.66
2218,3904.0,0.66
2219,3904.0,0.66
2220,3904.0,0.66
2221,3904.0,0.66
2222,3904.0,0.66
2223,3904.0,0.66
2224,3904.0,0.66
2225,3904.0,0.66
2226,3904.0,0.66
2227,3904.0,0.66
2228,3904.0,0.66
2229,3904.0,0.66
2230,3904.0,0.66
2231,3902.0,0.66
2232,3902.0,0.66
2233,3902.0,0.66
2234,3902.0,0.66
2235,3902.0,0.66
2236,3902.0,0.66
2237,3902.0,0.66
2238,3902.0,0.66
2239,3902.0,0.66
2240,3902.0,0.66
2241,3902.0,0.66
2242,3902.0,0.66
2243,3902.0,0.66
2244,3902.0,0.66
2245,3902.0,0.66
2246,3902.0,0.66
2247,3902.0,0.66
2248,3902.0,0.66
2249,3902.0,0.66
2250,3902.0,0.66
2251,3902.0,0.66
2252,3902.0,0.66
2253,3902.0,0.66
2254,3902.0,0.66
2255,3902.0,0.66
2256,3902.0,0.66
2257,3902.0,0.66
2258,3902.0,0.66
2259,3902.0,0.66
2260,3902.0,0.66
2261,3902.0,0.66
2262,3902.0,0.66
2263,3902.0,0.66
2264,3902.0,0.66
2265,3902.0,0.66
2266,3902.0,0.66
2267,3902.0,0.66
2268,3902.0,0.66
2269,3902.0,0.66
2270,3902.0,0.66
2271,3902.0,0.66
2272,3902.0,0.66
2273,3902.0,0.66
2274,3902.0,0.66
2275,3902.0,0.66
2276,3902.0,0.66
2277,3902.0,0.66
2278,3902.0,0.66
2279,3902.0,0.66
2280,3902.0,0.66
2281,3902.0,0.66
2282,3902.0,0.66
2283,3902.0,0.66
2284,3902.0,0.66
2285,3902.0,0.66
2286,3902.0,0.66
2287,3902.0,0.66
2288,3902.0,0.66
2289,3902.0,0.66
2290,3902.0,0.66
2291,3903.0,0.65
2292,3903.0,0.65
2293,3903.0,0.65
2294,3903.0,0.65
2295,3903.0,0.65
2296,3903.0,0.65
2297,3903.0,0.65
2298,3903.0,0.65
2299,3903.0,0.65
2300,3903.0,0.65
2301,3903.0,0.65
2302,3903.0,0.65
2303,3903.0,0.65
2304,3903.0,0.65
2305,3903.0,0.65
2306,3903.0,0.65
2307,3903.0,0.65
2308,3903.0,0.65
2309,3903.0,0.65
2310,3903.0,0.65
2311,3903.0,0.65
2312,3903.0,0.65
2313,3903.0,0.65
2314,3903.0,0.65
2315,3903.0,0.65
2316,3903.0,0.65
2317,3903.0,0.65
2318,3903.0,0.65
2319,3903.0,0.65
2320,3903.0,0.65
2321,3903.0,0.65
2322,3903.0,0.65
2323,3903.0,0.65
2324,3903.0,0.65
2325,3903.0,0.65
2326,3903.0,0.65
2327,3903.0,0.65
2328,3903.0,0.65
2329,3903.0,0.65
2330,3903.0,0.65
2331,3903.0,0.65
2332,3903.0,0.65
2333,3903.0,0.65
2334,3903.0,0.65
2335,3903.0,0.65
2336,3903.0,0.65
2337,3903.0,0.65
2338,3903.0,0.65
2339,3903.0,0.65
2340,3903.0,0.65
2341,3903.0,0.65
2342,3903.0,0.65
2343,3903.0,0.65
2344,3903.0,0.65
2345,3903.0,0.65
2346,3903.0,0.65
2347,3903.0,0.65
2348,3903.0,0.65
2349,3903.0,0.65
2350,3901.0,0.65
2351,3901.0,0.65
2352,3901.0,0.65
2353,3901.0,0.65
2354,3901.0,0.65
2355,3901.0,0.65
2356,3901.0,0.65
2357,3901.0,0.65
2358,3901.0,0.65
2359,3901.0,0.65
2360,3901.0,0.65
2361,3901.0,0.65
2362,3901.0,0.65
2363,3901.0,0.65
2364,3901.0,0.65
2365,3901.0,0.65
2366,3901.0,0.65
2367,3901.0,0.65
2368,3901.0,0.65
2369,3901.0,0.65
2370,3901.0,0.65
2371,3901.0,0.65
2372,3901.0,0.65
2373,3901.0,0.65
2374,3901.0,0.65
2375,3901.0,0.65
2376,3901.0,0.65
2377,3901.0,0.65
2378,3901.0,0.65
2379,3901.0,0.65
2380,3901.0,0.65
2381,3901.0,0.65
2382,3901.0,0.65
2383,3901.0,0.65
2384,3901.0,0.65
2385,3901.0,0.65
2386,3901.0,0.65
2387,3901.0,0.65
2388,3901.0,0.65
2389,3901.0,0.65
2390,3901.0,0.65
2391,3901.0,0.65
2392,3901.0,0.65
2393,3901.0,0.65
2394,3901.0,0.65
2395,3901.0,0.65
2396,3901.0,0.65
2397,3901.0,0.65
2398,3901.0,0.65
2399,3901.0,0.65
2400,3901.0,0.65
2401,3901.0,0.65
2402,3901.0,0.65
2403,3901.0,0.65
2404,3901.0,0.65
2405,3901.0,0.65
2406,3901.0,0.65
2407,3901.0,0.65
2408,3901.0,0.65
2409,3901.0,0.65
2410,3888.0,0.65
2411,3888.0,0.65
2412,3888.0,0.65
2413,3888.0,0.65
2414,3888.0,0.65
2415,3888.0,0.65
2416,3888.0,0.65
2417,3888.0,0.65
2418,3888.0,0.65
2419,3888.0,0.65
2420,3888.0,0.65
2421,3888.0,0.65
2422,3888.0,0.65
2423,3888.0,0.65
2424,3888.0,0.65
2425,3888.0,0.65
2426,3888.0,0.65
2427,3888.0,0.65
2428,3888.0,0.65
2429,3888.0,0.65
2430,3888.0,0.65
2431,3888.0,0.65
2432,3888.0,0.65
2433,3888.0,0.65
2434,3888.0,0.65
2435,3888.0,0.65
2436,3888.0,0.65
2437,3888.0,0.65
2438,3888.0,0.65
2439,3888.0,0.65
2440,3888.0,0.65
2441,3888.0,0.65
2442,3888.0,0.65
2443,3888.0,0.65
2444,3888.0,0.65
2445,3888.0,0.65
2446,3888.0,0.65
2447,3888.0,0.65
2448,3888.0,0.65
2449,3888.0,0.65
2450,3888.0,0.65
2451,3888.0,0.65
2452,3888.0,0.65
2453,3888.0,0.65
2454,3888.0,0.65
2455,3888.0,0.65
2456,3888.0,0.65
2457,3888.0,0.65
2458,3888.0,0.65
2459,3888.0,0.65
2460,3888.0,0.65
2461,3888.0,0.65
2462,3888.0,0.65
2463,3888.0,0.65
2464,3888.0,0.65
2465,3888.0,0.65
2466,3888.0,0.65
2467,3888.0,0.65
2468,3888.0,0.65
2469,3894.0,0.65
2470,3894.0,0.65
2471,3894.0,0.65
2472,3894.0,0.65
2473,3894.0,0.65
2474,3894.0,0.65
2475,3894.0,0.65
2476,3894.0,0.65
2477,3894.0,0.65
2478,3894.0,0.65
2479,3894.0,0.65
2480,3894.0,0.65
2481,3894.0,0.65
2482,3894.0,0.65
2483,3894.0,0.65
2484,3894.0,0.65
2485,3894.0,0.65
2486,3894.0,0.65
2487,3894.0,0.65
2488,3894.0,0.65
2489,3894.0,0.65
2490,3894.0,0.65
2491,3894.0,0.65
2492,3894.0,0.65
2493,3894.0,0.65
2494,3894.0,0.65
2495,3894.0,0.65
2496,3894.0,0.65
2497,3894.0,0.65
2498,3894.0,0.65
2499,3894.0,0.65
2500,3894.0,0.65
2501,3894.0,0.65
2502,3894.0,0.65
2503,3894.0,0.65
2504,3894.0,0.65
2505,3894.0,0.65
2506,3894.0,0.65
2507,3894.0,0.65
2508,3894.0,0.65
2509,3894.0,0.65
2510,3894.0,0.65
2511,3894.0,0.65
2512,3894.0,0.65
2513,3894.0,0.65
2514,3894.0,0.65
2515,3894.0,0.65
2516,3894.0,0.65
2517,3894.0,0.65
2518,3894.0,0.65
2519,3894.0,0.65
2520,3894.0,0.65
2521,3894.0,0.65
2522,3894.0,0.65
2523,3894.0,0.65
2524,3894.0,0.65
2525,3894.0,0.65
2526,3894.0,0.65
2527,3894.0,0.65
2528,3894.0,0.65
2529,3896.0,0.65
2530,3896.0,0.65
2531,3896.0,0.65
2532,3896.0,0.65
2533,3896.0,0.65
2534,3896.0,0.65
2535,3896.0,0.65
2536,3896.0,0.65
2537,3896.0,0.65
2538,3896.0,0.65
2539,3896.0,0.65
2540,3896.0,0.65
2541,3896.0,0.65
2542,3896.0,0.65
2543,3896.0,0.65
2544,3896.0,0.65
2545,3896.0,0.65
2546,3896.0,0.65
2547,3896.0,0.65
2548,3896.0,0.65
2549,3896.0,0.65
2550,3896.0,0.65
2551,3896.0,0.65
2552,3896.0,0.65
2553,3896.0,0.65
2554,3896.0,0.65
2555,3896.0,0.65
2556,3896.0,0.65
2557,3896.0,0.65
2558,3896.0,0.65
2559,3896.0,0.65
2560,3896.0,0.65
2561,3896.0,0.65
2562,3896.0,0.65
2563,3896.0,0.65
2564,3896.0,0.65
2565,3896.0,0.65
2566,3896.0,0.65
2567,3896.0,0.65
2568,3896.0,0.65
2569,3896.0,0.65
2570,3896.0,0.65
2571,3896.0,0.65
2572,3896.0,0.65
2573,3896.0,0.65
2574,3896.0,0.65
2575,3896.0,0.65
2576,3896.0,0.65
2577,3896.0,0.65
2578,3896.0,0.65
2579,3896.0,0.65
2580,3896.0,0.65
2581,3896.0,0.65
2582,3896.0,0.65
2583,3896.0,0.65
2584,3896.0,0.65
2585,3896.0,0.65
2586,3896.0,0.65
2587,3896.0,0.65
2588,3895.0,0.65
2589,3895.0,0.65
2590,3895.0,0.65
2591,3895.0,0.65
2592,3895.0,0.65
2593,3895.0,0.65
2594,3895.0,0.65
2595,3895.0,0.65
2596,3895.0,0.65
2597,3895.0,0.65
2598,3895.0,0.65
2599,3895.0,0.65
2600,3895.0,0.65
2601,3895.0,0.65
2602,3895.0,0.65
2603,3895.0,0.65
2604,3895.0,0.65
2605,3895.0,0.65
2606,3895.0,0.65
2607,3895.0,0.65
2608,3895.0,0.65
2609,3895.0,0.65
2610,3895.0,0.65
2611,3895.0,0.65
2612,3895.0,0.65
2613,3895.0,0.65
2614,3895.0,0.65
2615,3895.0,0.65
2616,3895.0,0.65
2617,3895.0,0.65
2618,3895.0,0.65
2619,3895.0,0.65
2620,3895.0,0.65
2621,3895.0,0.65
2622,3895.0,0.65
2623,3895.0,0.65
2624,3895.0,0.65
2625,3895.0,0.65
2626,3895.0,0.65
2627,3895.0,0.65
2628,3895.0,0.65
2629,3895.0,0.65
2630,3895.0,0.65
2631,3895.0,0.65
2632,3895.0,0.65
2633,3895.0,0.65
2634,3895.0,0.65
2635,3895.0,0.65
2636,3895.0,0.65
2637,3895.0,0.65
2638,3895.0,0.65
2639,3895.0,0.65
2640,3895.0,0.65
2641,3895.0,0.65
2642,3895.0,0.65
2643,3895.0,0.65
2644,3895.0,0.65
2645,3895.0,0.65
2646,3895.0,0.65
2647,3895.0,0.65
2648,3893.0,0.64
2649,3893.0,0.64
2650,3893.0,0.64
2651,3893.0,0.64
2652,3893.0,0.64
2653,3893.0,0.64
2654,3893.0,0.64
2655,3893.0,0.64
2656,3893.0,0.64
2657,3893.0,0.64
2658,3893.0,0.64
2659,3893.0,0.64
2660,3893.0,0.64
2661,3893.0,0.64
2662,3893.0,0.64
2663,3893.0,0.64
2664,3893.0,0.64
2665,3893.0,0.64
2666,3893.0,0.64
2667,3893.0,0.64
2668,3893.0,0.64
2669,3893.0,0.64
2670,3893.0,0.64
2671,3893.0,0.64
2672,3893.0,0.64
2673,3893.0,0.64
2674,3893.0,0.64
2675,3893.0,0.64
2676,3893.0,0.64
2677,3893.0,0.64
2678,3893.0,0.64
2679,3893.0,0.64
2680,3893.0,0.64
2681,3893.0,0.64
2682,3893.0,0.64
2683,3893.0,0.64
2684,3893.0,0.64
2685,3893.0,0.64
2686,3893.0,0.64
2687,3893.0,0.64
2688,3893.0,0.64
2689,3893.0,0.64
2690,3893.0,0.64
2691,3893.0,0.64
2692,3893.0,0.64
2693,3893.0,0.64
2694,3893.0,0.64
2695,3893.0,0.64
2696,3893.0,0.64
2697,3893.0,0.64
2698,3893.0,0.64
2699,3893.0,0.64
2700,3893.0,0.64
2701,3893.0,0.64
2702,3893.0,0.64
2703,3893.0,0.64
2704,3893.0,0.64
2705,3893.0,0.64
2706,3893.0,0.64
2707,3889.0,0.64
2708,3889.0,0.64
2709,3889.0,0.64
2710,3889.0,0.64
2711,3889.0,0.64
2712,3889.0,0.64
2713,3889.0,0.64
2714,3889.0,0.64
2715,3889.0,0.64
2716,3889.0,0.64
2717,3889.0,0.64
2718,3889.0,0.64
2719,3889.0,0.64
2720,3889.0,0.64
2721,3889.0,0.64
2722,3889.0,0.64
2723,3889.0,0.64
2724,3889.0,0.64
2725,3889.0,0.64
2726,3889.0,0.64
2727,3889.0,0.64
2728,3889.0,0.64
2729,3889.0,0.64
2730,3889.0,0.64
2731,3889.0,0.64
2732,3889.0,0.64
2733,3889.0,0.64
2734,3889.0,0.64
2735,3889.0,0.64
2736,3889.0,0.64
2737,3889.0,0.64
2738,3889.0,0.64
2739,3889.0,0.64
2740,3889.0,0.64
2741,3889.0,0.64
2742,3889.0,0.64
2743,3889.0,0.64
2744,3889.0,0.64
2745,3889.0,0.64
2746,3889.0,0.64
2747,3889.0,0.64
2748,3889.0,0.64
2749,3889.0,0.64
2750,3889.0,0.64
2751,3889.0,0.64
2752,3889.0,0.64
2753,3889.0,0.64
2754,3889.0,0.64
2755,3889.0,0.64
2756,3889.0,0.64
2757,3889.0,0.64
2758,3889.0,0.64
2759,3889.0,0.64
2760,3889.0,0.64
2761,3889.0,0.64
2762,3889.0,0.64
2763,3889.0,0.64
2764,3889.0,0.64
2765,3889.0,0.64
2766,3889.0,0.64
2767,3890.0,0.64
2768,3890.0,0.64
2769,3890.0,0.64
2770,3890.0,0.64
2771,3890.0,0.64
2772,3890.0,0.64
2773,3890.0,0.64
2774,3890.0,0.64
2775,3890.0,0.64
2776,3890.0,0.64
2777,3890.0,0.64
2778,3890.0,0.64
2779,3890.0,0.64
2780,3890.0,0.64
2781,3890.0,0.64
2782,3890.0,0.64
2783,3890.0,0.64
2784,3890.0,0.64
2785,3890.0,0.64
2786,3890.0,0.64
2787,3890.0,0.64
2788,3890.0,0.64
2789,3890.0,0.64
2790,3890.0,0.64
2791,3890.0,0.64
2792,3890.0,0.64
2793,3890.0,0.64
2794,3890.0,0.64
2795,3890.0,0.64
2796,3890.0,0.64
2797,3890.0,0.64
2798,3890.0,0.64
2799,3890.0,0.64
2800,3890.0,0.64
2801,3890.0,0.64
2802,3890.0,0.64
2803,3890.0,0.64
2804,3890.0,0.64
2805,3890.0,0.64
2806,3890.0,0.64
2807,3890.0,0.64
2808,3890.0,0.64
2809,3890.0,0.64
2810,3890.0,0.64
2811,3890.0,0.64
2812,3890.0,0.64
2813,3890.0,0.64
2814,3890.0,0.64
2815,3890.0,0.64
2816,3890.0,0.64
2817,3890.0,0.64
2818,3890.0,0.64
2819,3890.0,0.64
2820,3890.0,0.64
2821,3890.0,0.64
2822,3890.0,0.64
2823,3890.0,0.64
2824,3890.0,0.64
2825,3890.0,0.64
2826,3888.0,0.64
2827,3888.0,0.64
2828,3888.0,0.64
2829,3888.0,0.64
2830,3888.0,0.64
2831,3888.0,0.64
2832,3888.0,0.64
2833,3888.0,0.64
2834,3888.0,0.64
2835,3888.0,0.64
2836,3888.0,0.64
2837,3888.0,0.64
2838,3888.0,0.64
2839,3888.0,0.64
2840,3888.0,0.64
2841,3888.0,0.64
2842,3888.0,0.64
2843,3888.0,0.64
2844,3888.0,0.64
2845,3888.0,0.64
2846,3888.0,0.64
2847,3888.0,0.64
2848,3888.0,0.64
2849,3888.0,0.63
2850,3888.0,0.63
2851,3888.0,0.63
2852,3888.0,0.63
2853,3888.0,0.63
2854,3888.0,0.63
2855,3888.0,0.63
2856,3888.0,0.63
2857,3888.0,0.63
2858,3888.0,0.63
2859,3888.0,0.63
2860,3888.0,0.63
2861,3888.0,0.63
2862,3888.0,0.63
2863,3888.0,0.63
2864,3888.0,0.63
2865,3888.0,0.63
2866,3888.0,0.63
2867,3888.0,0.63
2868,3888.0,0.63
2869,3888.0,0.63
2870,3888.0,0.63
2871,3888.0,0.63
2872,3888.0,0.63
2873,3888.0,0.63
2874,3888.0,0.63
2875,3888.0,0.63
2876,3888.0,0.63
2877,3888.0,0.63
2878,3888.0,0.63
2879,3888.0,0.63
2880,3888.0,0.63
2881,3888.0,0.63
2882,3888.0,0.63
2883,3888.0,0.63
2884,3888.0,0.63
2885,3888.0,0.63
2886,3886.0,0.63
2887,3886.0,0.63
2888,3886.0,0.63
2889,3886.0,0.63
2890,3886.0,0.63
2891,3886.0,0.63
2892,3886.0,0.63
2893,3886.0,0.63
2894,3886.0,0.63
2895,3886.0,0.63
2896,3886.0,0.63
2897,3886.0,0.63
2898,3886.0,0.63
2899,3886.0,0.63
2900,3886.0,0.63
2901,3886.0,0.63
2902,3886.0,0.63
2903,3886.0,0.63
2904,3886.0,0.63
2905,3886.0,0.63
2906,3886.0,0.63
2907,3886.0,0.63
2908,3886.0,0.63
2909,3886.0,0.63
2910,3886.0,0.63
2911,3886.0,0.63
2912,3886.0,0.63
2913,3886.0,0.63
2914,3886.0,0.63
2915,3886.0,0.63
2916,3886.0,0.63
2917,3886.0,0.63
2918,3886.0,0.63
2919,3886.0,0.63
2920,3886.0,0.63
2921,3886.0,0.63
2922,3886.0,0.63
2923,3886.0,0.63
2924,3886.0,0.63
2925,3886.0,0.63
2926,3886.0,0.63
2927,3886.0,0.63
2928,3886.0,0.63
2929,3886.0,0.63
2930,3886.0,0.63
2931,3886.0,0.63
2932,3886.0,0.63
2933,3886.0,0.63
2934,3886.0,0.63
2935,3886.0,0.63
2936,3886.0,0.63
2937,3886.0,0.63
2938,3886.0,0.63
2939,3886.0,0.63
2940,3886.0,0.63
2941,3886.0,0.63
2942,3886.0,0.63
2943,3886.0,0.63
2944,3886.0,0.63
2945,3884.0,0.63
2946,3884.0,0.63
2947,3884.0,0.63
2948,3884.0,0.63
2949,3884.0,0.63
2950,3884.0,0.63
2951,3884.0,0.63
2952,3884.0,0.63
2953,3884.0,0.63
2954,3884.0,0.63
2955,3884.0,0.63
2956,3884.0,0.63
2957,3884.0,0.63
2958,3884.0,0.63
2959,3884.0,0.63
2960,3884.0,0.63
2961,3884.0,0.63
2962,3884.0,0.63
2963,3884.0,0.63
2964,3884.0,0.63
2965,3884.0,0.63
2966,3884.0,0.63
2967,3884.0,0.63
2968,3884.0,0.63
2969,3884.0,0.63
2970,3884.0,0.63
2971,3884.0,0.63
2972,3884.0,0.63
2973,3884.0,0.63
2974,3884.0,0.63
2975,3884.0,0.63
2976,3884.0,0.63
2977,3884.0,0.63
2978,3884.0,0.63
2979,3884.0,0.63
2980,3884.0,0.63
2981,3884.0,0.63
2982,3884.0,0.63
2983,3884.0,0.63
2984,3884.0,0.63
2985,3884.0,0.63
2986,3884.0,0.63
2987,3884.0,0.63
2988,3884.0,0.63
2989,3884.0,0.63
2990,3884.0,0.63
2991,3884.0,0.63
2992,3884.0,0.63
2993,3884.0,0.63
2994,3884.0,0.63
2995,3884.0,0.63
2996,3884.0,0.63
2997,3884.0,0.63
2998,3884.0,0.63
2999,3884.0,0.63
3000,3884.0,0.63
3001,3884.0,0.63
3002,3884.0,0.63
3003,3884.0,0.63
3004,3884.0,0.63
3005,3882.0,0.63
3006,3882.0,0.63
3007,3882.0,0.63
3008,3882.0,0.63
3009,3882.0,0.63
3010,3882.0,0.63
3011,3882.0,0.63
3012,3882.0,0.63
3013,3882.0,0.63
3014,3882.0,0.63
3015,3882.0,0.63
3016,3882.0,0.63
3017,3882.0,0.63
3018,3882.0,0.63
3019,3882.0,0.63
3020,3882.0,0.63
3021,3882.0,0.63
3022,3882.0,0.63
3023,3882.0,0.63
3024,3882.0,0.63
3025,3882.0,0.63
3026,3882.0,0.63
3027,3882.0,0.63
3028,3882.0,0.63
3029,3882.0,0.63
3030,3882.0,0.63
3031,3882.0,0.63
3032,3882.0,0.63
3033,3882.0,0.63
3034,3882.0,0.63
3035,3882.0,0.63
3036,3882.0,0.63
3037,3882.0,0.63
3038,3882.0,0.63
3039,3882.0,0.63
3040,3882.0,0.63
3041,3882.0,0.63
3042,3882.0,0.63
3043,3882.0,0.63
3044,3882.0,0.63
3045,3882.0,0.63
3046,3882.0,0.63
3047,3882.0,0.63
3048,3882.0,0.63
3049,3882.0,0.63
3050,3882.0,0.63
3051,3882.0,0.63
3052,3882.0,0.63
3053,3882.0,0.63
3054,3882.0,0.63
3055,3882.0,0.63
3056,3882.0,0.63
3057,3882.0,0.63
3058,3882.0,0.63
3059,3882.0,0.63
3060,3882.0,0.63
3061,3882.0,0.63
3062,3881.0,0.63
3063,3881.0,0.63
3064,3870.0,0.63
3065,3870.0,0.63
3066,3870.0,0.63
3067,3870.0,0.63
3068,3870.0,0.63
3069,3870.0,0.63
3070,3870.0,0.63
3071,3870.0,0.63
3072,3870.0,0.63
3073,3870.0,0.63
3074,3870.0,0.63
3075,3870.0,0.63
3076,3870.0,0.63
3077,3870.0,0.63
3078,3870.0,0.63
3079,3870.0,0.63
3080,3870.0,0.63
3081,3870.0,0.63
3082,3870.0,0.63
3083,3870.0,0.63
3084,3870.0,0.63
3085,3870.0,0.63
3086,3870.0,0.63
3087,3870.0,0.63
3088,3870.0,0.63
3089,3870.0,0.63
3090,3870.0,0.63
3091,3870.0,0.63
3092,3870.0,0.63
3093,3870.0,0.63
3094,3870.0,0.63
3095,3870.0,0.63
3096,3870.0,0.63
3097,3870.0,0.63
3098,3870.0,0.63
3099,3870.0,0.63
3100,3870.0,0.63
3101,3870.0,0.63
3102,3870.0,0.63
3103,3870.0,0.63
3104,3870.0,0.63
3105,3870.0,0.63
3106,3870.0,0.63
3107,3870.0,0.63
3108,3870.0,0.63
3109,3870.0,0.63
3110,3870.0,0.63
3111,3870.0,0.63
3112,3870.0,0.63
3113,3870.0,0.63
3114,3870.0,0.63
3115,3870.0,0.63
3116,3870.0,0.63
3117,3870.0,0.63
3118,3870.0,0.63
3119,3870.0,0.63
3120,3870.0,0.63
3121,3870.0,0.63
3122,3870.0,0.63
3123,3870.0,0.63
3124,3873.0,0.63
3125,3873.0,0.63
3126,3873.0,0.63
3127,3873.0,0.63
3128,3873.0,0.63
3129,3873.0,0.63
3130,3873.0,0.63
3131,3873.0,0.63
3132,3873.0,0.63
3133,3873.0,0.63
3134,3873.0,0.63
3135,3873.0,0.63
3136,3873.0,0.63
3137,3873.0,0.63
3138,3873.0,0.63
3139,3873.0,0.63
3140,3873.0,0.63
3141,3873.0,0.63
3142,3873.0,0.63
3143,3873.0,0.63
3144,3873.0,0.63
3145,3873.0,0.63
3146,3873.0,0.63
3147,3873.0,0.63
3148,3873.0,0.63
3149,3873.0,0.63
3150,3873.0,0.63
3151,3873.0,0.63
3152,3873.0,0.63
3153,3873.0,0.63
3154,3873.0,0.63
3155,3873.0,0.63
3156,3873.0,0.63
3157,3873.0,0.63
3158,3873.0,0.63
3159,3873.0,0.63
3160,3873.0,0.63
3161,3873.0,0.63
3162,3873.0,0.63
3163,3873.0,0.63
3164,3873.0,0.63
3165,3873.0,0.63
3166,3873.0,0.63
3167,3873.0,0.63
3168,3873.0,0.63
3169,3873.0,0.63
3170,3873.0,0.63
3171,3873.0,0.63
3172,3873.0,0.63
3173,3873.0,0.63
3174,3873.0,0.63
3175,3873.0,0.63
3176,3873.0,0.63
3177,3873.0,0.63
3178,3873.0,0.63
3179,3873.0,0.63
3180,3873.0,0.63
3181,3873.0,0.63
3182,3873.0,0.63
3183,3874.0,0.63
3184,3874.0,0.63
3185,3874.0,0.63
3186,3874.0,0.63
3187,3874.0,0.63
3188,3874.0,0.63
3189,3874.0,0.63
3190,3874.0,0.63
3191,3874.0,0.63
3192,3874.0,0.63
3193,3874.0,0.63
3194,3874.0,0.63
3195,3874.0,0.63
3196,3874.0,0.63
3197,3874.0,0.63
3198,3874.0,0.63
3199,3874.0,0.63
3200,3874.0,0.63
3201,3874.0,0.63
3202,3874.0,0.63
3203,3874.0,0.63
3204,3874.0,0.63
3205,3874.0,0.63
3206,3874.0,0.63
3207,3874.0,0.63
3208,3874.0,0.63
3209,3874.0,0.63
3210,3874.0,0.63
3211,3874.0,0.63
3212,3874.0,0.63
3213,3874.0,0.63
3214,3874.0,0.63
3215,3874.0,0.63
3216,3874.0,0.63
3217,3874.0,0.63
3218,3874.0,0.63
3219,3874.0,0.63
3220,3874.0,0.63
3221,3874.0,0.63
3222,3874.0,0.63
3223,3874.0,0.63
3224,3874.0,0.63
3225,3874.0,0.63
3226,3874.0,0.63
3227,3874.0,0.63
3228,3874.0,0.63
3229,3874.0,0.63
3230,3874.0,0.63
3231,3874.0,0.63
3232,3874.0,0.63
3233,3874.0,0.63
3234,3874.0,0.63
3235,3874.0,0.63
3236,3874.0,0.63
3237,3874.0,0.63
3238,3874.0,0.63
3239,3874.0,0.63
3240,3874.0,0.63
3241,3874.0,0.63
3242,3874.0,0.63
3243,3872.0,0.62
3244,3872.0,0.62
3245,3872.0,0.62
3246,3872.0,0.62
3247,3872.0,0.62
3248,3872.0,0.62
3249,3872.0,0.62
3250,3872.0,0.62
3251,3872.0,0.62
3252,3872.0,0.62
3253,3872.0,0.62
3254,3872.0,0.62
3255,3872.0,0.62
3256,3872.0,0.62
3257,3872.0,0.62
3258,3872.0,0.62
3259,3872.0,0.62
3260,3872.0,0.62
3261,3872.0,0.62
3262,3872.0,0.62
3263,3872.0,0.62
3264,3872.0,0.62
3265,3872.0,0.62
3266,3872.0,0.62
3267,3872.0,0.62
3268,3872.0,0.62
3269,3872.0,0.62
3270,3872.0,0.62
3271,3872.0,0.62
3272,3872.0,0.62
3273,3872.0,0.62
3274,3872.0,0.62
3275,3872.0,0.62
3276,3872.0,0.62
3277,3872.0,0.62
3278,3872.0,0.62
3279,3872.0,0.62
3280,3872.0,0.62
3281,3872.0,0.62
3282,3872.0,0.62
3283,3872.0,0.62
3284,3872.0,0.62
3285,3872.0,0.62
3286,3872.0,0.62
3287,3872.0,0.62
3288,3872.0,0.62
3289,3872.0,0.62
3290,3872.0,0.62
3291,3872.0,0.62
3292,3872.0,0.62
3293,3872.0,0.62
3294,3872.0,0.62
3295,3864.0,0.62
3296,3864.0,0.62
3297,3864.0,0.62
3298,3864.0,0.62
3299,3864.0,0.62
3300,3864.0,0.62
3301,3864.0,0.62
3302,3869.0,0.62
3303,3869.0,0.62
3304,3869.0,0.62
3305,3869.0,0.62
3306,3869.0,0.62
3307,3869.0,0.62
3308,3869.0,0.62
3309,3869.0,0.62
3310,3869.0,0.62
3311,3869.0,0.62
3312,3869.0,0.62
3313,3869.0,0.62
3314,3869.0,0.62
3315,3869.0,0.62
3316,3869.0,0.62
3317,3869.0,0.62
3318,3869.0,0.62
3319,3869.0,0.62
3320,3869.0,0.62
3321,3869.0,0.62
3322,3869.0,0.62
3323,3869.0,0.62
3324,3869.0,0.62
3325,3869.0,0.62
3326,3869.0,0.62
3327,3869.0,0.62
3328,3869.0,0.62
3329,3869.0,0.62
3330,3869.0,0.62
3331,3869.0,0.62
3332,3869.0,0.62
3333,3869.0,0.62
3334,3869.0,0.62
3335,3869.0,0.62
3336,3869.0,0.62
3337,3869.0,0.62
3338,3869.0,0.62
3339,3869.0,0.62
3340,3869.0,0.62
3341,3869.0,0.62
3342,3869.0,0.62
3343,3869.0,0.62
3344,3869.0,0.62
3345,3869.0,0.62
3346,3869.0,0.62
3347,3869.0,0.62
3348,3869.0,0.62
3349,3869.0,0.62
3350,3869.0,0.62
3351,3869.0,0.62
3352,3869.0,0.62
3353,3869.0,0.62
3354,3869.0,0.62
3355,3869.0,0.62
3356,3869.0,0.62
3357,3869.0,0.62
3358,3869.0,0.62
3359,3869.0,0.62
3360,3869.0,0.62
3361,3869.0,0.62
3362,3868.0,0.62
3363,3868.0,0.62
3364,3868.0,0.62
3365,3868.0,0.62
3366,3868.0,0.62
3367,3868.0,0.62
3368,3868.0,0.62
3369,3868.0,0.62
3370,3868.0,0.62
3371,3868.0,0.62
3372,3868.0,0.62
3373,3868.0,0.62
3374,3868.0,0.62
3375,3868.0,0.62
3376,3868.0,0.62
3377,3868.0,0.62
3378,3868.0,0.62
3379,3868.0,0.62
3380,3868.0,0.62
3381,3868.0,0.62
3382,3868.0,0.62
3383,3868.0,0.62
3384,3868.0,0.62
3385,3868.0,0.62
3386,3868.0,0.62
3387,3868.0,0.62
3388,3868.0,0.62
3389,3868.0,0.62
3390,3868.0,0.62
3391,3868.0,0.62
3392,3868.0,0.62
3393,3868.0,0.62
3394,3868.0,0.62
3395,3868.0,0.62
3396,3868.0,0.62
3397,3868.0,0.62
3398,3868.0,0.62
3399,3868.0,0.62
3400,3868.0,0.62
3401,3868.0,0.62
3402,3868.0,0.62
3403,3868.0,0.62
3404,3868.0,0.62
3405,3868.0,0.62
3406,3868.0,0.62
3407,3868.0,0.62
3408,3868.0,0.62
3409,3868.0,0.62
3410,3868.0,0.62
3411,3868.0,0.62
3412,3868.0,0.62
3413,3868.0,0.62
3414,3868.0,0.62
3415,3868.0,0.62
3416,3868.0,0.62
3417,3868.0,0.62
3418,3868.0,0.62
3419,3868.0,0.62
3420,3868.0,0.62
3421,3866.0,0.61
3422,3866.0,0.61
3423,3866.0,0.61
3424,3866.0,0.61
3425,3866.0,0.61
3426,3866.0,0.61
3427,3866.0,0.61
3428,3866.0,0.61
3429,3866.0,0.61
3430,3866.0,0.61
3431,3866.0,0.61
3432,3866.0,0.61
3433,3866.0,0.61
3434,3866.0,0.61
3435,3866.0,0.61
3436,3866.0,0.61
3437,3866.0,0.61
3438,3866.0,0.61
3439,3866.0,0.61
3440,3866.0,0.61
3441,3866.0,0.61
3442,3866.0,0.61
3443,3866.0,0.61
3444,3866.0,0.61
3445,3866.0,0.61
3446,3866.0,0.61
3447,3866.0,0.61
3448,3866.0,0.61
3449,3866.0,0.61
3450,3866.0,0.61
3451,3866.0,0.61
3452,3866.0,0.61
3453,3866.0,0.61
3454,3866.0,0.61
3455,3866.0,0.61
3456,3866.0,0.61
3457,3866.0,0.61
3458,3866.0,0.61
3459,3866.0,0.61
3460,3866.0,0.61
3461,3866.0,0.61
3462,3866.0,0.61
3463,3866.0,0.61
3464,3866.0,0.61
3465,3866.0,0.61
3466,3866.0,0.61
3467,3866.0,0.61
3468,3866.0,0.61
3469,3866.0,0.61
3470,3866.0,0.61
3471,3866.0,0.61
3472,3866.0,0.61
3473,3866.0,0.61
3474,3866.0,0.61
3475,3866.0,0.61
3476,3866.0,0.61
3477,3866.0,0.61
3478,3866.0,0.61
3479,3866.0,0.61
3480,3866.0,0.61
3481,3863.0,0.61
3482,3863.0,0.61
3483,3863.0,0.61
3484,3863.0,0.61
3485,3863.0,0.61
3486,3863.0,0.61
3487,3863.0,0.61
3488,3863.0,0.61
3489,3863.0,0.61
3490,3863.0,0.61
3491,3863.0,0.61
3492,3863.0,0.61
3493,3863.0,0.61
3494,3863.0,0.61
3495,3863.0,0.61
3496,3863.0,0.61
3497,3863.0,0.61
3498,3863.0,0.61
3499,3863.0,0.61
3500,3863.0,0.61
3501,3863.0,0.61
3502,3863.0,0.61
3503,3863.0,0.61
3504,3863.0,0.61
3505,3863.0,0.61
3506,3863.0,0.61
3507,3863.0,0.61
3508,3863.0,0.61
3509,3863.0,0.61
3510,3863.0,0.61
3511,3863.0,0.61
3512,3863.0,0.61
3513,3863.0,0.61
3514,3863.0,0.61
3515,3863.0,0.61
3516,3863.0,0.61
3517,3863.0,0.61
3518,3863.0,0.61
3519,3863.0,0.61
3520,3863.0,0.61
3521,3863.0,0.61
3522,3863.0,0.61
3523,3863.0,0.61
3524,3863.0,0.61
3525,3863.0,0.61
3526,3863.0,0.61
3527,3863.0,0.61
3528,3863.0,0.61
3529,3863.0,0.61
3530,3863.0,0.61
3531,3863.0,0.61
3532,3863.0,0.61
3533,3863.0,0.61
3534,3863.0,0.61
3535,3863.0,0.61
3536,3863.0,0.61
3537,3863.0,0.61
3538,3863.0,0.61
3539,3863.0,0.61
3540,3855.0,0.61
3541,3855.0,0.61
3542,3855.0,0.61
3543,3855.0,0.61
3544,3855.0,0.61
3545,3855.0,0.61
3546,3855.0,0.61
3547,3855.0,0.61
3548,3855.0,0.61
3549,3855.0,0.61
3550,3855.0,0.61
3551,3855.0,0.61
3552,3855.0,0.61
3553,3855.0,0.61
3554,3855.0,0.61
3555,3855.0,0.61
3556,3855.0,0.61
3557,3855.0,0.61
3558,3855.0,0.61
3559,3855.0,0.61
3560,3855.0,0.61
3561,3855.0,0.61
3562,3855.0,0.61
3563,3855.0,0.61
3564,3855.0,0.61
3565,3855.0,0.61
3566,3855.0,0.61
3567,3855.0,0.61
3568,3855.0,0.61
3569,3855.0,0.61
3570,3855.0,0.61
3571,3855.0,0.61
3572,3855.0,0.61
3573,3855.0,0.61
3574,3855.0,0.61
3575,3855.0,0.61
3576,3855.0,0.61
3577,3855.0,0.61
3578,3855.0,0.61
3579,3855.0,0.61
3580,3855.0,0.61
3581,3855.0,0.61
3582,3855.0,0.61
3583,3855.0,0.61
3584,3855.0,0.61
3585,3855.0,0.61
3586,3855.0,0.61
3587,3855.0,0.61
3588,3855.0,0.61
3589,3855.0,0.61
3590,3855.0,0.61
3591,3855.0,0.61
3592,3855.0,0.61
3593,3855.0,0.61
3594,3855.0,0.61
3595,3855.0,0.61
3596,3855.0,0.61
3597,3855.0,0.61
3598,3855.0,0.61
3599,3855.0,0.61
3600,3863.0,0.61
3601,3863.0,0.61
3602,3863.0,0.61
3603,3863.0,0.61
3604,3863.0,0.61
3605,3863.0,0.61
3606,3863.0,0.61
3607,3863.0,0.61
3608,3863.0,0.61
3609,3863.0,0.61
3610,3863.0,0.61
3611,3863.0,0.61
3612,3863.0,0.61
3613,3863.0,0.61
3614,3863.0,0.61
3615,3863.0,0.61
3616,3863.0,0.61
3617,3863.0,0.61
3618,3863.0,0.61
3619,3863.0,0.61
3620,3863.0,0.61
3621,3863.0,0.61
3622,3863.0,0.61
3623,3863.0,0.61
3624,3863.0,0.61
3625,3863.0,0.61
3626,3863.0,0.61
3627,3863.0,0.61
3628,3863.0,0.61
3629,3863.0,0.61
3630,3863.0,0.61
3631,3863.0,0.61
3632,3863.0,0.61
3633,3863.0,0.61
3634,3863.0,0.61
3635,3863.0,0.61
3636,3863.0,0.61
3637,3863.0,0.61
3638,3863.0,0.61
3639,3863.0,0.61
3640,3863.0,0.61
3641,3863.0,0.61
3642,3863.0,0.61
3643,3863.0,0.61
3644,3863.0,0.61
3645,3863.0,0.61
3646,3863.0,0.61
3647,3863.0,0.61
3648,3863.0,0.61
3649,3863.0,0.61
3650,3863.0,0.61
3651,3863.0,0.61
3652,3863.0,0.61
3653,3863.0,0.61
3654,3863.0,0.61
3655,3856.0,0.61
3656,3856.0,0.61
3657,3856.0,0.61
3658,3856.0,0.61
3659,3860.0,0.61
3660,3860.0,0.61
3661,3860.0,0.61
3662,3860.0,0.61
3663,3860.0,0.61
3664,3860.0,0.61
3665,3860.0,0.61
3666,3860.0,0.61
3667,3860.0,0.61
3668,3860.0,0.61
3669,3860.0,0.61
3670,3860.0,0.61
3671,3860.0,0.61
3672,3860.0,0.61
3673,3860.0,0.61
3674,3860.0,0.61
3675,3860.0,0.61
3676,3860.0,0.61
3677,3860.0,0.61
3678,3860.0,0.61
3679,3860.0,0.61
3680,3860.0,0.61
3681,3860.0,0.61
3682,3860.0,0.61
3683,3860.0,0.61
3684,3860.0,0.61
3685,3860.0,0.61
3686,3860.0,0.61
3687,3860.0,0.61
3688,3860.0,0.61
3689,3860.0,0.61
3690,3860.0,0.61
3691,3860.0,0.61
3692,3860.0,0.61
3693,3860.0,0.61
3694,3860.0,0.61
3695,3860.0,0.61
3696,3860.0,0.61
3697,3860.0,0.61
3698,3860.0,0.61
3699,3860.0,0.61
3700,3860.0,0.61
3701,3860.0,0.61
3702,3860.0,0.61
3703,3860.0,0.61
3704,3860.0,0.61
3705,3860.0,0.61
3706,3860.0,0.61
3707,3860.0,0.61
3708,3860.0,0.61
3709,3860.0,0.61
3710,3860.0,0.61
3711,3860.0,0.61
3712,3860.0,0.61
3713,3860.0,0.61
3714,3860.0,0.61
3715,3860.0,0.6
3716,3860.0,0.6
3717,3860.0,0.6
3718,3860.0,0.6
3719,3860.0,0.6
3720,3860.0,0.6
3721,3860.0,0.6
3722,3860.0,0.6
3723,3860.0,0.6
3724,3860.0,0.6
3725,3860.0,0.6
3726,3860.0,0.6
3727,3860.0,0.6
3728,3860.0,0.6
3729,3860.0,0.6
3730,3860.0,0.6
3731,3860.0,0.6
3732,3860.0,0.6
3733,3860.0,0.6
3734,3860.0,0.6
3735,3860.0,0.6
3736,3860.0,0.6
3737,3860.0,0.6
3738,3860.0,0.6
3739,3860.0,0.6
3740,3860.0,0.6
3741,3860.0,0.6
3742,3860.0,0.6
3743,3860.0,0.6
3744,3860.0,0.6
3745,3860.0,0.6
3746,3860.0,0.6
3747,3860.0,0.6
3748,3860.0,0.6
3749,3860.0,0.6
3750,3860.0,0.6
3751,3860.0,0.6
3752,3860.0,0.6
3753,3860.0,0.6
3754,3860.0,0.6
3755,3860.0,0.6
3756,3860.0,0.6
3757,3860.0,0.6
3758,3860.0,0.6
3759,3860.0,0.6
3760,3860.0,0.6
3761,3860.0,0.6
3762,3860.0,0.6
3763,3860.0,0.6
3764,3860.0,0.6
3765,3860.0,0.6
3766,3860.0,0.6
3767,3860.0,0.6
3768,3860.0,0.6
3769,3860.0,0.6
3770,3860.0,0.6
3771,3860.0,0.6
3772,3860.0,0.6
3773,3860.0,0.6
3774,3860.0,0.6
3775,3860.0,0.6
3776,3860.0,0.6
3777,3860.0,0.6
3778,3854.0,0.6
3779,3854.0,0.6
3780,3854.0,0.6
3781,3854.0,0.6
3782,3854.0,0.6
3783,3854.0,0.6
3784,3854.0,0.6
3785,3854.0,0.6
3786,3854.0,0.6
3787,3854.0,0.6
3788,3854.0,0.6
3789,3854.0,0.6
3790,3854.0,0.6
3791,3854.0,0.6
3792,3854.0,0.6
3793,3854.0,0.6
3794,3854.0,0.6
3795,3854.0,0.6
3796,3854.0,0.6
3797,3854.0,0.6
3798,3854.0,0.6
3799,3854.0,0.6
3800,3854.0,0.6
3801,3854.0,0.6
3802,3854.0,0.6
3803,3854.0,0.6
3804,3854.0,0.6
3805,3854.0,0.6
3806,3854.0,0.6
3807,3854.0,0.6
3808,3854.0,0.6
3809,3854.0,0.6
3810,3854.0,0.6
3811,3854.0,0.6
3812,3854.0,0.6
3813,3854.0,0.6
3814,3854.0,0.6
3815,3854.0,0.6
3816,3854.0,0.6
3817,3854.0,0.6
3818,3854.0,0.6
3819,3854.0,0.6
3820,3854.0,0.6
3821,3854.0,0.6
3822,3854.0,0.6
3823,3854.0,0.6
3824,3854.0,0.6
3825,3854.0,0.6
3826,3854.0,0.6
3827,3854.0,0.6
3828,3854.0,0.6
3829,3854.0,0.6
3830,3854.0,0.6
3831,3854.0,0.6
3832,3854.0,0.6
3833,3854.0,0.6
3834,3854.0,0.6
3835,3854.0,0.6
3836,3854.0,0.6
3837,3854.0,0.6
3838,3857.0,0.6
3839,3857.0,0.6
3840,3857.0,0.6
3841,3857.0,0.6
3842,3857.0,0.6
3843,3857.0,0.6
3844,3857.0,0.6
3845,3857.0,0.6
3846,3857.0,0.6
3847,3857.0,0.6
3848,3857.0,0.6
3849,3857.0,0.6
3850,3857.0,0.6
3851,3857.0,0.6
3852,3857.0,0.6
3853,3857.0,0.6
3854,3857.0,0.6
3855,3857.0,0.6
3856,3857.0,0.6
3857,3857.0,0.6
3858,3857.0,0.6
3859,3857.0,0.6
3860,3857.0,0.6
3861,3857.0,0.6
3862,3857.0,0.6
3863,3857.0,0.6
3864,3857.0,0.6
3865,3857.0,0.6
3866,3857.0,0.6
3867,3857.0,0.6
3868,3857.0,0.6
3869,3857.0,0.6
3870,3857.0,0.6
3871,3857.0,0.6
3872,3857.0,0.6
3873,3857.0,0.6
3874,3857.0,0.6
3875,3857.0,0.6
3876,3857.0,0.6
3877,3857.0,0.6
3878,3857.0,0.6
3879,3857.0,0.6
3880,3857.0,0.6
3881,3857.0,0.6
3882,3857.0,0.6
3883,3857.0,0.6
3884,3857.0,0.6
3885,3857.0,0.6
3886,3857.0,0.6
3887,3857.0,0.6
3888,3857.0,0.6
3889,3857.0,0.6
3890,3857.0,0.6
3891,3857.0,0.6
3892,3857.0,0.6
3893,3857.0,0.6
3894,3857.0,0.6
3895,3857.0,0.6
3896,3857.0,0.6
3897,3857.0,0.6
3898,3844.0,0.6
3899,3844.0,0.6
3900,3844.0,0.6
3901,3844.0,0.6
3902,3844.0,0.6
3903,3844.0,0.6
3904,3844.0,0.6
3905,3844.0,0.6
3906,3844.0,0.6
3907,3844.0,0.6
3908,3844.0,0.6
3909,3844.0,0.6
3910,3844.0,0.6
3911,3844.0,0.6
3912,3844.0,0.6
3913,3844.0,0.6
3914,3844.0,0.6
3915,3844.0,0.6
3916,3844.0,0.6
3917,3844.0,0.6
3918,3844.0,0.6
3919,3844.0,0.6
3920,3844.0,0.6
3921,3844.0,0.6
3922,3844.0,0.6
3923,3844.0,0.6
3924,3844.0,0.6
3925,3844.0,0.6
3926,3844.0,0.6
3927,3844.0,0.6
3928,3844.0,0.6
3929,3844.0,0.6
3930,3844.0,0.6
3931,3844.0,0.6
3932,3844.0,0.6
3933,3844.0,0.6
3934,3844.0,0.6
3935,3844.0,0.6
3936,3844.0,0.6
3937,3844.0,0.6
3938,3844.0,0.6
3939,3844.0,0.6
3940,3844.0,0.6
3941,3844.0,0.6
3942,3844.0,0.6
3943,3844.0,0.6
3944,3844.0,0.6
3945,3844.0,0.6
3946,3844.0,0.6
3947,3844.0,0.6
3948,3844.0,0.6
3949,3844.0,0.6
3950,3844.0,0.6
3951,3844.0,0.6
3952,3844.0,0.6
3953,3844.0,0.6
3954,3844.0,0.6
3955,3844.0,0.6
3956,3844.0,0.6
3957,3852.0,0.59
3958,3852.0,0.59
3959,3852.0,0.59
3960,3852.0,0.59
3961,3852.0,0.59
3962,3852.0,0.59
3963,3852.0,0.59
3964,3852.0,0.59
3965,3852.0,0.59
3966,3852.0,0.59
3967,3852.0,0.59
3968,3852.0,0.59
3969,3852.0,0.59
3970,3852.0,0.59
3971,3852.0,0.59
3972,3852.0,0.59
3973,3852.0,0.59
3974,3852.0,0.59
3975,3852.0,0.59
3976,3852.0,0.59
3977,3852.0,0.59
3978,3852.0,0.59
3979,3852.0,0.59
3980,3852.0,0.59
3981,3852.0,0.59
3982,3852.0,0.59
3983,3852.0,0.59
3984,3852.0,0.59
3985,3852.0,0.59
3986,3852.0,0.59
3987,3852.0,0.59
3988,3852.0,0.59
3989,3852.0,0.59
3990,3852.0,0.59
3991,3852.0,0.59
3992,3852.0,0.59
3993,3852.0,0.59
3994,3852.0,0.59
3995,3852.0,0.59
3996,3852.0,0.59
3997,3852.0,0.59
3998,3852.0,0.59
3999,3852.0,0.59
4000,3852.0,0.59
4001,3852.0,0.59
4002,3852.0,0.59
4003,3852.0,0.59
4004,3852.0,0.59
4005,3852.0,0.59
4006,3852.0,0.59
4007,3852.0,0.59
4008,3852.0,0.59
4009,3852.0,0.59
4010,3852.0,0.59
4011,3852.0,0.59
4012,3852.0,0.59
4013,3852.0,0.59
4014,3852.0,0.59
4015,3852.0,0.59
4016,3822.0,0.59
4017,3822.0,0.59
4018,3822.0,0.59
4019,3822.0,0.59
4020,3822.0,0.59
4021,3822.0,0.59
4022,3822.0,0.59
4023,3822.0,0.59
4024,3822.0,0.59
4025,3822.0,0.59
4026,3822.0,0.59
4027,3822.0,0.59
4028,3822.0,0.59
4029,3822.0,0.59
4030,3822.0,0.59
4031,3822.0,0.59
4032,3822.0,0.59
4033,3822.0,0.59
4034,3822.0,0.59
4035,3822.0,0.59
4036,3822.0,0.59
4037,3822.0,0.59
4038,3822.0,0.59
4039,3822.0,0.59
4040,3822.0,0.59
4041,3822.0,0.59
4042,3822.0,0.59
4043,3822.0,0.59
4044,3822.0,0.59
4045,3822.0,0.59
4046,3822.0,0.59
4047,3822.0,0.59
4048,3822.0,0.59
4049,3822.0,0.59
4050,3822.0,0.59
4051,3822.0,0.59
4052,3822.0,0.59
4053,3822.0,0.59
4054,3822.0,0.59
4055,3822.0,0.59
4056,3822.0,0.59
4057,3822.0,0.59
4058,3822.0,0.59
4059,3822.0,0.59
4060,3822.0,0.59
4061,3822.0,0.59
4062,3822.0,0.59
4063,3822.0,0.59
4064,3822.0,0.59
4065,3822.0,0.59
4066,3822.0,0.59
4067,3822.0,0.59
4068,3822.0,0.59
4069,3822.0,0.59
4070,3822.0,0.59
4071,3822.0,0.59
4072,3822.0,0.59
4073,3822.0,0.59
4074,3822.0,0.59
4075,3822.0,0.59
4076,3826.0,0.59
4077,3826.0,0.59
4078,3826.0,0.59
4079,3826.0,0.59
4080,3826.0,0.59
4081,3826.0,0.59
4082,3826.0,0.59
4083,3826.0,0.59
4084,3826.0,0.59
4085,3826.0,0.59
4086,3826.0,0.59
4087,3826.0,0.59
4088,3826.0,0.59
4089,3826.0,0.59
4090,3826.0,0.59
4091,3826.0,0.59
4092,3826.0,0.59
4093,3826.0,0.59
4094,3826.0,0.59
4095,3826.0,0.59
4096,3826.0,0.59
4097,3826.0,0.59
4098,3826.0,0.59
4099,3826.0,0.59
4100,3826.0,0.59
4101,3826.0,0.59
4102,3826.0,0.59
4103,3826.0,0.59
4104,3826.0,0.59
4105,3826.0,0.59
4106,3826.0,0.59
4107,3826.0,0.59
4108,3826.0,0.59
4109,3826.0,0.59
4110,3826.0,0.59
4111,3826.0,0.59
4112,3826.0,0.59
4113,3826.0,0.59
4114,3826.0,0.59
4115,3826.0,0.59
4116,3826.0,0.59
4117,3826.0,0.59
4118,3826.0,0.59
4119,3826.0,0.59
4120,3826.0,0.59
4121,3826.0,0.59
4122,3826.0,0.59
4123,3826.0,0.59
4124,3826.0,0.59
4125,3826.0,0.59
4126,3826.0,0.59
4127,3826.0,0.59
4128,3826.0,0.59
4129,3826.0,0.59
4130,3826.0,0.59
4131,3826.0,0.59
4132,3826.0,0.59
4133,3826.0,0.59
4134,3826.0,0.59
4135,3826.0,0.59
4136,3835.0,0.59
4137,3835.0,0.59
4138,3835.0,0.59
4139,3835.0,0.59
4140,3835.0,0.59
4141,3835.0,0.59
4142,3835.0,0.59
4143,3835.0,0.59
4144,3835.0,0.59
4145,3835.0,0.59
4146,3835.0,0.59
4147,3835.0,0.59
4148,3835.0,0.59
4149,3835.0,0.59
4150,3835.0,0.59
4151,3835.0,0.59
4152,3835.0,0.59
4153,3835.0,0.59
4154,3835.0,0.59
4155,3835.0,0.59
4156,3835.0,0.59
4157,3835.0,0.59
4158,3835.0,0.59
4159,3835.0,0.59
4160,3835.0,0.59
4161,3835.0,0.59
4162,3835.0,0.59
4163,3835.0,0.59
4164,3835.0,0.59
4165,3835.0,0.59
4166,3835.0,0.59
4167,3835.0,0.59
4168,3835.0,0.59
4169,3835.0,0.59
4170,3835.0,0.59
4171,3835.0,0.59
4172,3835.0,0.59
4173,3835.0,0.59
4174,3835.0,0.59
4175,3835.0,0.59
4176,3835.0,0.59
4177,3835.0,0.59
4178,3835.0,0.59
4179,3835.0,0.59
4180,3835.0,0.59
4181,3835.0,0.59
4182,3835.0,0.59
4183,3835.0,0.59
4184,3835.0,0.59
4185,3835.0,0.59
4186,3835.0,0.59
4187,3835.0,0.59
4188,3835.0,0.59
4189,3835.0,0.59
4190,3835.0,0.59
4191,3835.0,0.59
4192,3835.0,0.59
4193,3835.0,0.59
4194,3835.0,0.59
4195,3830.0,0.58
4196,3830.0,0.58
4197,3830.0,0.58
4198,3830.0,0.58
4199,3830.0,0.58
4200,3830.0,0.58
4201,3830.0,0.58
4202,3830.0,0.58
4203,3830.0,0.58
4204,3830.0,0.58
4205,3830.0,0.58
4206,3830.0,0.58
4207,3830.0,0.58
4208,3830.0,0.58
4209,3830.0,0.58
4210,3830.0,0.58
4211,3830.0,0.58
4212,3830.0,0.58
4213,3830.0,0.58
4214,3830.0,0.58
4215,3830.0,0.58
4216,3830.0,0.58
4217,3830.0,0.58
4218,3830.0,0.58
4219,3830.0,0.58
4220,3830.0,0.58
4221,3830.0,0.58
4222,3830.0,0.58
4223,3830.0,0.58
4224,3830.0,0.58
4225,3830.0,0.58
4226,3830.0,0.58
4227,3830.0,0.58
4228,3830.0,0.58
4229,3830.0,0.58
4230,3830.0,0.58
4231,3830.0,0.58
4232,3830.0,0.58
4233,3830.0,0.58
4234,3830.0,0.58
4235,3830.0,0.58
4236,3830.0,0.58
4237,3830.0,0.58
4238,3830.0,0.58
4239,3830.0,0.58
4240,3830.0,0.58
4241,3830.0,0.58
4242,3830.0,0.58
4243,3830.0,0.58
4244,3830.0,0.58
4245,3830.0,0.58
4246,3830.0,0.58
4247,3830.0,0.58
4248,3830.0,0.58
4249,3840.0,0.58
4250,3840.0,0.58
4251,3840.0,0.58
4252,3840.0,0.58
4253,3840.0,0.58
4254,3840.0,0.58
4255,3838.0,0.58
4256,3838.0,0.58
4257,3838.0,0.58
4258,3838.0,0.58
4259,3838.0,0.58
4260,3838.0,0.58
4261,3838.0,0.58
4262,3838.0,0.58
4263,3838.0,0.58
4264,3838.0,0.58
4265,3838.0,0.58
4266,3838.0,0.58
4267,3838.0,0.58
4268,3838.0,0.58
4269,3838.0,0.58
4270,3838.0,0.58
4271,3838.0,0.58
4272,3838.0,0.58
4273,3838.0,0.58
4274,3838.0,0.58
4275,3838.0,0.58
4276,3838.0,0.58
4277,3838.0,0.58
4278,3838.0,0.58
4279,3838.0,0.58
4280,3838.0,0.58
4281,3838.0,0.58
4282,3838.0,0.58
4283,3838.0,0.58
4284,3838.0,0.58
4285,3838.0,0.58
4286,3838.0,0.58
4287,3838.0,0.58
4288,3838.0,0.58
4289,3838.0,0.58
4290,3838.0,0.58
4291,3838.0,0.58
4292,3838.0,0.58
4293,3838.0,0.58
4294,3838.0,0.58
4295,3838.0,0.58
4296,3838.0,0.58
4297,3838.0,0.58
4298,3838.0,0.58
4299,3838.0,0.58
4300,3838.0,0.58
4301,3838.0,0.58
4302,3838.0,0.58
4303,3838.0,0.58
4304,3838.0,0.58
4305,3838.0,0.58
4306,3838.0,0.58
4307,3838.0,0.58
4308,3838.0,0.58
4309,3838.0,0.58
4310,3838.0,0.58
4311,3838.0,0.58
4312,3838.0,0.58
4313,3838.0,0.58
4314,3837.0,0.58
4315,3837.0,0.58
4316,3837.0,0.58
4317,3837.0,0.58
4318,3837.0,0.58
4319,3837.0,0.58
4320,3837.0,0.58
4321,3837.0,0.58
4322,3837.0,0.58
4323,3837.0,0.58
4324,3837.0,0.58
4325,3837.0,0.58
4326,3837.0,0.58
4327,3837.0,0.58
4328,3837.0,0.58
4329,3837.0,0.58
4330,3837.0,0.58
4331,3837.0,0.58
4332,3837.0,0.58
4333,3837.0,0.58
4334,3837.0,0.58
4335,3837.0,0.58
4336,3837.0,0.58
4337,3837.0,0.58
4338,3837.0,0.58
4339,3837.0,0.58
4340,3837.0,0.58
4341,3837.0,0.58
4342,3837.0,0.58
4343,3837.0,0.58
4344,3837.0,0.58
4345,3837.0,0.58
4346,3837.0,0.58
4347,3837.0,0.58
4348,3837.0,0.58
4349,3837.0,0.58
4350,3837.0,0.58
4351,3837.0,0.58
4352,3837.0,0.58
4353,3837.0,0.58
4354,3837.0,0.58
4355,3837.0,0.58
4356,3837.0,0.58
4357,3837.0,0.58
4358,3837.0,0.58
4359,3837.0,0.58
4360,3837.0,0.58
4361,3837.0,0.58
4362,3837.0,0.58
4363,3837.0,0.58
4364,3837.0,0.58
4365,3837.0,0.58
4366,3837.0,0.58
4367,3837.0,0.58
4368,3837.0,0.58
4369,3837.0,0.58
4370,3837.0,0.58
4371,3837.0,0.58
4372,3837.0,0.58
4373,3821.0,0.58
4374,3821.0,0.58
4375,3821.0,0.58
4376,3821.0,0.58
4377,3821.0,0.58
4378,3821.0,0.58
4379,3821.0,0.58
4380,3821.0,0.58
4381,3821.0,0.58
4382,3821.0,0.58
4383,3821.0,0.58
4384,3821.0,0.58
4385,3821.0,0.58
4386,3821.0,0.58
4387,3821.0,0.58
4388,3821.0,0.58
4389,3821.0,0.58
4390,3821.0,0.58
4391,3821.0,0.58
4392,3821.0,0.58
4393,3821.0,0.58
4394,3821.0,0.58
4395,3821.0,0.58
4396,3821.0,0.58
4397,3821.0,0.58
4398,3821.0,0.58
4399,3821.0,0.58
4400,3821.0,0.58
4401,3821.0,0.58
4402,3821.0,0.58
4403,3821.0,0.58
4404,3821.0,0.58
4405,3821.0,0.58
4406,3821.0,0.58
4407,3821.0,0.58
4408,3821.0,0.58
4409,3821.0,0.58
4410,3821.0,0.58
4411,3821.0,0.58
4412,3821.0,0.58
4413,3821.0,0.58
4414,3821.0,0.58
4415,3821.0,0.58
4416,3821.0,0.58
4417,3821.0,0.58
4418,3821.0,0.58
4419,3821.0,0.58
4420,3821.0,0.58
4421,3821.0,0.58
4422,3821.0,0.58
4423,3821.0,0.58
4424,3821.0,0.58
4425,3821.0,0.58
4426,3821.0,0.58
4427,3821.0,0.58
4428,3821.0,0.58
4429,3821.0,0.58
4430,3821.0,0.58
4431,3821.0,0.58
4432,3821.0,0.58
4433,3835.0,0.58
4434,3835.0,0.58
4435,3835.0,0.58
4436,3835.0,0.58
4437,3835.0,0.58
4438,3835.0,0.58
4439,3835.0,0.58
4440,3835.0,0.58
4441,3835.0,0.58
4442,3835.0,0.58
4443,3835.0,0.58
4444,3835.0,0.58
4445,3835.0,0.58
4446,3835.0,0.58
4447,3835.0,0.58
4448,3835.0,0.58
4449,3835.0,0.58
4450,3835.0,0.58
4451,3835.0,0.58
4452,3835.0,0.58
4453,3835.0,0.58
4454,3835.0,0.58
4455,3835.0,0.58
4456,3835.0,0.58
4457,3835.0,0.58
4458,3835.0,0.58
4459,3835.0,0.58
4460,3835.0,0.58
4461,3835.0,0.58
4462,3835.0,0.58
4463,3835.0,0.58
4464,3835.0,0.58
4465,3835.0,0.58
4466,3835.0,0.58
4467,3835.0,0.58
4468,3835.0,0.58
4469,3835.0,0.58
4470,3835.0,0.58
4471,3835.0,0.58
4472,3835.0,0.58
4473,3835.0,0.58
4474,3835.0,0.58
4475,3835.0,0.58
4476,3835.0,0.58
4477,3835.0,0.58
4478,3835.0,0.58
4479,3835.0,0.58
4480,3835.0,0.58
4481,3835.0,0.58
4482,3835.0,0.58
4483,3835.0,0.58
4484,3835.0,0.58
4485,3835.0,0.58
4486,3835.0,0.58
4487,3835.0,0.58
4488,3835.0,0.58
4489,3835.0,0.58
4490,3835.0,0.58
4491,3835.0,0.58
4492,3830.0,0.58
4493,3829.0,0.58
4494,3829.0,0.57
4495,3829.0,0.57
4496,3829.0,0.57
4497,3829.0,0.57
4498,3829.0,0.57
4499,3829.0,0.57
4500,3829.0,0.57
4501,3829.0,0.57
4502,3829.0,0.57
4503,3829.0,0.57
4504,3829.0,0.57
4505,3829.0,0.57
4506,3829.0,0.57
4507,3829.0,0.57
4508,3829.0,0.57
4509,3829.0,0.57
4510,3829.0,0.57
4511,3829.0,0.57
4512,3829.0,0.57
4513,3829.0,0.57
4514,3829.0,0.57
4515,3829.0,0.57
4516,3829.0,0.57
4517,3829.0,0.57
4518,3829.0,0.57
4519,3829.0,0.57
4520,3829.0,0.57
4521,3829.0,0.57
4522,3829.0,0.57
4523,3829.0,0.57
4524,3829.0,0.57
4525,3829.0,0.57
4526,3829.0,0.57
4527,3829.0,0.57
4528,3829.0,0.57
4529,3829.0,0.57
4530,3829.0,0.57
4531,3829.0,0.57
4532,3829.0,0.57
4533,3829.0,0.57
4534,3829.0,0.57
4535,3829.0,0.57
4536,3829.0,0.57
4537,3829.0,0.57
4538,3829.0,0.57
4539,3829.0,0.57
4540,3829.0,0.57
4541,3829.0,0.57
4542,3829.0,0.57
4543,3829.0,0.57
4544,3829.0,0.57
4545,3829.0,0.57
4546,3829.0,0.57
4547,3829.0,0.57
4548,3829.0,0.57
4549,3829.0,0.57
4550,3829.0,0.57
4551,3829.0,0.57
4552,3817.0,0.57
4553,3817.0,0.57
4554,3817.0,0.57
4555,3817.0,0.57
4556,3817.0,0.57
4557,3817.0,0.57
4558,3817.0,0.57
4559,3817.0,0.57
4560,3817.0,0.57
4561,3817.0,0.57
4562,3817.0,0.57
4563,3817.0,0.57
4564,3817.0,0.57
4565,3817.0,0.57
4566,3817.0,0.57
4567,3817.0,0.57
4568,3817.0,0.57
4569,3817.0,0.57
4570,3817.0,0.57
4571,3817.0,0.57
4572,3817.0,0.57
4573,3817.0,0.57
4574,3817.0,0.57
4575,3817.0,0.57
4576,3817.0,0.57
4577,3817.0,0.57
4578,3817.0,0.57
4579,3817.0,0.57
4580,3817.0,0.57
4581,3817.0,0.57
4582,3817.0,0.57
4583,3817.0,0.57
4584,3817.0,0.57
4585,3817.0,0.57
4586,3817.0,0.57
4587,3817.0,0.57
4588,3817.0,0.57
4589,3817.0,0.57
4590,3817.0,0.57
4591,3817.0,0.57
4592,3817.0,0.57
4593,3817.0,0.57
4594,3817.0,0.57
4595,3817.0,0.57
4596,3817.0,0.57
4597,3817.0,0.57
4598,3817.0,0.57
4599,3817.0,0.57
4600,3817.0,0.57
4601,3817.0,0.57
4602,3817.0,0.57
4603,3817.0,0.57
4604,3817.0,0.57
4605,3817.0,0.57
4606,3817.0,0.57
4607,3817.0,0.57
4608,3817.0,0.57
4609,3817.0,0.57
4610,3817.0,0.57
4611,3817.0,0.57
4612,3828.0,0.57
4613,3828.0,0.57
4614,3828.0,0.57
4615,3828.0,0.57
4616,3828.0,0.57
4617,3828.0,0.57
4618,3828.0,0.57
4619,3828.0,0.57
4620,3828.0,0.57
4621,3828.0,0.57
4622,3828.0,0.57
4623,3828.0,0.57
4624,3828.0,0.57
4625,3828.0,0.57
4626,3828.0,0.57
4627,3828.0,0.57
4628,3828.0,0.57
4629,3828.0,0.57
4630,3828.0,0.57
4631,3828.0,0.57
4632,3828.0,0.57
4633,3828.0,0.57
4634,3828.0,0.57
4635,3828.0,0.57
4636,3828.0,0.57
4637,3828.0,0.57
4638,3828.0,0.57
4639,3828.0,0.57
4640,3828.0,0.57
4641,3828.0,0.57
4642,3828.0,0.57
4643,3828.0,0.57
4644,3828.0,0.57
4645,3828.0,0.57
4646,3828.0,0.57
4647,3828.0,0.57
4648,3828.0,0.57
4649,3828.0,0.57
4650,3828.0,0.57
4651,3828.0,0.57
4652,3828.0,0.57
4653,3828.0,0.57
4654,3828.0,0.57
4655,3828.0,0.57
4656,3828.0,0.57
4657,3828.0,0.57
4658,3828.0,0.57
4659,3828.0,0.57
4660,3828.0,0.57
4661,3828.0,0.57
4662,3828.0,0.57
4663,3828.0,0.57
4664,3828.0,0.57
4665,3828.0,0.57
4666,3828.0,0.57
4667,3828.0,0.57
4668,3828.0,0.57
4669,3828.0,0.57
4670,3828.0,0.57
4671,3826.0,0.57
4672,3826.0,0.57
4673,3826.0,0.57
4674,3826.0,0.57
4675,3826.0,0.57
4676,3826.0,0.57
4677,3826.0,0.57
4678,3826.0,0.57
4679,3826.0,0.57
4680,3826.0,0.57
4681,3826.0,0.57
4682,3826.0,0.57
4683,3826.0,0.57
4684,3826.0,0.57
4685,3826.0,0.57
4686,3826.0,0.57
4687,3826.0,0.57
4688,3826.0,0.57
4689,3826.0,0.57
4690,3826.0,0.57
4691,3826.0,0.57
4692,3826.0,0.57
4693,3826.0,0.57
4694,3826.0,0.57
4695,3826.0,0.57
4696,3826.0,0.57
4697,3826.0,0.57
4698,3826.0,0.57
4699,3826.0,0.57
4700,3826.0,0.57
4701,3826.0,0.57
4702,3826.0,0.57
4703,3826.0,0.57
4704,3826.0,0.57
4705,3826.0,0.57
4706,3826.0,0.57
4707,3826.0,0.57
4708,3826.0,0.57
4709,3826.0,0.57
4710,3826.0,0.57
4711,3826.0,0.57
4712,3826.0,0.57
4713,3826.0,0.57
4714,3826.0,0.57
4715,3826.0,0.57
4716,3826.0,0.57
4717,3826.0,0.57
4718,3826.0,0.57
4719,3826.0,0.57
4720,3826.0,0.57
4721,3826.0,0.57
4722,3826.0,0.57
4723,3826.0,0.57
4724,3826.0,0.57
4725,3826.0,0.57
4726,3826.0,0.57
4727,3826.0,0.57
4728,3826.0,0.57
4729,3826.0,0.57
4730,3826.0,0.57
4731,3811.0,0.56
4732,3811.0,0.56
4733,3811.0,0.56
4734,3811.0,0.56
4735,3811.0,0.56
4736,3811.0,0.56
4737,3811.0,0.56
4738,3811.0,0.56
4739,3811.0,0.56
4740,3811.0,0.56
4741,3811.0,0.56
4742,3811.0,0.56
4743,3811.0,0.56
4744,3811.0,0.56
4745,3811.0,0.56
4746,3811.0,0.56
4747,3811.0,0.56
4748,3811.0,0.56
4749,3811.0,0.56
4750,3811.0,0.56
4751,3811.0,0.56
4752,3811.0,0.56
4753,3811.0,0.56
4754,3811.0,0.56
4755,3811.0,0.56
4756,3811.0,0.56
4757,3811.0,0.56
4758,3811.0,0.56
4759,3811.0,0.56
4760,3811.0,0.56
4761,3811.0,0.56
4762,3811.0,0.56
4763,3811.0,0.56
