1,4194.0,1.0
2,4194.0,1.0
3,4194.0,1.0
4,4194.0,1.0
5,4194.0,1.0
6,4194.0,1.0
7,4194.0,1.0
8,4194.0,1.0
9,4194.0,1.0
10,4194.0,1.0
11,4194.0,1.0
12,4194.0,1.0
13,4194.0,1.0
14,4194.0,1.0
15,4194.0,1.0
16,4194.0,1.0
17,4194.0,1.0
18,4194.0,1.0
19,4194.0,1.0
20,4194.0,1.0
21,4194.0,1.0
22,4194.0,1.0
23,4194.0,1.0
24,4194.0,1.0
25,4194.0,1.0
26,4183.0,1.0
27,4183.0,1.0
28,4183.0,1.0
29,4183.0,1.0
30,4183.0,1.0
31,4183.0,1.0
32,4183.0,1.0
33,4183.0,1.0
34,4183.0,1.0
35,4183.0,1.0
36,4183.0,1.0
37,4183.0,1.0
38,4183.0,1.0
39,4183.0,1.0
40,4183.0,1.0
41,4183.0,1.0
42,4183.0,1.0
43,4183.0,1.0
44,4183.0,1.0
45,4183.0,1.0
46,4183.0,1.0
47,4183.0,1.0
48,4183.0,1.0
49,4183.0,1.0
50,4183.0,1.0
51,4183.0,1.0
52,4183.0,1.0
53,4183.0,1.0
54,4183.0,1.0
55,4183.0,1.0
56,4183.0,1.0
57,4183.0,1.0
58,4183.0,1.0
59,4183.0,1.0
60,4183.0,1.0
61,4183.0,1.0
62,4183.0,1.0
63,4183.0,1.0
64,4183.0,1.0
65,4183.0,1.0
66,4183.0,1.0
67,4183.0,1.0
68,4183.0,1.0
69,4183.0,1.0
70,4183.0,1.0
71,4183.0,1.0
72,4183.0,1.0
73,4183.0,1.0
74,4183.0,1.0
75,4183.0,1.0
76,4183.0,1.0
77,4183.0,1.0
78,4183.0,1.0
79,4183.0,1.0
80,4183.0,1.0
81,4183.0,1.0
82,4183.0,1.0
83,4183.0,1.0
84,4183.0,1.0
85,4175.0,0.99
86,4175.0,0.99
87,4175.0,0.99
88,4175.0,0.99
89,4175.0,0.99
90,4175.0,0.99
91,4175.0,0.99
92,4175.0,0.99
93,4175.0,0.99
94,4175.0,0.99
95,4175.0,0.99
96,4175.0,0.99
97,4175.0,0.99
98,4175.0,0.99
99,4175.0,0.99
100,4175.0,0.99
101,4175.0,0.99
102,4175.0,0.99
103,4175.0,0.99
104,4175.0,0.99
105,4175.0,0.99
106,4175.0,0.99
107,4175.0,0.99
108,4175.0,0.99
109,4175.0,0.99
110,4175.0,0.99
111,4175.0,0.99
112,4175.0,0.99
113,4175.0,0.99
114,4175.0,0.99
115,4175.0,0.99
116,4175.0,0.99
117,4175.0,0.99
118,4175.0,0.99
119,4175.0,0.99
120,4175.0,0.99
121,4175.0,0.99
122,4175.0,0.99
123,4175.0,0.99
124,4175.0,0.99
125,4175.0,0.99
126,4189.0,0.99
127,4189.0,0.99
128,4189.0,0.99
129,4189.0,0.99
130,4189.0,0.98
131,4189.0,0.98
132,4189.0,0.98
133,4189.0,0.98
134,4189.0,0.98
135,4189.0,0.98
136,4189.0,0.98
137,4189.0,0.98
138,4189.0,0.98
139,4189.0,0.98
140,4189.0,0.98
141,4189.0,0.98
142,4206.0,0.98
143,4206.0,0.98
144,4206.0,0.98
145,4202.0,0.98
146,4202.0,0.98
147,4202.0,0.98
148,4202.0,0.98
149,4202.0,0.98
150,4202.0,0.98
151,4202.0,0.98
152,4202.0,0.98
153,4202.0,0.98
154,4202.0,0.98
155,4202.0,0.98
156,4202.0,0.98
157,4202.0,0.98
158,4202.0,0.98
159,4202.0,0.98
160,4202.0,0.98
161,4202.0,0.98
162,4202.0,0.98
163,4202.0,0.98
164,4202.0,0.98
165,4202.0,0.98
166,4202.0,0.98
167,4202.0,0.98
168,4202.0,0.98
169,4202.0,0.98
170,4202.0,0.98
171,4202.0,0.98
172,4202.0,0.98
173,4202.0,0.98
174,4202.0,0.98
175,4202.0,0.98
176,4202.0,0.98
177,4202.0,0.98
178,4202.0,0.98
179,4202.0,0.98
180,4202.0,0.98
181,4202.0,0.98
182,4202.0,0.98
183,4202.0,0.98
184,4202.0,0.98
185,4202.0,0.98
186,4202.0,0.98
187,4202.0,0.98
188,4202.0,0.98
189,4202.0,0.98
190,4202.0,0.98
191,4202.0,0.98
192,4202.0,0.98
193,4213.0,0.98
194,4213.0,0.98
195,4213.0,0.98
196,4213.0,0.98
197,4213.0,0.98
198,4213.0,0.98
199,4213.0,0.98
200,4213.0,0.98
201,4213.0,0.98
202,4213.0,0.98
203,4213.0,0.98
204,4211.0,0.98
205,4211.0,0.98
206,4211.0,0.98
207,4211.0,0.98
208,4211.0,0.98
209,4211.0,0.98
210,4211.0,0.98
211,4211.0,0.98
212,4211.0,0.98
213,4211.0,0.98
214,4211.0,0.98
215,4211.0,0.98
216,4211.0,0.98
217,4211.0,0.98
218,4211.0,0.98
219,4211.0,0.98
220,4211.0,0.98
221,4211.0,0.98
222,4211.0,0.98
223,4211.0,0.98
224,4211.0,0.98
225,4211.0,0.98
226,4211.0,0.98
227,4211.0,0.98
228,4211.0,0.98
229,4211.0,0.98
230,4211.0,0.98
231,4211.0,0.98
232,4211.0,0.98
233,4211.0,0.98
234,4211.0,0.98
235,4211.0,0.98
236,4211.0,0.98
237,4211.0,0.98
238,4211.0,0.98
239,4211.0,0.98
240,4211.0,0.98
241,4211.0,0.98
242,4211.0,0.98
243,4211.0,0.98
244,4211.0,0.98
245,4211.0,0.98
246,4211.0,0.98
247,4211.0,0.98
248,4211.0,0.98
249,4211.0,0.98
250,4211.0,0.98
251,4206.0,0.98
252,4206.0,0.98
253,4206.0,0.98
254,4206.0,0.98
255,4206.0,0.98
256,4206.0,0.98
257,4206.0,0.98
258,4206.0,0.98
259,4206.0,0.98
260,4206.0,0.98
261,4206.0,0.98
262,4206.0,0.98
263,4210.0,0.98
264,4210.0,0.98
265,4210.0,0.98
266,4210.0,0.98
267,4210.0,0.98
268,4210.0,0.98
269,4210.0,0.98
270,4210.0,0.97
271,4210.0,0.97
272,4210.0,0.97
273,4210.0,0.97
274,4210.0,0.97
275,4210.0,0.97
276,4210.0,0.97
277,4210.0,0.97
278,4210.0,0.97
279,4210.0,0.97
280,4210.0,0.97
281,4210.0,0.97
282,4210.0,0.97
283,4210.0,0.97
284,4210.0,0.97
285,4210.0,0.97
286,4210.0,0.97
287,4210.0,0.97
288,4210.0,0.97
289,4210.0,0.97
290,4210.0,0.97
291,4210.0,0.97
292,4210.0,0.97
293,4210.0,0.97
294,4210.0,0.97
295,4210.0,0.97
296,4210.0,0.97
297,4213.0,0.97
298,4213.0,0.97
299,4213.0,0.97
300,4213.0,0.97
301,4213.0,0.97
302,4213.0,0.97
303,4213.0,0.97
304,4213.0,0.97
305,4213.0,0.97
306,4213.0,0.97
307,4213.0,0.97
308,4213.0,0.97
309,4213.0,0.97
310,4213.0,0.97
311,4213.0,0.97
312,4213.0,0.97
313,4213.0,0.97
314,4213.0,0.97
315,4213.0,0.97
316,4213.0,0.97
317,4213.0,0.97
318,4213.0,0.97
319,4213.0,0.97
320,4213.0,0.97
321,4213.0,0.97
322,4206.0,0.97
323,4206.0,0.97
324,4206.0,0.97
325,4206.0,0.97
326,4206.0,0.97
327,4206.0,0.97
328,4206.0,0.97
329,4206.0,0.97
330,4206.0,0.97
331,4206.0,0.97
332,4206.0,0.97
333,4206.0,0.97
334,4206.0,0.97
335,4206.0,0.97
336,4206.0,0.97
337,4206.0,0.97
338,4206.0,0.97
339,4206.0,0.97
340,4206.0,0.97
341,4206.0,0.97
342,4206.0,0.97
343,4206.0,0.97
344,4206.0,0.97
345,4206.0,0.97
346,4206.0,0.97
347,4206.0,0.97
348,4206.0,0.97
349,4206.0,0.97
350,4206.0,0.97
351,4206.0,0.97
352,4206.0,0.97
353,4206.0,0.97
354,4206.0,0.97
355,4211.0,0.97
356,4211.0,0.97
357,4211.0,0.97
358,4211.0,0.97
359,4211.0,0.97
360,4211.0,0.97
361,4211.0,0.97
362,4211.0,0.97
363,4211.0,0.97
364,4211.0,0.97
365,4211.0,0.97
366,4211.0,0.97
367,4211.0,0.97
368,4211.0,0.97
369,4211.0,0.97
370,4211.0,0.97
371,4211.0,0.97
372,4211.0,0.97
373,4211.0,0.97
374,4211.0,0.97
375,4211.0,0.97
376,4211.0,0.97
377,4211.0,0.97
378,4211.0,0.97
379,4211.0,0.97
380,4211.0,0.97
381,4203.0,0.97
382,4203.0,0.97
383,4203.0,0.97
384,4203.0,0.97
385,4203.0,0.97
386,4203.0,0.97
387,4203.0,0.97
388,4203.0,0.97
389,4203.0,0.97
390,4203.0,0.97
391,4203.0,0.97
392,4203.0,0.97
393,4203.0,0.97
394,4203.0,0.97
395,4203.0,0.97
396,4203.0,0.97
397,4203.0,0.97
398,4203.0,0.97
399,4203.0,0.97
400,4203.0,0.97
401,4203.0,0.97
402,4203.0,0.97
403,4203.0,0.97
404,4203.0,0.97
405,4203.0,0.97
406,4203.0,0.97
407,4203.0,0.97
408,4203.0,0.97
409,4203.0,0.97
410,4203.0,0.97
411,4203.0,0.97
412,4203.0,0.97
413,4203.0,0.97
414,4203.0,0.97
415,4203.0,0.97
416,4203.0,0.97
417,4203.0,0.97
418,4203.0,0.97
419,4203.0,0.97
420,4209.0,0.97
421,4209.0,0.97
422,4209.0,0.97
423,4209.0,0.97
424,4209.0,0.97
425,4209.0,0.97
426,4209.0,0.97
427,4209.0,0.97
428,4209.0,0.97
429,4209.0,0.97
430,4209.0,0.97
431,4209.0,0.97
432,4209.0,0.97
433,4209.0,0.97
434,4209.0,0.97
435,4209.0,0.97
436,4209.0,0.97
437,4209.0,0.97
438,4209.0,0.97
439,4209.0,0.97
440,4208.0,0.97
441,4208.0,0.97
442,4208.0,0.97
443,4208.0,0.97
444,4208.0,0.97
445,4208.0,0.97
446,4208.0,0.97
447,4208.0,0.97
448,4208.0,0.97
449,4208.0,0.97
450,4208.0,0.97
451,4208.0,0.97
452,4208.0,0.97
453,4208.0,0.97
454,4208.0,0.97
455,4208.0,0.97
456,4208.0,0.97
457,4208.0,0.97
458,4208.0,0.97
459,4208.0,0.97
460,4208.0,0.97
461,4208.0,0.97
462,4208.0,0.97
463,4208.0,0.97
464,4208.0,0.97
465,4208.0,0.97
466,4208.0,0.97
467,4208.0,0.97
468,4208.0,0.97
469,4208.0,0.97
470,4208.0,0.97
471,4208.0,0.97
472,4208.0,0.97
473,4208.0,0.97
474,4201.0,0.97
475,4201.0,0.97
476,4201.0,0.97
477,4201.0,0.97
478,4201.0,0.97
479,4201.0,0.97
480,4201.0,0.97
481,4201.0,0.97
482,4201.0,0.97
483,4201.0,0.97
484,4201.0,0.97
485,4201.0,0.97
486,4201.0,0.97
487,4201.0,0.97
488,4201.0,0.97
489,4201.0,0.97
490,4201.0,0.97
491,4201.0,0.97
492,4201.0,0.97
493,4201.0,0.97
494,4201.0,0.97
495,4201.0,0.97
496,4201.0,0.97
497,4198.0,0.96
498,4198.0,0.96
499,4206.0,0.96
500,4206.0,0.96
501,4206.0,0.96
502,4206.0,0.96
503,4206.0,0.96
504,4206.0,0.96
505,4206.0,0.96
506,4206.0,0.96
507,4206.0,0.96
508,4206.0,0.96
509,4206.0,0.96
510,4206.0,0.96
511,4206.0,0.96
512,4206.0,0.96
513,4206.0,0.96
514,4206.0,0.96
515,4206.0,0.96
516,4206.0,0.96
517,4206.0,0.96
518,4206.0,0.96
519,4206.0,0.96
520,4206.0,0.96
521,4206.0,0.96
522,4206.0,0.96
523,4206.0,0.96
524,4206.0,0.96
525,4206.0,0.96
526,4206.0,0.96
527,4206.0,0.96
528,4206.0,0.96
529,4206.0,0.96
530,4206.0,0.96
531,4206.0,0.96
532,4206.0,0.96
533,4206.0,0.96
534,4206.0,0.96
535,4206.0,0.96
536,4206.0,0.96
537,4206.0,0.96
538,4206.0,0.96
539,4206.0,0.96
540,4206.0,0.96
541,4206.0,0.96
542,4206.0,0.96
543,4206.0,0.96
544,4206.0,0.96
545,4206.0,0.96
546,4206.0,0.96
547,4206.0,0.96
548,4206.0,0.96
549,4206.0,0.96
550,4206.0,0.96
551,4206.0,0.96
552,4206.0,0.96
553,4206.0,0.96
554,4206.0,0.96
555,4206.0,0.96
556,4206.0,0.96
557,4206.0,0.96
558,4205.0,0.96
559,4205.0,0.96
560,4205.0,0.96
561,4205.0,0.96
562,4205.0,0.96
563,4205.0,0.96
564,4205.0,0.96
565,4205.0,0.96
566,4205.0,0.96
567,4205.0,0.96
568,4205.0,0.96
569,4205.0,0.96
570,4205.0,0.96
571,4205.0,0.96
572,4205.0,0.96
573,4205.0,0.96
574,4205.0,0.96
575,4205.0,0.96
576,4205.0,0.96
577,4205.0,0.96
578,4205.0,0.96
579,4205.0,0.96
580,4205.0,0.96
581,4205.0,0.96
582,4205.0,0.96
583,4205.0,0.96
584,4205.0,0.96
585,4205.0,0.96
586,4205.0,0.96
587,4205.0,0.96
588,4205.0,0.96
589,4205.0,0.96
590,4204.0,0.96
591,4204.0,0.96
592,4204.0,0.96
593,4204.0,0.96
594,4204.0,0.96
595,4204.0,0.96
596,4204.0,0.96
597,4204.0,0.96
598,4204.0,0.96
599,4204.0,0.96
600,4204.0,0.96
601,4204.0,0.96
602,4204.0,0.96
603,4204.0,0.96
604,4204.0,0.96
605,4204.0,0.96
606,4204.0,0.96
607,4204.0,0.96
608,4204.0,0.96
609,4204.0,0.96
610,4204.0,0.96
611,4204.0,0.96
612,4204.0,0.96
613,4204.0,0.96
614,4204.0,0.96
615,4204.0,0.96
616,4204.0,0.96
617,4204.0,0.96
618,4202.0,0.96
619,4202.0,0.96
620,4202.0,0.96
621,4202.0,0.96
622,4202.0,0.96
623,4202.0,0.96
624,4202.0,0.96
625,4202.0,0.96
626,4202.0,0.96
627,4202.0,0.96
628,4202.0,0.96
629,4202.0,0.96
630,4202.0,0.96
631,4202.0,0.96
632,4202.0,0.96
633,4202.0,0.96
634,4202.0,0.96
635,4202.0,0.96
636,4202.0,0.96
637,4202.0,0.96
638,4202.0,0.96
639,4202.0,0.96
640,4202.0,0.96
641,4202.0,0.96
642,4202.0,0.96
643,4202.0,0.96
644,4202.0,0.96
645,4202.0,0.96
646,4202.0,0.96
647,4202.0,0.96
648,4202.0,0.96
649,4202.0,0.96
650,4202.0,0.96
651,4202.0,0.96
652,4202.0,0.96
653,4202.0,0.96
654,4202.0,0.96
655,4202.0,0.96
656,4202.0,0.96
657,4202.0,0.96
658,4202.0,0.96
659,4202.0,0.96
660,4202.0,0.96
661,4202.0,0.96
662,4202.0,0.96
663,4202.0,0.96
664,4202.0,0.96
665,4202.0,0.96
666,4202.0,0.96
667,4202.0,0.96
668,4202.0,0.96
669,4202.0,0.96
670,4202.0,0.96
671,4202.0,0.96
672,4202.0,0.96
673,4202.0,0.96
674,4202.0,0.96
675,4202.0,0.96
676,4202.0,0.96
677,4199.0,0.96
678,4199.0,0.96
679,4199.0,0.96
680,4199.0,0.96
681,4199.0,0.96
682,4199.0,0.96
683,4199.0,0.96
684,4199.0,0.96
685,4199.0,0.96
686,4199.0,0.96
687,4199.0,0.96
688,4199.0,0.96
689,4199.0,0.96
690,4199.0,0.96
691,4199.0,0.96
692,4199.0,0.96
693,4199.0,0.96
694,4199.0,0.96
695,4199.0,0.96
696,4199.0,0.96
697,4199.0,0.96
698,4199.0,0.96
699,4199.0,0.96
700,4199.0,0.96
701,4199.0,0.96
702,4199.0,0.96
703,4199.0,0.96
704,4199.0,0.96
705,4199.0,0.96
706,4199.0,0.96
707,4199.0,0.96
708,4199.0,0.96
709,4199.0,0.96
710,4199.0,0.96
711,4199.0,0.96
712,4199.0,0.96
713,4199.0,0.96
714,4199.0,0.96
715,4199.0,0.96
716,4199.0,0.96
717,4199.0,0.96
718,4199.0,0.96
719,4199.0,0.96
720,4199.0,0.96
721,4199.0,0.96
722,4199.0,0.96
723,4199.0,0.96
724,4199.0,0.96
725,4199.0,0.96
726,4199.0,0.96
727,4199.0,0.96
728,4199.0,0.96
729,4199.0,0.96
730,4199.0,0.96
731,4199.0,0.96
732,4199.0,0.96
733,4199.0,0.96
734,4199.0,0.96
735,4199.0,0.96
736,4174.0,0.96
737,4174.0,0.96
738,4174.0,0.96
739,4174.0,0.96
740,4174.0,0.96
741,4174.0,0.96
742,4174.0,0.96
743,4174.0,0.96
744,4174.0,0.96
745,4174.0,0.96
746,4174.0,0.96
747,4174.0,0.96
748,4174.0,0.96
749,4174.0,0.96
750,4174.0,0.96
751,4174.0,0.96
752,4174.0,0.96
753,4174.0,0.96
754,4174.0,0.96
755,4174.0,0.96
756,4174.0,0.95
757,4174.0,0.95
758,4174.0,0.95
759,4174.0,0.95
760,4174.0,0.95
761,4174.0,0.95
762,4174.0,0.95
763,4174.0,0.95
764,4174.0,0.95
765,4174.0,0.95
766,4174.0,0.95
767,4174.0,0.95
768,4174.0,0.95
769,4174.0,0.95
770,4174.0,0.95
771,4174.0,0.95
772,4174.0,0.95
773,4174.0,0.95
774,4174.0,0.95
775,4174.0,0.95
776,4174.0,0.95
777,4174.0,0.95
778,4174.0,0.95
779,4174.0,0.95
780,4174.0,0.95
781,4174.0,0.95
782,4174.0,0.95
783,4174.0,0.95
784,4174.0,0.95
785,4174.0,0.95
786,4174.0,0.95
787,4174.0,0.95
788,4174.0,0.95
789,4174.0,0.95
790,4174.0,0.95
791,4174.0,0.95
792,4174.0,0.95
793,4174.0,0.95
794,4174.0,0.95
795,4174.0,0.95
796,4163.0,0.95
797,4163.0,0.95
798,4163.0,0.95
799,4163.0,0.95
800,4163.0,0.95
801,4163.0,0.95
802,4163.0,0.95
803,4163.0,0.95
804,4163.0,0.95
805,4163.0,0.95
806,4163.0,0.95
807,4163.0,0.95
808,4163.0,0.95
809,4163.0,0.95
810,4163.0,0.95
811,4163.0,0.95
812,4163.0,0.95
813,4163.0,0.95
814,4163.0,0.95
815,4163.0,0.95
816,4163.0,0.95
817,4163.0,0.95
818,4163.0,0.95
819,4163.0,0.95
820,4163.0,0.95
821,4163.0,0.95
822,4163.0,0.95
823,4163.0,0.95
824,4163.0,0.95
825,4163.0,0.95
826,4163.0,0.95
827,4163.0,0.95
828,4163.0,0.95
829,4163.0,0.95
830,4163.0,0.95
831,4163.0,0.95
832,4163.0,0.95
833,4163.0,0.95
834,4163.0,0.95
835,4163.0,0.95
836,4163.0,0.95
837,4163.0,0.95
838,4163.0,0.95
839,4163.0,0.95
840,4163.0,0.95
841,4163.0,0.95
842,4163.0,0.95
843,4163.0,0.95
844,4163.0,0.95
845,4163.0,0.95
846,4163.0,0.95
847,4163.0,0.95
848,4163.0,0.95
849,4163.0,0.95
850,4163.0,0.95
851,4163.0,0.95
852,4163.0,0.95
853,4163.0,0.95
854,4163.0,0.95
855,4170.0,0.95
856,4170.0,0.95
857,4170.0,0.95
858,4170.0,0.95
859,4170.0,0.95
860,4170.0,0.95
861,4170.0,0.95
862,4170.0,0.95
863,4170.0,0.95
864,4170.0,0.95
865,4170.0,0.95
866,4170.0,0.95
867,4170.0,0.95
868,4170.0,0.95
869,4170.0,0.95
870,4170.0,0.95
871,4170.0,0.95
872,4170.0,0.95
873,4170.0,0.95
874,4170.0,0.95
875,4170.0,0.95
876,4170.0,0.95
877,4170.0,0.95
878,4170.0,0.95
879,4170.0,0.95
880,4170.0,0.94
881,4170.0,0.94
882,4170.0,0.94
883,4170.0,0.94
884,4170.0,0.94
885,4170.0,0.94
886,4170.0,0.94
887,4170.0,0.94
888,4170.0,0.94
889,4170.0,0.94
890,4170.0,0.94
891,4170.0,0.94
892,4170.0,0.94
893,4170.0,0.94
894,4170.0,0.94
895,4170.0,0.94
896,4170.0,0.94
897,4170.0,0.94
898,4170.0,0.94
899,4170.0,0.94
900,4170.0,0.94
901,4170.0,0.94
902,4170.0,0.94
903,4170.0,0.94
904,4170.0,0.94
905,4170.0,0.94
906,4170.0,0.94
907,4170.0,0.94
908,4170.0,0.94
909,4170.0,0.94
910,4170.0,0.94
911,4170.0,0.94
912,4170.0,0.94
913,4170.0,0.94
914,4170.0,0.94
915,4167.0,0.94
916,4167.0,0.94
917,4167.0,0.94
918,4167.0,0.94
919,4167.0,0.94
920,4167.0,0.94
921,4167.0,0.94
922,4167.0,0.94
923,4167.0,0.94
924,4167.0,0.94
925,4167.0,0.94
926,4167.0,0.94
927,4167.0,0.94
928,4167.0,0.94
929,4167.0,0.94
930,4167.0,0.94
931,4167.0,0.94
932,4167.0,0.94
933,4167.0,0.94
934,4167.0,0.94
935,4167.0,0.94
936,4167.0,0.94
937,4167.0,0.94
938,4167.0,0.94
939,4167.0,0.94
940,4167.0,0.94
941,4167.0,0.94
942,4167.0,0.94
943,4167.0,0.94
944,4167.0,0.94
945,4167.0,0.94
946,4167.0,0.94
947,4167.0,0.94
948,4167.0,0.94
949,4167.0,0.94
950,4167.0,0.94
951,4167.0,0.94
952,4167.0,0.94
953,4167.0,0.94
954,4167.0,0.94
955,4167.0,0.94
956,4167.0,0.94
957,4167.0,0.94
958,4167.0,0.94
959,4167.0,0.94
960,4167.0,0.94
961,4167.0,0.94
962,4167.0,0.94
963,4167.0,0.94
964,4167.0,0.94
965,4167.0,0.94
966,4167.0,0.94
967,4167.0,0.94
968,4167.0,0.94
969,4167.0,0.94
970,4167.0,0.94
971,4167.0,0.94
972,4167.0,0.94
973,4167.0,0.94
974,4172.0,0.94
975,4172.0,0.94
976,4172.0,0.94
977,4172.0,0.94
978,4172.0,0.94
979,4172.0,0.94
980,4172.0,0.94
981,4172.0,0.94
982,4172.0,0.94
983,4172.0,0.94
984,4172.0,0.94
985,4172.0,0.94
986,4172.0,0.94
987,4172.0,0.94
988,4172.0,0.94
989,4172.0,0.94
990,4172.0,0.94
991,4172.0,0.94
992,4172.0,0.94
993,4172.0,0.94
994,4172.0,0.94
995,4172.0,0.94
996,4172.0,0.94
997,4172.0,0.94
998,4172.0,0.94
999,4172.0,0.94
1000,4172.0,0.94
1001,4172.0,0.94
1002,4172.0,0.94
1003,4172.0,0.94
1004,4172.0,0.94
1005,4172.0,0.94
1006,4172.0,0.94
1007,4172.0,0.94
1008,4172.0,0.94
1009,4172.0,0.94
1010,4172.0,0.94
1011,4172.0,0.94
1012,4172.0,0.94
1013,4172.0,0.94
1014,4172.0,0.94
1015,4172.0,0.94
1016,4172.0,0.94
1017,4172.0,0.94
1018,4172.0,0.94
1019,4172.0,0.94
1020,4172.0,0.94
1021,4172.0,0.94
1022,4172.0,0.94
1023,4172.0,0.94
1024,4172.0,0.94
1025,4172.0,0.94
1026,4172.0,0.94
1027,4172.0,0.94
1028,4172.0,0.94
1029,4172.0,0.94
1030,4172.0,0.94
1031,4172.0,0.94
1032,4172.0,0.94
1033,4172.0,0.94
1034,4115.0,0.94
1035,4115.0,0.94
1036,4115.0,0.94
1037,4115.0,0.94
1038,4115.0,0.94
1039,4115.0,0.94
1040,4115.0,0.94
1041,4115.0,0.94
1042,4115.0,0.94
1043,4115.0,0.94
1044,4115.0,0.94
1045,4115.0,0.94
1046,4115.0,0.94
1047,4115.0,0.94
1048,4115.0,0.94
1049,4115.0,0.94
1050,4115.0,0.94
1051,4115.0,0.94
1052,4115.0,0.94
1053,4115.0,0.94
1054,4115.0,0.94
1055,4115.0,0.94
1056,4115.0,0.94
1057,4115.0,0.94
1058,4115.0,0.94
1059,4115.0,0.94
1060,4115.0,0.94
1061,4115.0,0.94
1062,4115.0,0.94
1063,4115.0,0.94
1064,4115.0,0.94
1065,4115.0,0.94
1066,4115.0,0.94
1067,4115.0,0.94
1068,4115.0,0.94
1069,4115.0,0.94
1070,4115.0,0.94
1071,4115.0,0.94
1072,4115.0,0.94
1073,4115.0,0.94
1074,4115.0,0.94
1075,4115.0,0.94
1076,4115.0,0.94
1077,4115.0,0.94
1078,4115.0,0.94
1079,4115.0,0.94
1080,4115.0,0.94
1081,4115.0,0.94
1082,4115.0,0.94
1083,4115.0,0.94
1084,4115.0,0.94
1085,4115.0,0.94
1086,4115.0,0.94
1087,4115.0,0.94
1088,4115.0,0.94
1089,4115.0,0.94
1090,4115.0,0.94
1091,4115.0,0.94
1092,4115.0,0.94
1093,4115.0,0.94
1094,4167.0,0.94
1095,4167.0,0.94
1096,4167.0,0.94
1097,4167.0,0.94
1098,4167.0,0.94
1099,4167.0,0.94
1100,4167.0,0.94
1101,4167.0,0.94
1102,4167.0,0.94
1103,4167.0,0.94
1104,4167.0,0.94
1105,4167.0,0.94
1106,4167.0,0.94
1107,4167.0,0.94
1108,4167.0,0.94
1109,4167.0,0.94
1110,4167.0,0.94
1111,4167.0,0.94
1112,4167.0,0.94
1113,4167.0,0.94
1114,4167.0,0.94
1115,4167.0,0.94
1116,4167.0,0.94
1117,4167.0,0.94
1118,4167.0,0.94
1119,4167.0,0.94
1120,4167.0,0.94
1121,4167.0,0.94
1122,4167.0,0.94
1123,4167.0,0.94
1124,4167.0,0.94
1125,4167.0,0.94
1126,4167.0,0.94
1127,4167.0,0.94
1128,4167.0,0.94
1129,4167.0,0.94
1130,4167.0,0.94
1131,4167.0,0.94
1132,4167.0,0.94
1133,4167.0,0.94
1134,4167.0,0.94
1135,4167.0,0.94
1136,4167.0,0.94
1137,4167.0,0.94
1138,4167.0,0.94
1139,4167.0,0.94
1140,4167.0,0.94
1141,4167.0,0.94
1142,4167.0,0.94
1143,4167.0,0.94
1144,4167.0,0.94
1145,4167.0,0.94
1146,4167.0,0.94
1147,4167.0,0.94
1148,4167.0,0.94
1149,4167.0,0.94
1150,4167.0,0.94
1151,4167.0,0.94
1152,4167.0,0.94
1153,4167.0,0.93
1154,4167.0,0.93
1155,4167.0,0.93
1156,4167.0,0.93
1157,4167.0,0.93
1158,4167.0,0.93
1159,4167.0,0.93
1160,4167.0,0.93
1161,4167.0,0.93
1162,4167.0,0.93
1163,4167.0,0.93
1164,4167.0,0.93
1165,4167.0,0.93
1166,4167.0,0.93
1167,4167.0,0.93
1168,4167.0,0.93
1169,4167.0,0.93
1170,4167.0,0.93
1171,4167.0,0.93
1172,4167.0,0.93
1173,4167.0,0.93
1174,4167.0,0.93
1175,4167.0,0.93
1176,4167.0,0.93
1177,4167.0,0.93
1178,4167.0,0.93
1179,4167.0,0.93
1180,4167.0,0.93
1181,4167.0,0.93
1182,4167.0,0.93
1183,4167.0,0.93
1184,4167.0,0.93
1185,4167.0,0.93
1186,4167.0,0.93
1187,4167.0,0.93
1188,4167.0,0.93
1189,4167.0,0.93
1190,4167.0,0.93
1191,4167.0,0.93
1192,4167.0,0.93
1193,4167.0,0.93
1194,4167.0,0.93
1195,4167.0,0.93
1196,4167.0,0.93
1197,4167.0,0.93
1198,4167.0,0.93
1199,4167.0,0.93
1200,4167.0,0.93
1201,4167.0,0.93
1202,4167.0,0.93
1203,4167.0,0.93
1204,4167.0,0.93
1205,4167.0,0.93
1206,4167.0,0.93
1207,4163.0,0.93
1208,4163.0,0.93
1209,4163.0,0.93
1210,4163.0,0.93
1211,4163.0,0.93
1212,4163.0,0.93
1213,4161.0,0.93
1214,4161.0,0.93
1215,4161.0,0.93
1216,4161.0,0.93
1217,4161.0,0.93
1218,4161.0,0.93
1219,4161.0,0.93
1220,4161.0,0.93
1221,4161.0,0.93
1222,4161.0,0.93
1223,4161.0,0.93
1224,4161.0,0.93
1225,4161.0,0.93
1226,4161.0,0.93
1227,4161.0,0.93
1228,4161.0,0.93
1229,4161.0,0.93
1230,4161.0,0.93
1231,4161.0,0.93
1232,4161.0,0.93
1233,4161.0,0.93
1234,4161.0,0.93
1235,4161.0,0.93
1236,4161.0,0.93
1237,4161.0,0.93
1238,4161.0,0.93
1239,4161.0,0.93
1240,4161.0,0.93
1241,4161.0,0.93
1242,4161.0,0.93
1243,4161.0,0.93
1244,4161.0,0.93
1245,4161.0,0.93
1246,4161.0,0.93
1247,4161.0,0.93
1248,4161.0,0.93
1249,4161.0,0.93
1250,4161.0,0.93
1251,4161.0,0.93
1252,4161.0,0.93
1253,4161.0,0.93
1254,4161.0,0.93
1255,4161.0,0.93
1256,4161.0,0.93
1257,4161.0,0.93
1258,4161.0,0.93
1259,4161.0,0.93
1260,4161.0,0.93
1261,4161.0,0.93
1262,4161.0,0.93
1263,4161.0,0.93
1264,4161.0,0.93
1265,4161.0,0.93
1266,4161.0,0.93
1267,4161.0,0.93
1268,4161.0,0.93
1269,4161.0,0.93
1270,4161.0,0.93
1271,4161.0,0.93
1272,4161.0,0.93
1273,4161.0,0.93
1274,4161.0,0.93
1275,4161.0,0.93
1276,4161.0,0.93
1277,4161.0,0.93
1278,4161.0,0.93
1279,4161.0,0.93
1280,4161.0,0.93
1281,4161.0,0.93
1282,4161.0,0.93
1283,4161.0,0.93
1284,4161.0,0.93
1285,4161.0,0.93
1286,4161.0,0.93
1287,4161.0,0.93
1288,4161.0,0.93
1289,4161.0,0.93
1290,4161.0,0.93
1291,4161.0,0.93
1292,4161.0,0.93
1293,4161.0,0.93
1294,4161.0,0.93
1295,4161.0,0.93
1296,4161.0,0.93
1297,4161.0,0.93
1298,4161.0,0.93
1299,4161.0,0.93
1300,4161.0,0.93
1301,4161.0,0.93
1302,4161.0,0.93
1303,4161.0,0.93
1304,4161.0,0.93
1305,4161.0,0.93
1306,4161.0,0.93
1307,4161.0,0.93
1308,4161.0,0.93
1309,4161.0,0.93
1310,4161.0,0.93
1311,4161.0,0.93
1312,4161.0,0.93
1313,4161.0,0.93
1314,4161.0,0.93
1315,4161.0,0.93
1316,4161.0,0.93
1317,4161.0,0.93
1318,4161.0,0.93
1319,4161.0,0.93
1320,4161.0,0.93
1321,4161.0,0.93
1322,4161.0,0.93
1323,4161.0,0.93
1324,4161.0,0.93
1325,4161.0,0.93
1326,4161.0,0.93
1327,4161.0,0.93
1328,4161.0,0.93
1329,4161.0,0.93
1330,4161.0,0.93
1331,4161.0,0.93
1332,4159.0,0.92
1333,4159.0,0.92
1334,4159.0,0.92
1335,4159.0,0.92
1336,4159.0,0.92
1337,4159.0,0.92
1338,4159.0,0.92
1339,4159.0,0.92
1340,4159.0,0.92
1341,4159.0,0.92
1342,4159.0,0.92
1343,4159.0,0.92
1344,4159.0,0.92
1345,4159.0,0.92
1346,4159.0,0.92
1347,4159.0,0.92
1348,4159.0,0.92
1349,4159.0,0.92
1350,4159.0,0.92
1351,4159.0,0.92
1352,4159.0,0.92
1353,4159.0,0.92
1354,4159.0,0.92
1355,4159.0,0.92
1356,4159.0,0.92
1357,4159.0,0.92
1358,4159.0,0.92
1359,4159.0,0.92
1360,4159.0,0.92
1361,4159.0,0.92
1362,4159.0,0.92
1363,4159.0,0.92
1364,4159.0,0.92
1365,4159.0,0.92
1366,4159.0,0.92
1367,4159.0,0.92
1368,4159.0,0.92
1369,4159.0,0.92
1370,4159.0,0.92
1371,4159.0,0.92
1372,4159.0,0.92
1373,4159.0,0.92
1374,4159.0,0.92
1375,4159.0,0.92
1376,4159.0,0.92
1377,4159.0,0.92
1378,4159.0,0.92
1379,4159.0,0.92
1380,4159.0,0.92
1381,4159.0,0.92
1382,4159.0,0.92
1383,4159.0,0.92
1384,4159.0,0.92
1385,4159.0,0.92
1386,4159.0,0.92
1387,4159.0,0.92
1388,4159.0,0.92
1389,4159.0,0.92
1390,4159.0,0.92
1391,4158.0,0.92
1392,4158.0,0.92
1393,4158.0,0.92
1394,4158.0,0.92
1395,4158.0,0.92
1396,4158.0,0.92
1397,4158.0,0.92
1398,4158.0,0.92
1399,4158.0,0.92
1400,4158.0,0.92
1401,4158.0,0.92
1402,4158.0,0.92
1403,4158.0,0.92
1404,4158.0,0.92
1405,4158.0,0.92
1406,4158.0,0.92
1407,4158.0,0.92
1408,4158.0,0.92
1409,4158.0,0.92
1410,4158.0,0.92
1411,4158.0,0.92
1412,4158.0,0.92
1413,4158.0,0.92
1414,4158.0,0.92
1415,4158.0,0.92
1416,4158.0,0.92
1417,4158.0,0.92
1418,4158.0,0.92
1419,4158.0,0.92
1420,4158.0,0.92
1421,4158.0,0.92
1422,4158.0,0.92
1423,4158.0,0.92
1424,4158.0,0.92
1425,4158.0,0.92
1426,4158.0,0.92
1427,4158.0,0.92
1428,4158.0,0.92
1429,4158.0,0.92
1430,4158.0,0.92
1431,4158.0,0.92
1432,4158.0,0.92
1433,4158.0,0.92
1434,4158.0,0.92
1435,4158.0,0.92
1436,4158.0,0.92
1437,4158.0,0.92
1438,4158.0,0.92
1439,4158.0,0.92
1440,4158.0,0.92
1441,4158.0,0.92
1442,4158.0,0.92
1443,4158.0,0.92
1444,4158.0,0.92
1445,4158.0,0.92
1446,4158.0,0.92
1447,4158.0,0.92
1448,4158.0,0.92
1449,4158.0,0.92
1450,4158.0,0.92
1451,4153.0,0.92
1452,4153.0,0.92
1453,4153.0,0.92
1454,4153.0,0.92
1455,4153.0,0.92
1456,4153.0,0.92
1457,4153.0,0.92
1458,4153.0,0.92
1459,4153.0,0.92
1460,4153.0,0.92
1461,4153.0,0.92
1462,4153.0,0.92
1463,4153.0,0.92
1464,4153.0,0.92
1465,4153.0,0.92
1466,4153.0,0.92
1467,4153.0,0.92
1468,4153.0,0.92
1469,4153.0,0.92
1470,4153.0,0.92
1471,4153.0,0.92
1472,4153.0,0.92
1473,4153.0,0.92
1474,4153.0,0.92
1475,4153.0,0.92
1476,4153.0,0.92
1477,4153.0,0.92
1478,4153.0,0.92
1479,4153.0,0.92
1480,4153.0,0.92
1481,4153.0,0.92
1482,4153.0,0.92
1483,4153.0,0.92
1484,4153.0,0.92
1485,4153.0,0.92
1486,4153.0,0.92
1487,4153.0,0.92
1488,4153.0,0.92
1489,4153.0,0.92
1490,4153.0,0.92
1491,4153.0,0.92
1492,4153.0,0.92
1493,4153.0,0.92
1494,4153.0,0.92
1495,4153.0,0.92
1496,4153.0,0.92
1497,4153.0,0.92
1498,4153.0,0.92
1499,4153.0,0.92
1500,4153.0,0.92
1501,4153.0,0.92
1502,4153.0,0.92
1503,4153.0,0.92
1504,4153.0,0.92
1505,4153.0,0.92
1506,4153.0,0.92
1507,4153.0,0.92
1508,4153.0,0.92
1509,4153.0,0.92
1510,4147.0,0.92
1511,4147.0,0.92
1512,4147.0,0.92
1513,4147.0,0.92
1514,4147.0,0.92
1515,4147.0,0.92
1516,4147.0,0.92
1517,4147.0,0.92
1518,4147.0,0.92
1519,4147.0,0.92
1520,4147.0,0.92
1521,4147.0,0.92
1522,4147.0,0.92
1523,4147.0,0.92
1524,4147.0,0.92
1525,4147.0,0.92
1526,4147.0,0.92
1527,4147.0,0.92
1528,4147.0,0.92
1529,4147.0,0.92
1530,4147.0,0.92
1531,4147.0,0.92
1532,4147.0,0.92
1533,4147.0,0.92
1534,4147.0,0.92
1535,4147.0,0.92
1536,4147.0,0.92
1537,4147.0,0.92
1538,4147.0,0.92
1539,4147.0,0.92
1540,4147.0,0.92
1541,4147.0,0.92
1542,4147.0,0.92
1543,4147.0,0.92
1544,4147.0,0.92
1545,4147.0,0.92
1546,4147.0,0.92
1547,4147.0,0.92
1548,4147.0,0.92
1549,4147.0,0.92
1550,4147.0,0.92
1551,4144.0,0.91
1552,4144.0,0.91
1553,4144.0,0.91
1554,4144.0,0.91
1555,4144.0,0.91
1556,4144.0,0.91
1557,4144.0,0.91
1558,4144.0,0.91
1559,4144.0,0.91
1560,4144.0,0.91
1561,4144.0,0.91
1562,4144.0,0.91
1563,4144.0,0.91
1564,4144.0,0.91
1565,4144.0,0.91
1566,4144.0,0.91
1567,4144.0,0.91
1568,4144.0,0.91
1569,4144.0,0.91
1570,4141.0,0.91
1571,4141.0,0.91
1572,4141.0,0.91
1573,4141.0,0.91
1574,4141.0,0.91
1575,4141.0,0.91
1576,4141.0,0.91
1577,4141.0,0.91
1578,4141.0,0.91
1579,4141.0,0.91
1580,4141.0,0.91
1581,4141.0,0.91
1582,4141.0,0.91
1583,4141.0,0.91
1584,4141.0,0.91
1585,4141.0,0.91
1586,4141.0,0.91
1587,4141.0,0.91
1588,4141.0,0.91
1589,4141.0,0.91
1590,4141.0,0.91
1591,4141.0,0.91
1592,4141.0,0.91
1593,4141.0,0.91
1594,4141.0,0.91
1595,4141.0,0.91
1596,4141.0,0.91
1597,4141.0,0.91
1598,4141.0,0.91
1599,4141.0,0.91
1600,4141.0,0.91
1601,4141.0,0.91
1602,4141.0,0.91
1603,4141.0,0.91
1604,4141.0,0.91
1605,4141.0,0.91
1606,4141.0,0.91
1607,4141.0,0.91
1608,4141.0,0.91
1609,4141.0,0.91
1610,4141.0,0.91
1611,4141.0,0.91
1612,4141.0,0.91
1613,4141.0,0.91
1614,4141.0,0.91
1615,4141.0,0.91
1616,4141.0,0.91
1617,4141.0,0.91
1618,4141.0,0.91
1619,4141.0,0.91
1620,4141.0,0.91
1621,4141.0,0.91
1622,4141.0,0.91
1623,4141.0,0.91
1624,4141.0,0.91
1625,4141.0,0.91
1626,4141.0,0.91
1627,4141.0,0.91
1628,4141.0,0.91
1629,4146.0,0.91
1630,4146.0,0.91
1631,4146.0,0.91
1632,4146.0,0.91
1633,4146.0,0.91
1634,4146.0,0.91
1635,4146.0,0.91
1636,4146.0,0.91
1637,4146.0,0.91
1638,4146.0,0.91
1639,4146.0,0.91
1640,4146.0,0.91
1641,4146.0,0.91
1642,4146.0,0.91
1643,4146.0,0.91
1644,4146.0,0.91
1645,4146.0,0.91
1646,4146.0,0.91
1647,4146.0,0.91
1648,4146.0,0.91
1649,4146.0,0.91
1650,4146.0,0.91
1651,4146.0,0.91
1652,4146.0,0.91
1653,4146.0,0.91
1654,4146.0,0.91
1655,4146.0,0.91
1656,4146.0,0.91
1657,4146.0,0.91
1658,4146.0,0.91
1659,4146.0,0.91
1660,4146.0,0.91
1661,4146.0,0.91
1662,4146.0,0.91
1663,4146.0,0.91
1664,4146.0,0.91
1665,4146.0,0.91
1666,4146.0,0.91
1667,4146.0,0.91
1668,4146.0,0.91
1669,4146.0,0.91
1670,4146.0,0.91
1671,4146.0,0.91
1672,4146.0,0.91
1673,4146.0,0.91
1674,4146.0,0.91
1675,4146.0,0.91
1676,4146.0,0.91
1677,4146.0,0.91
1678,4146.0,0.91
1679,4146.0,0.91
1680,4146.0,0.91
1681,4146.0,0.91
1682,4146.0,0.91
1683,4146.0,0.91
1684,4146.0,0.91
1685,4146.0,0.91
1686,4146.0,0.91
1687,4146.0,0.91
1688,4146.0,0.91
1689,4142.0,0.91
1690,4142.0,0.91
1691,4142.0,0.91
1692,4142.0,0.91
1693,4142.0,0.91
1694,4142.0,0.91
1695,4142.0,0.91
1696,4142.0,0.91
1697,4142.0,0.91
1698,4142.0,0.91
1699,4142.0,0.91
1700,4142.0,0.91
1701,4142.0,0.91
1702,4142.0,0.91
1703,4142.0,0.91
1704,4142.0,0.91
1705,4142.0,0.91
1706,4142.0,0.91
1707,4142.0,0.91
1708,4142.0,0.91
1709,4142.0,0.91
1710,4142.0,0.91
1711,4142.0,0.91
1712,4142.0,0.91
1713,4142.0,0.91
1714,4142.0,0.91
1715,4142.0,0.91
1716,4142.0,0.91
1717,4142.0,0.91
1718,4142.0,0.91
1719,4142.0,0.91
1720,4142.0,0.91
1721,4142.0,0.91
1722,4142.0,0.91
1723,4142.0,0.91
1724,4142.0,0.91
1725,4142.0,0.91
1726,4142.0,0.91
1727,4142.0,0.91
1728,4142.0,0.91
1729,4142.0,0.91
1730,4142.0,0.91
1731,4142.0,0.91
1732,4142.0,0.91
1733,4142.0,0.91
1734,4142.0,0.91
1735,4142.0,0.91
1736,4142.0,0.91
1737,4142.0,0.91
1738,4142.0,0.91
1739,4142.0,0.91
1740,4142.0,0.91
1741,4142.0,0.91
1742,4142.0,0.91
1743,4142.0,0.91
1744,4142.0,0.91
1745,4142.0,0.91
1746,4142.0,0.91
1747,4142.0,0.91
1748,4143.0,0.9
1749,4143.0,0.9
1750,4143.0,0.9
1751,4143.0,0.9
1752,4143.0,0.9
1753,4143.0,0.9
1754,4143.0,0.9
1755,4143.0,0.9
1756,4143.0,0.9
1757,4143.0,0.9
1758,4143.0,0.9
1759,4143.0,0.9
1760,4143.0,0.9
1761,4143.0,0.9
1762,4143.0,0.9
1763,4143.0,0.9
1764,4143.0,0.9
1765,4143.0,0.9
1766,4143.0,0.9
1767,4143.0,0.9
1768,4143.0,0.9
1769,4143.0,0.9
1770,4143.0,0.9
1771,4143.0,0.9
1772,4143.0,0.9
1773,4143.0,0.9
1774,4143.0,0.9
1775,4143.0,0.9
1776,4143.0,0.9
1777,4143.0,0.9
1778,4143.0,0.9
1779,4143.0,0.9
1780,4143.0,0.9
1781,4143.0,0.9
1782,4143.0,0.9
1783,4143.0,0.9
1784,4143.0,0.9
1785,4143.0,0.9
1786,4143.0,0.9
1787,4143.0,0.9
1788,4143.0,0.9
1789,4143.0,0.9
1790,4143.0,0.9
1791,4143.0,0.9
1792,4143.0,0.9
1793,4143.0,0.9
1794,4143.0,0.9
1795,4143.0,0.9
1796,4143.0,0.9
1797,4143.0,0.9
1798,4143.0,0.9
1799,4143.0,0.9
1800,4143.0,0.9
1801,4143.0,0.9
1802,4143.0,0.9
1803,4143.0,0.9
1804,4143.0,0.9
1805,4143.0,0.9
1806,4143.0,0.9
1807,4143.0,0.9
1808,4141.0,0.9
1809,4141.0,0.9
1810,4141.0,0.9
1811,4141.0,0.9
1812,4141.0,0.9
1813,4141.0,0.9
1814,4141.0,0.9
1815,4141.0,0.9
1816,4141.0,0.9
1817,4141.0,0.9
1818,4141.0,0.9
1819,4141.0,0.9
1820,4141.0,0.9
1821,4141.0,0.9
1822,4141.0,0.9
1823,4141.0,0.9
1824,4141.0,0.9
1825,4141.0,0.9
1826,4141.0,0.9
1827,4141.0,0.9
1828,4141.0,0.9
1829,4141.0,0.9
1830,4141.0,0.9
1831,4141.0,0.9
1832,4141.0,0.9
1833,4141.0,0.9
1834,4141.0,0.9
1835,4141.0,0.9
1836,4141.0,0.9
1837,4141.0,0.9
1838,4141.0,0.9
1839,4141.0,0.9
1840,4141.0,0.9
1841,4141.0,0.9
1842,4141.0,0.9
1843,4141.0,0.9
1844,4141.0,0.9
1845,4141.0,0.9
1846,4141.0,0.9
1847,4141.0,0.9
1848,4141.0,0.9
1849,4141.0,0.9
1850,4141.0,0.9
1851,4141.0,0.9
1852,4141.0,0.9
1853,4141.0,0.9
1854,4141.0,0.9
1855,4141.0,0.9
1856,4141.0,0.9
1857,4141.0,0.9
1858,4141.0,0.9
1859,4141.0,0.9
1860,4141.0,0.9
1861,4141.0,0.9
1862,4141.0,0.9
1863,4141.0,0.9
1864,4141.0,0.9
1865,4141.0,0.9
1866,4141.0,0.9
1867,4139.0,0.9
1868,4139.0,0.9
1869,4139.0,0.9
1870,4139.0,0.9
1871,4139.0,0.9
1872,4139.0,0.9
1873,4139.0,0.9
1874,4139.0,0.9
1875,4139.0,0.9
1876,4139.0,0.9
1877,4139.0,0.9
1878,4139.0,0.9
1879,4139.0,0.9
1880,4139.0,0.9
1881,4139.0,0.9
1882,4139.0,0.9
1883,4139.0,0.9
1884,4139.0,0.9
1885,4139.0,0.9
1886,4139.0,0.9
1887,4139.0,0.9
1888,4139.0,0.9
1889,4139.0,0.9
1890,4139.0,0.9
1891,4139.0,0.9
1892,4139.0,0.9
1893,4139.0,0.9
1894,4139.0,0.9
1895,4139.0,0.9
1896,4139.0,0.9
1897,4139.0,0.9
1898,4139.0,0.9
1899,4139.0,0.9
1900,4139.0,0.9
1901,4139.0,0.9
1902,4139.0,0.9
1903,4139.0,0.9
1904,4139.0,0.9
1905,4139.0,0.9
1906,4139.0,0.9
1907,4133.0,0.9
1908,4133.0,0.9
1909,4133.0,0.9
1910,4133.0,0.9
1911,4133.0,0.9
1912,4133.0,0.9
1913,4133.0,0.9
1914,4133.0,0.9
1915,4133.0,0.9
1916,4133.0,0.9
1917,4133.0,0.9
1918,4133.0,0.9
1919,4133.0,0.9
1920,4133.0,0.9
1921,4133.0,0.9
1922,4133.0,0.9
1923,4133.0,0.9
1924,4133.0,0.9
1925,4133.0,0.9
1926,4133.0,0.9
1927,4136.0,0.9
1928,4136.0,0.9
1929,4136.0,0.9
1930,4136.0,0.9
1931,4136.0,0.9
1932,4136.0,0.9
1933,4136.0,0.9
1934,4136.0,0.9
1935,4136.0,0.9
1936,4136.0,0.9
1937,4136.0,0.9
1938,4136.0,0.9
1939,4136.0,0.9
1940,4136.0,0.9
1941,4136.0,0.9
1942,4136.0,0.9
1943,4136.0,0.9
1944,4136.0,0.9
1945,4136.0,0.9
1946,4136.0,0.9
1947,4136.0,0.9
1948,4136.0,0.9
1949,4136.0,0.9
1950,4136.0,0.9
1951,4136.0,0.9
1952,4136.0,0.9
1953,4136.0,0.9
1954,4136.0,0.9
1955,4136.0,0.9
1956,4136.0,0.9
1957,4136.0,0.9
1958,4136.0,0.9
1959,4136.0,0.9
1960,4136.0,0.9
1961,4136.0,0.9
1962,4136.0,0.9
1963,4136.0,0.9
1964,4136.0,0.9
1965,4136.0,0.9
1966,4136.0,0.9
1967,4136.0,0.9
1968,4136.0,0.9
1969,4136.0,0.9
1970,4136.0,0.9
1971,4136.0,0.9
1972,4136.0,0.9
1973,4136.0,0.9
1974,4136.0,0.9
1975,4136.0,0.9
1976,4136.0,0.9
1977,4136.0,0.9
1978,4136.0,0.9
1979,4136.0,0.9
1980,4136.0,0.9
1981,4136.0,0.9
1982,4136.0,0.9
1983,4136.0,0.9
1984,4136.0,0.9
1985,4136.0,0.9
1986,4133.0,0.9
1987,4133.0,0.9
1988,4133.0,0.9
1989,4133.0,0.9
1990,4133.0,0.9
1991,4133.0,0.9
1992,4133.0,0.9
1993,4133.0,0.9
1994,4133.0,0.9
1995,4133.0,0.9
1996,4133.0,0.9
1997,4133.0,0.9
1998,4133.0,0.9
1999,4133.0,0.9
2000,4133.0,0.9
2001,4133.0,0.9
2002,4133.0,0.9
2003,4133.0,0.9
2004,4133.0,0.9
2005,4133.0,0.9
2006,4133.0,0.9
2007,4133.0,0.9
2008,4133.0,0.9
2009,4133.0,0.9
2010,4133.0,0.9
2011,4133.0,0.9
2012,4133.0,0.9
2013,4133.0,0.9
2014,4133.0,0.9
2015,4133.0,0.9
2016,4133.0,0.9
2017,4133.0,0.9
2018,4133.0,0.9
2019,4133.0,0.9
2020,4133.0,0.9
2021,4133.0,0.9
2022,4133.0,0.9
2023,4133.0,0.9
2024,4133.0,0.9
2025,4133.0,0.9
2026,4133.0,0.9
2027,4133.0,0.9
2028,4133.0,0.9
2029,4133.0,0.9
2030,4133.0,0.9
2031,4133.0,0.9
2032,4133.0,0.9
2033,4133.0,0.9
2034,4133.0,0.9
2035,4133.0,0.9
2036,4133.0,0.9
2037,4133.0,0.9
2038,4133.0,0.9
2039,4133.0,0.9
2040,4133.0,0.9
2041,4133.0,0.9
2042,4133.0,0.9
2043,4133.0,0.9
2044,4133.0,0.9
2045,4133.0,0.9
2046,4121.0,0.89
2047,4121.0,0.89
2048,4121.0,0.89
2049,4121.0,0.89
2050,4121.0,0.89
2051,4121.0,0.89
2052,4121.0,0.89
2053,4121.0,0.89
2054,4121.0,0.89
2055,4121.0,0.89
2056,4121.0,0.89
2057,4121.0,0.89
2058,4121.0,0.89
2059,4121.0,0.89
2060,4121.0,0.89
2061,4121.0,0.89
2062,4121.0,0.89
2063,4121.0,0.89
2064,4121.0,0.89
2065,4121.0,0.89
2066,4121.0,0.89
2067,4121.0,0.89
2068,4121.0,0.89
2069,4121.0,0.89
2070,4121.0,0.89
2071,4121.0,0.89
2072,4121.0,0.89
2073,4121.0,0.89
2074,4121.0,0.89
2075,4121.0,0.89
2076,4121.0,0.89
2077,4121.0,0.89
2078,4121.0,0.89
2079,4121.0,0.89
2080,4121.0,0.89
2081,4121.0,0.89
2082,4121.0,0.89
2083,4121.0,0.89
2084,4121.0,0.89
2085,4121.0,0.89
2086,4121.0,0.89
2087,4121.0,0.89
2088,4121.0,0.89
2089,4121.0,0.89
2090,4121.0,0.89
2091,4121.0,0.89
2092,4121.0,0.89
2093,4121.0,0.89
2094,4121.0,0.89
2095,4121.0,0.89
2096,4121.0,0.89
2097,4121.0,0.89
2098,4121.0,0.89
2099,4121.0,0.89
2100,4121.0,0.89
2101,4121.0,0.89
2102,4121.0,0.89
2103,4121.0,0.89
2104,4121.0,0.89
2105,4127.0,0.89
2106,4127.0,0.89
2107,4127.0,0.89
2108,4127.0,0.89
2109,4127.0,0.89
2110,4127.0,0.89
2111,4127.0,0.89
2112,4127.0,0.89
2113,4127.0,0.89
2114,4127.0,0.89
2115,4127.0,0.89
2116,4127.0,0.89
2117,4127.0,0.89
2118,4127.0,0.89
2119,4127.0,0.89
2120,4127.0,0.89
2121,4127.0,0.89
2122,4127.0,0.89
2123,4127.0,0.89
2124,4127.0,0.89
2125,4127.0,0.89
2126,4127.0,0.89
2127,4127.0,0.89
2128,4127.0,0.89
2129,4127.0,0.89
2130,4127.0,0.89
2131,4127.0,0.89
2132,4127.0,0.89
2133,4127.0,0.89
2134,4127.0,0.89
2135,4127.0,0.89
2136,4127.0,0.89
2137,4127.0,0.89
2138,4127.0,0.89
2139,4127.0,0.89
2140,4127.0,0.89
2141,4127.0,0.89
2142,4127.0,0.89
2143,4127.0,0.89
2144,4127.0,0.89
2145,4127.0,0.89
2146,4127.0,0.89
2147,4127.0,0.89
2148,4127.0,0.89
2149,4127.0,0.89
2150,4127.0,0.89
2151,4127.0,0.89
2152,4127.0,0.89
2153,4127.0,0.89
2154,4127.0,0.89
2155,4127.0,0.89
2156,4127.0,0.89
2157,4127.0,0.89
2158,4127.0,0.89
2159,4127.0,0.89
2160,4127.0,0.89
2161,4127.0,0.89
2162,4127.0,0.89
2163,4127.0,0.89
2164,4127.0,0.89
2165,4126.0,0.89
2166,4126.0,0.89
2167,4126.0,0.89
2168,4126.0,0.89
2169,4126.0,0.89
2170,4126.0,0.89
2171,4126.0,0.89
2172,4126.0,0.89
2173,4126.0,0.89
2174,4126.0,0.89
2175,4126.0,0.89
2176,4126.0,0.89
2177,4126.0,0.89
2178,4126.0,0.89
2179,4126.0,0.89
2180,4126.0,0.89
2181,4126.0,0.89
2182,4126.0,0.89
2183,4126.0,0.89
2184,4126.0,0.89
2185,4126.0,0.89
2186,4126.0,0.89
2187,4126.0,0.89
2188,4126.0,0.89
2189,4126.0,0.89
2190,4126.0,0.89
2191,4126.0,0.89
2192,4126.0,0.89
2193,4126.0,0.89
2194,4126.0,0.89
2195,4126.0,0.89
2196,4126.0,0.89
2197,4126.0,0.89
2198,4126.0,0.89
2199,4126.0,0.89
2200,4126.0,0.89
2201,4126.0,0.89
2202,4126.0,0.89
2203,4126.0,0.89
2204,4126.0,0.89
2205,4126.0,0.89
2206,4126.0,0.89
2207,4126.0,0.89
2208,4126.0,0.89
2209,4126.0,0.89
2210,4126.0,0.89
2211,4126.0,0.89
2212,4126.0,0.89
2213,4126.0,0.89
2214,4126.0,0.89
2215,4126.0,0.89
2216,4126.0,0.89
2217,4126.0,0.89
2218,4126.0,0.89
2219,4126.0,0.89
2220,4126.0,0.89
2221,4126.0,0.89
2222,4126.0,0.89
2223,4126.0,0.89
2224,4126.0,0.89
2225,4123.0,0.89
2226,4123.0,0.89
2227,4123.0,0.89
2228,4123.0,0.89
2229,4123.0,0.89
2230,4123.0,0.89
2231,4123.0,0.89
2232,4123.0,0.89
2233,4123.0,0.89
2234,4123.0,0.89
2235,4123.0,0.89
2236,4123.0,0.89
2237,4123.0,0.89
2238,4123.0,0.89
2239,4123.0,0.89
2240,4123.0,0.89
2241,4123.0,0.89
2242,4123.0,0.89
2243,4123.0,0.89
2244,4123.0,0.89
2245,4123.0,0.89
2246,4123.0,0.89
2247,4123.0,0.89
2248,4123.0,0.89
2249,4123.0,0.89
2250,4123.0,0.89
2251,4123.0,0.89
2252,4123.0,0.89
2253,4123.0,0.89
2254,4123.0,0.89
2255,4123.0,0.89
2256,4123.0,0.89
2257,4123.0,0.89
2258,4123.0,0.89
2259,4123.0,0.89
2260,4123.0,0.89
2261,4123.0,0.89
2262,4123.0,0.89
2263,4123.0,0.89
2264,4123.0,0.89
2265,4123.0,0.89
2266,4123.0,0.89
2267,4123.0,0.89
2268,4123.0,0.89
2269,4123.0,0.89
2270,4123.0,0.89
2271,4123.0,0.89
2272,4123.0,0.89
2273,4123.0,0.89
2274,4123.0,0.89
2275,4124.0,0.88
2276,4124.0,0.88
2277,4124.0,0.88
2278,4124.0,0.88
2279,4124.0,0.88
2280,4124.0,0.88
2281,4124.0,0.88
2282,4124.0,0.88
2283,4124.0,0.88
2284,4119.0,0.88
2285,4119.0,0.88
2286,4119.0,0.88
2287,4119.0,0.88
2288,4119.0,0.88
2289,4119.0,0.88
2290,4119.0,0.88
2291,4119.0,0.88
2292,4119.0,0.88
2293,4119.0,0.88
2294,4119.0,0.88
2295,4119.0,0.88
2296,4119.0,0.88
2297,4119.0,0.88
2298,4119.0,0.88
2299,4119.0,0.88
2300,4119.0,0.88
2301,4119.0,0.88
2302,4119.0,0.88
2303,4119.0,0.88
2304,4119.0,0.88
2305,4119.0,0.88
2306,4119.0,0.88
2307,4119.0,0.88
2308,4119.0,0.88
2309,4119.0,0.88
2310,4119.0,0.88
2311,4119.0,0.88
2312,4119.0,0.88
2313,4119.0,0.88
2314,4119.0,0.88
2315,4119.0,0.88
2316,4119.0,0.88
2317,4119.0,0.88
2318,4119.0,0.88
2319,4119.0,0.88
2320,4119.0,0.88
2321,4119.0,0.88
2322,4119.0,0.88
2323,4119.0,0.88
2324,4119.0,0.88
2325,4119.0,0.88
2326,4119.0,0.88
2327,4119.0,0.88
2328,4119.0,0.88
2329,4119.0,0.88
2330,4119.0,0.88
2331,4119.0,0.88
2332,4119.0,0.88
2333,4119.0,0.88
2334,4119.0,0.88
2335,4119.0,0.88
2336,4119.0,0.88
2337,4119.0,0.88
2338,4119.0,0.88
2339,4119.0,0.88
2340,4119.0,0.88
2341,4119.0,0.88
2342,4119.0,0.88
2343,4119.0,0.88
2344,4117.0,0.88
2345,4117.0,0.88
2346,4117.0,0.88
2347,4117.0,0.88
2348,4117.0,0.88
2349,4117.0,0.88
2350,4117.0,0.88
2351,4117.0,0.88
2352,4117.0,0.88
2353,4117.0,0.88
2354,4117.0,0.88
2355,4117.0,0.88
2356,4117.0,0.88
2357,4117.0,0.88
2358,4117.0,0.88
2359,4117.0,0.88
2360,4117.0,0.88
2361,4117.0,0.88
2362,4117.0,0.88
2363,4117.0,0.88
2364,4117.0,0.88
2365,4117.0,0.88
2366,4117.0,0.88
2367,4117.0,0.88
2368,4117.0,0.88
2369,4117.0,0.88
2370,4117.0,0.88
2371,4117.0,0.88
2372,4117.0,0.88
2373,4117.0,0.88
2374,4117.0,0.88
2375,4117.0,0.88
2376,4117.0,0.88
2377,4117.0,0.88
2378,4117.0,0.88
2379,4117.0,0.88
2380,4117.0,0.88
2381,4117.0,0.88
2382,4117.0,0.88
2383,4117.0,0.88
2384,4117.0,0.88
2385,4117.0,0.88
2386,4117.0,0.88
2387,4117.0,0.88
2388,4117.0,0.88
2389,4117.0,0.88
2390,4117.0,0.88
2391,4117.0,0.88
2392,4117.0,0.88
2393,4117.0,0.88
2394,4117.0,0.88
2395,4117.0,0.88
2396,4117.0,0.88
2397,4117.0,0.88
2398,4117.0,0.88
2399,4117.0,0.88
2400,4117.0,0.88
2401,4117.0,0.88
2402,4117.0,0.88
2403,4117.0,0.88
2404,4117.0,0.88
2405,4117.0,0.88
2406,4117.0,0.88
2407,4117.0,0.88
2408,4117.0,0.88
2409,4117.0,0.88
2410,4117.0,0.88
2411,4117.0,0.88
2412,4117.0,0.88
2413,4117.0,0.88
2414,4117.0,0.88
2415,4117.0,0.88
2416,4117.0,0.88
2417,4117.0,0.88
2418,4117.0,0.88
2419,4117.0,0.88
2420,4117.0,0.88
2421,4117.0,0.88
2422,4117.0,0.88
2423,4117.0,0.88
2424,4117.0,0.88
2425,4117.0,0.88
2426,4117.0,0.88
2427,4117.0,0.88
2428,4117.0,0.88
2429,4117.0,0.88
2430,4117.0,0.88
2431,4117.0,0.88
2432,4117.0,0.88
2433,4117.0,0.88
2434,4117.0,0.88
2435,4117.0,0.88
2436,4117.0,0.88
2437,4117.0,0.88
2438,4117.0,0.88
2439,4117.0,0.88
2440,4117.0,0.88
2441,4117.0,0.88
2442,4117.0,0.88
2443,4117.0,0.88
2444,4117.0,0.88
2445,4117.0,0.88
2446,4117.0,0.88
2447,4117.0,0.88
2448,4117.0,0.88
2449,4117.0,0.88
2450,4117.0,0.88
2451,4117.0,0.88
2452,4117.0,0.88
2453,4117.0,0.88
2454,4117.0,0.88
2455,4117.0,0.88
2456,4117.0,0.88
2457,4117.0,0.88
2458,4117.0,0.88
2459,4117.0,0.88
2460,4117.0,0.88
2461,4117.0,0.88
2462,4117.0,0.88
2463,4106.0,0.87
2464,4106.0,0.87
2465,4106.0,0.87
2466,4106.0,0.87
2467,4106.0,0.87
2468,4106.0,0.87
2469,4106.0,0.87
2470,4106.0,0.87
2471,4106.0,0.87
2472,4106.0,0.87
2473,4106.0,0.87
2474,4106.0,0.87
2475,4106.0,0.87
2476,4106.0,0.87
2477,4106.0,0.87
2478,4106.0,0.87
2479,4106.0,0.87
2480,4106.0,0.87
2481,4106.0,0.87
2482,4106.0,0.87
2483,4106.0,0.87
2484,4106.0,0.87
2485,4106.0,0.87
2486,4106.0,0.87
2487,4106.0,0.87
2488,4106.0,0.87
2489,4106.0,0.87
2490,4106.0,0.87
2491,4106.0,0.87
2492,4106.0,0.87
2493,4106.0,0.87
2494,4106.0,0.87
2495,4106.0,0.87
2496,4106.0,0.87
2497,4106.0,0.87
2498,4106.0,0.87
2499,4106.0,0.87
2500,4106.0,0.87
2501,4106.0,0.87
2502,4106.0,0.87
2503,4106.0,0.87
2504,4106.0,0.87
2505,4106.0,0.87
2506,4106.0,0.87
2507,4106.0,0.87
2508,4106.0,0.87
2509,4106.0,0.87
2510,4106.0,0.87
2511,4106.0,0.87
2512,4106.0,0.87
2513,4106.0,0.87
2514,4106.0,0.87
2515,4106.0,0.87
2516,4106.0,0.87
2517,4106.0,0.87
2518,4106.0,0.87
2519,4106.0,0.87
2520,4106.0,0.87
2521,4106.0,0.87
2522,4111.0,0.87
2523,4111.0,0.87
2524,4111.0,0.87
2525,4111.0,0.87
2526,4111.0,0.87
2527,4111.0,0.87
2528,4111.0,0.87
2529,4111.0,0.87
2530,4111.0,0.87
2531,4111.0,0.87
2532,4111.0,0.87
2533,4111.0,0.87
2534,4111.0,0.87
2535,4111.0,0.87
2536,4111.0,0.87
2537,4111.0,0.87
2538,4111.0,0.87
2539,4111.0,0.87
2540,4111.0,0.87
2541,4111.0,0.87
2542,4111.0,0.87
2543,4111.0,0.87
2544,4111.0,0.87
2545,4111.0,0.87
2546,4111.0,0.87
2547,4111.0,0.87
2548,4111.0,0.87
2549,4111.0,0.87
2550,4111.0,0.87
2551,4111.0,0.87
2552,4111.0,0.87
2553,4111.0,0.87
2554,4111.0,0.87
2555,4111.0,0.87
2556,4111.0,0.87
2557,4111.0,0.87
2558,4111.0,0.87
2559,4111.0,0.87
2560,4111.0,0.87
2561,4111.0,0.87
2562,4111.0,0.87
2563,4111.0,0.87
2564,4111.0,0.87
2565,4111.0,0.87
2566,4111.0,0.87
2567,4111.0,0.87
2568,4111.0,0.87
2569,4111.0,0.87
2570,4111.0,0.87
2571,4111.0,0.87
2572,4111.0,0.87
2573,4111.0,0.87
2574,4111.0,0.87
2575,4111.0,0.87
2576,4111.0,0.87
2577,4111.0,0.87
2578,4111.0,0.87
2579,4111.0,0.87
2580,4111.0,0.87
2581,4111.0,0.87
2582,4110.0,0.87
2583,4110.0,0.87
2584,4110.0,0.87
2585,4110.0,0.87
2586,4110.0,0.87
2587,4110.0,0.87
2588,4110.0,0.87
2589,4110.0,0.87
2590,4110.0,0.87
2591,4110.0,0.87
2592,4110.0,0.87
2593,4110.0,0.87
2594,4110.0,0.87
2595,4110.0,0.87
2596,4110.0,0.87
2597,4110.0,0.87
2598,4110.0,0.87
2599,4110.0,0.87
2600,4110.0,0.87
2601,4110.0,0.87
2602,4110.0,0.87
2603,4110.0,0.87
2604,4110.0,0.87
2605,4110.0,0.87
2606,4110.0,0.87
2607,4110.0,0.87
2608,4110.0,0.87
2609,4110.0,0.87
2610,4110.0,0.87
2611,4110.0,0.87
2612,4110.0,0.87
2613,4110.0,0.87
2614,4110.0,0.87
2615,4110.0,0.87
2616,4110.0,0.87
2617,4110.0,0.87
2618,4110.0,0.87
2619,4110.0,0.87
2620,4110.0,0.87
2621,4110.0,0.87
2622,4110.0,0.87
2623,4110.0,0.87
2624,4110.0,0.87
2625,4110.0,0.87
2626,4110.0,0.87
2627,4110.0,0.87
2628,4110.0,0.87
2629,4110.0,0.87
2630,4110.0,0.87
2631,4110.0,0.87
2632,4110.0,0.87
2633,4110.0,0.87
2634,4110.0,0.87
2635,4110.0,0.87
2636,4110.0,0.87
2637,4110.0,0.87
2638,4110.0,0.87
2639,4110.0,0.87
2640,4110.0,0.87
2641,4107.0,0.87
2642,4107.0,0.87
2643,4107.0,0.87
2644,4107.0,0.87
2645,4107.0,0.87
2646,4107.0,0.87
2647,4107.0,0.87
2648,4107.0,0.87
2649,4107.0,0.87
2650,4107.0,0.87
2651,4107.0,0.87
2652,4107.0,0.87
2653,4107.0,0.87
2654,4107.0,0.87
2655,4107.0,0.87
2656,4107.0,0.87
2657,4107.0,0.87
2658,4107.0,0.87
2659,4107.0,0.87
2660,4107.0,0.87
2661,4107.0,0.87
2662,4107.0,0.87
2663,4107.0,0.87
2664,4107.0,0.87
2665,4107.0,0.87
2666,4107.0,0.87
2667,4107.0,0.87
2668,4107.0,0.87
2669,4107.0,0.87
2670,4107.0,0.87
2671,4107.0,0.87
2672,4107.0,0.87
2673,4107.0,0.87
2674,4107.0,0.87
2675,4107.0,0.87
2676,4107.0,0.87
2677,4107.0,0.87
2678,4107.0,0.87
2679,4107.0,0.87
2680,4107.0,0.87
2681,4107.0,0.87
2682,4107.0,0.87
2683,4107.0,0.87
2684,4107.0,0.87
2685,4107.0,0.87
2686,4107.0,0.87
2687,4107.0,0.87
2688,4107.0,0.87
2689,4107.0,0.87
2690,4107.0,0.87
2691,4107.0,0.87
2692,4107.0,0.87
2693,4107.0,0.87
2694,4107.0,0.87
2695,4107.0,0.87
2696,4107.0,0.87
2697,4107.0,0.87
2698,4107.0,0.87
2699,4107.0,0.87
2700,4107.0,0.87
2701,4085.0,0.87
2702,4085.0,0.87
2703,4085.0,0.87
2704,4085.0,0.87
2705,4085.0,0.87
2706,4085.0,0.87
2707,4085.0,0.87
2708,4085.0,0.87
2709,4085.0,0.87
2710,4085.0,0.87
2711,4085.0,0.87
2712,4085.0,0.87
2713,4085.0,0.87
2714,4085.0,0.87
2715,4085.0,0.87
2716,4085.0,0.87
2717,4085.0,0.87
2718,4085.0,0.87
2719,4085.0,0.87
2720,4085.0,0.87
2721,4085.0,0.87
2722,4085.0,0.87
2723,4085.0,0.87
2724,4085.0,0.87
2725,4085.0,0.87
2726,4085.0,0.87
2727,4085.0,0.87
2728,4085.0,0.87
2729,4085.0,0.87
2730,4085.0,0.87
2731,4085.0,0.87
2732,4085.0,0.87
2733,4085.0,0.87
2734,4085.0,0.87
2735,4085.0,0.87
2736,4085.0,0.87
2737,4085.0,0.87
2738,4085.0,0.87
2739,4085.0,0.87
2740,4085.0,0.87
2741,4085.0,0.87
2742,4085.0,0.87
2743,4085.0,0.87
2744,4085.0,0.87
2745,4085.0,0.87
2746,4085.0,0.87
2747,4085.0,0.87
2748,4085.0,0.87
2749,4085.0,0.87
2750,4085.0,0.87
2751,4085.0,0.87
2752,4085.0,0.87
2753,4085.0,0.87
2754,4085.0,0.87
2755,4085.0,0.87
2756,4085.0,0.87
2757,4085.0,0.87
2758,4085.0,0.87
2759,4085.0,0.87
2760,4085.0,0.87
2761,4101.0,0.86
2762,4101.0,0.86
2763,4101.0,0.86
2764,4101.0,0.86
2765,4101.0,0.86
2766,4101.0,0.86
2767,4101.0,0.86
2768,4101.0,0.86
2769,4101.0,0.86
2770,4101.0,0.86
2771,4101.0,0.86
2772,4101.0,0.86
2773,4101.0,0.86
2774,4101.0,0.86
2775,4101.0,0.86
2776,4101.0,0.86
2777,4101.0,0.86
2778,4101.0,0.86
2779,4101.0,0.86
2780,4101.0,0.86
2781,4101.0,0.86
2782,4101.0,0.86
2783,4101.0,0.86
2784,4101.0,0.86
2785,4101.0,0.86
2786,4101.0,0.86
2787,4101.0,0.86
2788,4101.0,0.86
2789,4101.0,0.86
2790,4101.0,0.86
2791,4101.0,0.86
2792,4101.0,0.86
2793,4101.0,0.86
2794,4101.0,0.86
2795,4101.0,0.86
2796,4101.0,0.86
2797,4101.0,0.86
2798,4101.0,0.86
2799,4101.0,0.86
2800,4101.0,0.86
2801,4101.0,0.86
2802,4101.0,0.86
2803,4101.0,0.86
2804,4101.0,0.86
2805,4101.0,0.86
2806,4101.0,0.86
2807,4101.0,0.86
2808,4101.0,0.86
2809,4101.0,0.86
2810,4101.0,0.86
2811,4101.0,0.86
2812,4101.0,0.86
2813,4101.0,0.86
2814,4101.0,0.86
2815,4101.0,0.86
2816,4101.0,0.86
2817,4101.0,0.86
2818,4101.0,0.86
2819,4101.0,0.86
2820,4096.0,0.86
2821,4096.0,0.86
2822,4096.0,0.86
2823,4096.0,0.86
2824,4096.0,0.86
2825,4096.0,0.86
2826,4096.0,0.86
2827,4096.0,0.86
2828,4096.0,0.86
2829,4096.0,0.86
2830,4096.0,0.86
2831,4096.0,0.86
2832,4096.0,0.86
2833,4096.0,0.86
2834,4096.0,0.86
2835,4096.0,0.86
2836,4096.0,0.86
2837,4096.0,0.86
2838,4096.0,0.86
2839,4096.0,0.86
2840,4096.0,0.86
2841,4096.0,0.86
2842,4096.0,0.86
2843,4096.0,0.86
2844,4096.0,0.86
2845,4096.0,0.86
2846,4096.0,0.86
2847,4096.0,0.86
2848,4096.0,0.86
2849,4096.0,0.86
2850,4096.0,0.86
2851,4096.0,0.86
2852,4096.0,0.86
2853,4096.0,0.86
2854,4096.0,0.86
2855,4096.0,0.86
2856,4096.0,0.86
2857,4096.0,0.86
2858,4096.0,0.86
2859,4096.0,0.86
2860,4096.0,0.86
2861,4096.0,0.86
2862,4096.0,0.86
2863,4096.0,0.86
2864,4096.0,0.86
2865,4096.0,0.86
2866,4096.0,0.86
2867,4096.0,0.86
2868,4096.0,0.86
2869,4096.0,0.86
2870,4096.0,0.86
2871,4096.0,0.86
2872,4096.0,0.86
2873,4096.0,0.86
2874,4096.0,0.86
2875,4096.0,0.86
2876,4096.0,0.86
2877,4096.0,0.86
2878,4096.0,0.86
2879,4096.0,0.86
2880,4097.0,0.86
2881,4097.0,0.86
2882,4097.0,0.86
2883,4097.0,0.86
2884,4097.0,0.86
2885,4097.0,0.86
2886,4097.0,0.86
2887,4097.0,0.86
2888,4097.0,0.86
2889,4097.0,0.86
2890,4097.0,0.86
2891,4097.0,0.86
2892,4097.0,0.86
2893,4097.0,0.86
2894,4097.0,0.86
2895,4097.0,0.86
2896,4097.0,0.86
2897,4097.0,0.86
2898,4097.0,0.86
2899,4097.0,0.86
2900,4097.0,0.86
2901,4097.0,0.86
2902,4097.0,0.86
2903,4097.0,0.86
2904,4097.0,0.86
2905,4097.0,0.86
2906,4097.0,0.86
2907,4097.0,0.86
2908,4097.0,0.86
2909,4097.0,0.86
2910,4097.0,0.86
2911,4097.0,0.86
2912,4097.0,0.86
2913,4097.0,0.86
2914,4097.0,0.86
2915,4097.0,0.86
2916,4097.0,0.86
2917,4097.0,0.86
2918,4097.0,0.86
2919,4097.0,0.86
2920,4097.0,0.86
2921,4097.0,0.86
2922,4097.0,0.86
2923,4097.0,0.86
2924,4097.0,0.86
2925,4097.0,0.86
2926,4097.0,0.86
2927,4097.0,0.86
2928,4097.0,0.86
2929,4097.0,0.86
2930,4097.0,0.86
2931,4097.0,0.86
2932,4097.0,0.86
2933,4097.0,0.86
2934,4097.0,0.86
2935,4097.0,0.86
2936,4097.0,0.86
2937,4097.0,0.86
2938,4097.0,0.86
2939,4093.0,0.85
2940,4093.0,0.85
2941,4093.0,0.85
2942,4093.0,0.85
2943,4093.0,0.85
2944,4093.0,0.85
2945,4093.0,0.85
2946,4093.0,0.85
2947,4093.0,0.85
2948,4093.0,0.85
2949,4093.0,0.85
2950,4093.0,0.85
2951,4093.0,0.85
2952,4093.0,0.85
2953,4093.0,0.85
2954,4093.0,0.85
2955,4093.0,0.85
2956,4093.0,0.85
2957,4093.0,0.85
2958,4093.0,0.85
2959,4093.0,0.85
2960,4093.0,0.85
2961,4093.0,0.85
2962,4093.0,0.85
2963,4093.0,0.85
2964,4093.0,0.85
2965,4093.0,0.85
2966,4093.0,0.85
2967,4093.0,0.85
2968,4093.0,0.85
2969,4093.0,0.85
2970,4093.0,0.85
2971,4093.0,0.85
2972,4093.0,0.85
2973,4093.0,0.85
2974,4093.0,0.85
2975,4093.0,0.85
2976,4093.0,0.85
2977,4093.0,0.85
2978,4093.0,0.85
2979,4093.0,0.85
2980,4093.0,0.85
2981,4093.0,0.85
2982,4093.0,0.85
2983,4093.0,0.85
2984,4093.0,0.85
2985,4093.0,0.85
2986,4093.0,0.85
2987,4093.0,0.85
2988,4093.0,0.85
2989,4093.0,0.85
2990,4093.0,0.85
2991,4093.0,0.85
2992,4093.0,0.85
2993,4093.0,0.85
2994,4093.0,0.85
2995,4093.0,0.85
2996,4093.0,0.85
2997,4093.0,0.85
2998,4093.0,0.85
2999,4092.0,0.85
3000,4092.0,0.85
3001,4092.0,0.85
3002,4092.0,0.85
3003,4092.0,0.85
3004,4092.0,0.85
3005,4092.0,0.85
3006,4092.0,0.85
3007,4092.0,0.85
3008,4092.0,0.85
3009,4092.0,0.85
3010,4092.0,0.85
3011,4092.0,0.85
3012,4092.0,0.85
3013,4092.0,0.85
3014,4092.0,0.85
3015,4092.0,0.85
3016,4092.0,0.85
3017,4092.0,0.85
3018,4092.0,0.85
3019,4092.0,0.85
3020,4092.0,0.85
3021,4092.0,0.85
3022,4092.0,0.85
3023,4092.0,0.85
3024,4092.0,0.85
3025,4092.0,0.85
3026,4092.0,0.85
3027,4092.0,0.85
3028,4092.0,0.85
3029,4092.0,0.85
3030,4092.0,0.85
3031,4092.0,0.85
3032,4092.0,0.85
3033,4092.0,0.85
3034,4092.0,0.85
3035,4092.0,0.85
3036,4092.0,0.85
3037,4092.0,0.85
3038,4092.0,0.85
3039,4092.0,0.85
3040,4092.0,0.85
3041,4092.0,0.85
3042,4092.0,0.85
3043,4092.0,0.85
3044,4092.0,0.85
3045,4092.0,0.85
3046,4092.0,0.85
3047,4092.0,0.85
3048,4092.0,0.85
3049,4092.0,0.85
3050,4092.0,0.85
3051,4092.0,0.85
3052,4092.0,0.85
3053,4092.0,0.85
3054,4092.0,0.85
3055,4092.0,0.85
3056,4092.0,0.85
3057,4092.0,0.85
3058,4077.0,0.85
3059,4077.0,0.85
3060,4077.0,0.85
3061,4077.0,0.85
3062,4077.0,0.85
3063,4077.0,0.85
3064,4077.0,0.85
3065,4077.0,0.85
3066,4077.0,0.85
3067,4077.0,0.85
3068,4077.0,0.85
3069,4077.0,0.85
3070,4077.0,0.85
3071,4077.0,0.85
3072,4077.0,0.85
3073,4077.0,0.85
3074,4077.0,0.85
3075,4077.0,0.85
3076,4077.0,0.85
3077,4077.0,0.85
3078,4077.0,0.85
3079,4077.0,0.85
3080,4077.0,0.85
3081,4077.0,0.85
3082,4077.0,0.85
3083,4077.0,0.85
3084,4077.0,0.85
3085,4077.0,0.85
3086,4077.0,0.85
3087,4077.0,0.85
3088,4077.0,0.85
3089,4077.0,0.85
3090,4077.0,0.85
3091,4077.0,0.85
3092,4077.0,0.85
3093,4077.0,0.85
3094,4077.0,0.85
3095,4077.0,0.85
3096,4077.0,0.85
3097,4077.0,0.85
3098,4077.0,0.85
3099,4077.0,0.85
3100,4077.0,0.85
3101,4077.0,0.85
3102,4077.0,0.85
3103,4077.0,0.85
3104,4077.0,0.85
3105,4077.0,0.85
3106,4077.0,0.85
3107,4077.0,0.85
3108,4077.0,0.85
3109,4077.0,0.85
3110,4077.0,0.85
3111,4077.0,0.85
3112,4077.0,0.85
3113,4077.0,0.85
3114,4077.0,0.85
3115,4077.0,0.85
3116,4077.0,0.85
3117,4077.0,0.85
3118,4084.0,0.85
3119,4084.0,0.85
3120,4084.0,0.85
3121,4084.0,0.85
3122,4084.0,0.85
3123,4084.0,0.85
3124,4084.0,0.85
3125,4084.0,0.85
3126,4084.0,0.85
3127,4084.0,0.85
3128,4084.0,0.85
3129,4084.0,0.85
3130,4084.0,0.85
3131,4084.0,0.85
3132,4084.0,0.85
3133,4084.0,0.85
3134,4084.0,0.85
3135,4084.0,0.85
3136,4084.0,0.85
3137,4084.0,0.85
3138,4084.0,0.85
3139,4084.0,0.85
3140,4084.0,0.85
3141,4084.0,0.85
3142,4084.0,0.85
3143,4084.0,0.85
3144,4084.0,0.85
3145,4084.0,0.85
3146,4084.0,0.85
3147,4084.0,0.85
3148,4084.0,0.85
3149,4084.0,0.85
3150,4084.0,0.85
3151,4084.0,0.85
3152,4084.0,0.85
3153,4084.0,0.85
3154,4084.0,0.85
3155,4084.0,0.85
3156,4084.0,0.85
3157,4084.0,0.85
3158,4084.0,0.85
3159,4084.0,0.85
3160,4084.0,0.85
3161,4084.0,0.85
3162,4084.0,0.85
3163,4084.0,0.85
3164,4084.0,0.85
3165,4084.0,0.85
3166,4084.0,0.85
3167,4084.0,0.85
3168,4084.0,0.85
3169,4084.0,0.85
3170,4084.0,0.85
3171,4084.0,0.85
3172,4084.0,0.85
3173,4084.0,0.85
3174,4084.0,0.85
3175,4084.0,0.85
3176,4084.0,0.85
3177,4084.0,0.85
3178,4079.0,0.85
3179,4079.0,0.85
3180,4079.0,0.85
3181,4079.0,0.85
3182,4079.0,0.85
3183,4079.0,0.85
3184,4079.0,0.85
3185,4079.0,0.85
3186,4079.0,0.85
3187,4079.0,0.85
3188,4079.0,0.85
3189,4079.0,0.85
3190,4079.0,0.85
3191,4079.0,0.85
3192,4079.0,0.85
3193,4079.0,0.85
3194,4079.0,0.85
3195,4079.0,0.85
3196,4079.0,0.85
3197,4079.0,0.85
3198,4079.0,0.85
3199,4079.0,0.85
3200,4079.0,0.85
3201,4079.0,0.85
3202,4079.0,0.85
3203,4079.0,0.85
3204,4079.0,0.85
3205,4079.0,0.85
3206,4079.0,0.85
3207,4079.0,0.85
3208,4079.0,0.85
3209,4079.0,0.85
3210,4079.0,0.85
3211,4079.0,0.85
3212,4079.0,0.85
3213,4079.0,0.85
3214,4079.0,0.85
3215,4079.0,0.85
3216,4079.0,0.85
3217,4079.0,0.85
3218,4079.0,0.85
3219,4079.0,0.85
3220,4079.0,0.85
3221,4079.0,0.85
3222,4079.0,0.85
3223,4079.0,0.85
3224,4079.0,0.85
3225,4079.0,0.85
3226,4079.0,0.85
3227,4079.0,0.85
3228,4079.0,0.85
3229,4079.0,0.85
3230,4079.0,0.85
3231,4079.0,0.85
3232,4079.0,0.85
3233,4079.0,0.85
3234,4079.0,0.85
3235,4079.0,0.85
3236,4079.0,0.85
3237,4074.0,0.84
3238,4074.0,0.84
3239,4074.0,0.84
3240,4074.0,0.84
3241,4074.0,0.84
3242,4074.0,0.84
3243,4074.0,0.84
3244,4074.0,0.84
3245,4074.0,0.84
3246,4074.0,0.84
3247,4074.0,0.84
3248,4074.0,0.84
3249,4074.0,0.84
3250,4074.0,0.84
3251,4074.0,0.84
3252,4074.0,0.84
3253,4074.0,0.84
3254,4074.0,0.84
3255,4074.0,0.84
3256,4074.0,0.84
3257,4074.0,0.84
3258,4074.0,0.84
3259,4074.0,0.84
3260,4074.0,0.84
3261,4074.0,0.84
3262,4074.0,0.84
3263,4074.0,0.84
3264,4074.0,0.84
3265,4074.0,0.84
3266,4074.0,0.84
3267,4074.0,0.84
3268,4074.0,0.84
3269,4074.0,0.84
3270,4074.0,0.84
3271,4074.0,0.84
3272,4074.0,0.84
3273,4074.0,0.84
3274,4074.0,0.84
3275,4074.0,0.84
3276,4074.0,0.84
3277,4074.0,0.84
3278,4074.0,0.84
3279,4074.0,0.84
3280,4074.0,0.84
3281,4074.0,0.84
3282,4074.0,0.84
3283,4074.0,0.84
3284,4074.0,0.84
3285,4074.0,0.84
3286,4074.0,0.84
3287,4074.0,0.84
3288,4074.0,0.84
3289,4074.0,0.84
3290,4074.0,0.84
3291,4074.0,0.84
3292,4074.0,0.84
3293,4074.0,0.84
3294,4074.0,0.84
3295,4074.0,0.84
3296,4074.0,0.84
3297,4081.0,0.84
3298,4081.0,0.84
3299,4081.0,0.84
3300,4081.0,0.84
3301,4081.0,0.84
3302,4081.0,0.84
3303,4081.0,0.84
3304,4081.0,0.84
3305,4081.0,0.84
3306,4081.0,0.84
3307,4081.0,0.84
3308,4081.0,0.84
3309,4081.0,0.84
3310,4081.0,0.84
3311,4081.0,0.84
3312,4081.0,0.84
3313,4081.0,0.84
3314,4081.0,0.84
3315,4081.0,0.84
3316,4081.0,0.84
3317,4081.0,0.84
3318,4081.0,0.84
3319,4081.0,0.84
3320,4081.0,0.84
3321,4081.0,0.84
3322,4081.0,0.84
3323,4081.0,0.84
3324,4081.0,0.84
3325,4081.0,0.84
3326,4081.0,0.84
3327,4081.0,0.84
3328,4081.0,0.84
3329,4081.0,0.84
3330,4081.0,0.84
3331,4081.0,0.84
3332,4081.0,0.84
3333,4081.0,0.84
3334,4081.0,0.84
3335,4081.0,0.84
3336,4081.0,0.84
3337,4081.0,0.84
3338,4081.0,0.84
3339,4081.0,0.84
3340,4081.0,0.84
3341,4081.0,0.84
3342,4081.0,0.84
3343,4081.0,0.84
3344,4081.0,0.84
3345,4081.0,0.84
3346,4081.0,0.84
3347,4081.0,0.84
3348,4081.0,0.84
3349,4081.0,0.84
3350,4081.0,0.84
3351,4081.0,0.84
3352,4081.0,0.84
3353,4081.0,0.84
3354,4081.0,0.84
3355,4081.0,0.84
3356,4079.0,0.84
3357,4079.0,0.84
3358,4079.0,0.84
3359,4079.0,0.84
3360,4079.0,0.84
3361,4079.0,0.84
3362,4079.0,0.84
3363,4079.0,0.84
3364,4079.0,0.84
3365,4079.0,0.84
3366,4079.0,0.84
3367,4079.0,0.84
3368,4079.0,0.84
3369,4079.0,0.84
3370,4079.0,0.84
3371,4079.0,0.84
3372,4079.0,0.84
3373,4079.0,0.84
3374,4079.0,0.84
3375,4079.0,0.84
3376,4079.0,0.84
3377,4079.0,0.84
3378,4079.0,0.84
3379,4079.0,0.84
3380,4079.0,0.84
3381,4079.0,0.84
3382,4079.0,0.84
3383,4079.0,0.84
3384,4079.0,0.84
3385,4079.0,0.84
3386,4079.0,0.84
3387,4079.0,0.84
3388,4079.0,0.84
3389,4079.0,0.84
3390,4079.0,0.84
3391,4079.0,0.84
3392,4079.0,0.84
3393,4079.0,0.84
3394,4070.0,0.84
3395,4070.0,0.84
3396,4070.0,0.84
3397,4070.0,0.84
3398,4070.0,0.84
3399,4070.0,0.84
3400,4070.0,0.84
3401,4070.0,0.84
3402,4070.0,0.84
3403,4070.0,0.84
3404,4070.0,0.84
3405,4070.0,0.84
3406,4070.0,0.84
3407,4070.0,0.84
3408,4070.0,0.84
3409,4070.0,0.84
3410,4070.0,0.84
3411,4070.0,0.84
3412,4070.0,0.84
3413,4070.0,0.84
3414,4070.0,0.84
3415,4070.0,0.84
3416,4075.0,0.84
3417,4075.0,0.84
3418,4075.0,0.84
3419,4075.0,0.84
3420,4075.0,0.84
3421,4075.0,0.84
3422,4075.0,0.84
3423,4075.0,0.84
3424,4075.0,0.84
3425,4075.0,0.84
3426,4075.0,0.84
3427,4075.0,0.84
3428,4075.0,0.84
3429,4075.0,0.84
3430,4075.0,0.84
3431,4075.0,0.84
3432,4075.0,0.84
3433,4075.0,0.84
3434,4075.0,0.84
3435,4075.0,0.84
3436,4075.0,0.84
3437,4075.0,0.84
3438,4075.0,0.84
3439,4075.0,0.84
3440,4075.0,0.84
3441,4075.0,0.84
3442,4075.0,0.84
3443,4075.0,0.84
3444,4075.0,0.84
3445,4075.0,0.84
3446,4075.0,0.84
3447,4075.0,0.84
3448,4075.0,0.84
3449,4075.0,0.84
3450,4075.0,0.84
3451,4075.0,0.84
3452,4075.0,0.84
3453,4075.0,0.84
3454,4075.0,0.84
3455,4075.0,0.84
3456,4075.0,0.84
3457,4075.0,0.84
3458,4075.0,0.84
3459,4075.0,0.84
3460,4075.0,0.84
3461,4075.0,0.84
3462,4075.0,0.84
3463,4075.0,0.84
3464,4075.0,0.84
3465,4075.0,0.84
3466,4075.0,0.84
3467,4075.0,0.84
3468,4075.0,0.84
3469,4075.0,0.84
3470,4075.0,0.84
3471,4075.0,0.84
3472,4075.0,0.84
3473,4075.0,0.84
3474,4075.0,0.84
3475,4075.0,0.84
3476,4071.0,0.84
3477,4071.0,0.84
3478,4071.0,0.84
3479,4071.0,0.84
3480,4071.0,0.84
3481,4071.0,0.84
3482,4071.0,0.84
3483,4071.0,0.84
3484,4071.0,0.84
3485,4071.0,0.84
3486,4071.0,0.84
3487,4071.0,0.84
3488,4071.0,0.84
3489,4071.0,0.84
3490,4071.0,0.84
3491,4071.0,0.84
3492,4071.0,0.84
3493,4071.0,0.84
3494,4071.0,0.84
3495,4071.0,0.84
3496,4071.0,0.84
3497,4071.0,0.84
3498,4071.0,0.84
3499,4071.0,0.84
3500,4071.0,0.84
3501,4071.0,0.84
3502,4071.0,0.84
3503,4071.0,0.84
3504,4071.0,0.84
3505,4071.0,0.84
3506,4071.0,0.84
3507,4071.0,0.84
3508,4071.0,0.84
3509,4071.0,0.84
3510,4071.0,0.84
3511,4071.0,0.84
3512,4071.0,0.84
3513,4071.0,0.84
3514,4071.0,0.84
3515,4071.0,0.84
3516,4071.0,0.84
3517,4071.0,0.84
3518,4071.0,0.84
3519,4071.0,0.84
3520,4071.0,0.84
3521,4071.0,0.84
3522,4071.0,0.84
3523,4071.0,0.84
3524,4071.0,0.84
3525,4071.0,0.84
3526,4071.0,0.84
3527,4071.0,0.84
3528,4071.0,0.84
3529,4071.0,0.84
3530,4071.0,0.84
3531,4071.0,0.84
3532,4071.0,0.84
3533,4071.0,0.84
3534,4071.0,0.84
3535,4071.0,0.83
3536,4071.0,0.83
3537,4071.0,0.83
3538,4071.0,0.83
3539,4071.0,0.83
3540,4071.0,0.83
3541,4071.0,0.83
3542,4071.0,0.83
3543,4071.0,0.83
3544,4071.0,0.83
3545,4071.0,0.83
3546,4071.0,0.83
3547,4071.0,0.83
3548,4071.0,0.83
3549,4071.0,0.83
3550,4071.0,0.83
3551,4071.0,0.83
3552,4071.0,0.83
3553,4071.0,0.83
3554,4071.0,0.83
3555,4071.0,0.83
3556,4071.0,0.83
3557,4071.0,0.83
3558,4071.0,0.83
3559,4071.0,0.83
3560,4071.0,0.83
3561,4071.0,0.83
3562,4071.0,0.83
3563,4071.0,0.83
3564,4071.0,0.83
3565,4071.0,0.83
3566,4071.0,0.83
3567,4071.0,0.83
3568,4071.0,0.83
3569,4071.0,0.83
3570,4071.0,0.83
3571,4071.0,0.83
3572,4071.0,0.83
3573,4071.0,0.83
3574,4071.0,0.83
3575,4071.0,0.83
3576,4071.0,0.83
3577,4071.0,0.83
3578,4071.0,0.83
3579,4071.0,0.83
3580,4071.0,0.83
3581,4071.0,0.83
3582,4071.0,0.83
3583,4071.0,0.83
3584,4071.0,0.83
3585,4071.0,0.83
3586,4071.0,0.83
3587,4071.0,0.83
3588,4071.0,0.83
3589,4071.0,0.83
3590,4071.0,0.83
3591,4071.0,0.83
3592,4071.0,0.83
3593,4071.0,0.83
3594,4071.0,0.83
3595,4068.0,0.83
3596,4068.0,0.83
3597,4068.0,0.83
3598,4068.0,0.83
3599,4068.0,0.83
3600,4068.0,0.83
3601,4068.0,0.83
3602,4068.0,0.83
3603,4068.0,0.83
3604,4068.0,0.83
3605,4068.0,0.83
3606,4068.0,0.83
3607,4068.0,0.83
3608,4068.0,0.83
3609,4068.0,0.83
3610,4068.0,0.83
3611,4068.0,0.83
3612,4068.0,0.83
3613,4068.0,0.83
3614,4068.0,0.83
3615,4068.0,0.83
3616,4068.0,0.83
3617,4068.0,0.83
3618,4068.0,0.83
3619,4068.0,0.83
3620,4068.0,0.83
3621,4068.0,0.83
3622,4068.0,0.83
3623,4068.0,0.83
3624,4068.0,0.83
3625,4068.0,0.83
3626,4068.0,0.83
3627,4068.0,0.83
3628,4068.0,0.83
3629,4068.0,0.83
3630,4068.0,0.83
3631,4068.0,0.83
3632,4068.0,0.83
3633,4068.0,0.83
3634,4068.0,0.83
3635,4068.0,0.83
3636,4068.0,0.83
3637,4068.0,0.83
3638,4068.0,0.83
3639,4068.0,0.83
3640,4068.0,0.83
3641,4068.0,0.83
3642,4068.0,0.83
3643,4068.0,0.83
3644,4068.0,0.83
3645,4068.0,0.83
3646,4068.0,0.83
3647,4068.0,0.83
3648,4068.0,0.83
3649,4068.0,0.83
3650,4068.0,0.83
3651,4068.0,0.83
3652,4068.0,0.83
3653,4068.0,0.83
3654,4066.0,0.83
3655,4066.0,0.83
3656,4066.0,0.83
3657,4066.0,0.83
3658,4066.0,0.83
3659,4066.0,0.83
3660,4066.0,0.83
3661,4066.0,0.83
3662,4066.0,0.83
3663,4066.0,0.83
3664,4066.0,0.83
3665,4066.0,0.83
3666,4066.0,0.83
3667,4066.0,0.83
3668,4066.0,0.83
3669,4066.0,0.83
3670,4066.0,0.83
3671,4066.0,0.83
3672,4066.0,0.83
3673,4066.0,0.83
3674,4066.0,0.83
3675,4066.0,0.83
3676,4066.0,0.83
3677,4066.0,0.83
3678,4066.0,0.83
3679,4066.0,0.83
3680,4066.0,0.83
3681,4066.0,0.83
3682,4066.0,0.83
3683,4066.0,0.83
3684,4066.0,0.83
3685,4066.0,0.83
3686,4066.0,0.83
3687,4066.0,0.83
3688,4066.0,0.83
3689,4066.0,0.83
3690,4066.0,0.83
3691,4066.0,0.83
3692,4066.0,0.83
3693,4066.0,0.83
3694,4066.0,0.83
3695,4066.0,0.83
3696,4066.0,0.83
3697,4066.0,0.83
3698,4066.0,0.83
3699,4066.0,0.83
3700,4066.0,0.83
3701,4066.0,0.83
3702,4066.0,0.83
3703,4066.0,0.83
3704,4066.0,0.83
3705,4066.0,0.83
3706,4066.0,0.83
3707,4066.0,0.83
3708,4066.0,0.83
3709,4066.0,0.83
3710,4066.0,0.83
3711,4066.0,0.83
3712,4066.0,0.83
3713,4066.0,0.83
3714,4059.0,0.82
3715,4059.0,0.82
3716,4059.0,0.82
3717,4059.0,0.82
3718,4059.0,0.82
3719,4059.0,0.82
3720,4059.0,0.82
3721,4059.0,0.82
3722,4059.0,0.82
3723,4059.0,0.82
3724,4059.0,0.82
3725,4059.0,0.82
3726,4059.0,0.82
3727,4059.0,0.82
3728,4059.0,0.82
3729,4059.0,0.82
3730,4059.0,0.82
3731,4059.0,0.82
3732,4059.0,0.82
3733,4059.0,0.82
3734,4059.0,0.82
3735,4059.0,0.82
3736,4059.0,0.82
3737,4059.0,0.82
3738,4059.0,0.82
3739,4059.0,0.82
3740,4059.0,0.82
3741,4059.0,0.82
3742,4059.0,0.82
3743,4059.0,0.82
3744,4059.0,0.82
3745,4059.0,0.82
3746,4059.0,0.82
3747,4059.0,0.82
3748,4059.0,0.82
3749,4059.0,0.82
3750,4059.0,0.82
3751,4059.0,0.82
3752,4059.0,0.82
3753,4059.0,0.82
3754,4059.0,0.82
3755,4059.0,0.82
3756,4059.0,0.82
3757,4059.0,0.82
3758,4059.0,0.82
3759,4059.0,0.82
3760,4059.0,0.82
3761,4059.0,0.82
3762,4059.0,0.82
3763,4059.0,0.82
3764,4059.0,0.82
3765,4059.0,0.82
3766,4059.0,0.82
3767,4059.0,0.82
3768,4059.0,0.82
3769,4059.0,0.82
3770,4059.0,0.82
3771,4059.0,0.82
3772,4059.0,0.82
3773,4059.0,0.82
3774,4057.0,0.82
3775,4057.0,0.82
3776,4057.0,0.82
3777,4057.0,0.82
3778,4057.0,0.82
3779,4057.0,0.82
3780,4057.0,0.82
3781,4057.0,0.82
3782,4057.0,0.82
3783,4057.0,0.82
3784,4057.0,0.82
3785,4057.0,0.82
3786,4057.0,0.82
3787,4057.0,0.82
3788,4057.0,0.82
3789,4057.0,0.82
3790,4057.0,0.82
3791,4057.0,0.82
3792,4057.0,0.82
3793,4057.0,0.82
3794,4057.0,0.82
3795,4057.0,0.82
3796,4057.0,0.82
3797,4057.0,0.82
3798,4057.0,0.82
3799,4057.0,0.82
3800,4057.0,0.82
3801,4057.0,0.82
3802,4057.0,0.82
3803,4057.0,0.82
3804,4057.0,0.82
3805,4057.0,0.82
3806,4057.0,0.82
3807,4057.0,0.82
3808,4057.0,0.82
3809,4057.0,0.82
3810,4057.0,0.82
3811,4057.0,0.82
3812,4057.0,0.82
3813,4057.0,0.82
3814,4057.0,0.82
3815,4057.0,0.82
3816,4057.0,0.82
3817,4057.0,0.82
3818,4057.0,0.82
3819,4057.0,0.82
3820,4057.0,0.82
3821,4057.0,0.82
3822,4057.0,0.82
3823,4057.0,0.82
3824,4057.0,0.82
3825,4057.0,0.82
3826,4057.0,0.82
3827,4057.0,0.82
3828,4057.0,0.82
3829,4057.0,0.82
3830,4057.0,0.82
3831,4057.0,0.82
3832,4057.0,0.82
3833,4055.0,0.82
3834,4055.0,0.82
3835,4055.0,0.82
3836,4055.0,0.82
3837,4055.0,0.82
3838,4055.0,0.82
3839,4055.0,0.82
3840,4055.0,0.82
3841,4055.0,0.82
3842,4055.0,0.82
3843,4055.0,0.82
3844,4055.0,0.82
3845,4055.0,0.82
3846,4055.0,0.82
3847,4055.0,0.82
3848,4055.0,0.82
3849,4055.0,0.82
3850,4055.0,0.82
3851,4055.0,0.82
3852,4055.0,0.82
3853,4055.0,0.82
3854,4055.0,0.82
3855,4055.0,0.82
3856,4055.0,0.82
3857,4055.0,0.82
3858,4055.0,0.82
3859,4055.0,0.82
3860,4055.0,0.82
3861,4055.0,0.82
3862,4055.0,0.82
3863,4055.0,0.82
3864,4055.0,0.82
3865,4055.0,0.82
3866,4055.0,0.82
3867,4055.0,0.82
3868,4055.0,0.82
3869,4055.0,0.82
3870,4055.0,0.82
3871,4055.0,0.82
3872,4055.0,0.82
3873,4055.0,0.82
3874,4055.0,0.82
3875,4055.0,0.82
3876,4055.0,0.82
3877,4055.0,0.82
3878,4055.0,0.82
3879,4055.0,0.82
3880,4055.0,0.82
3881,4055.0,0.82
3882,4055.0,0.82
3883,4055.0,0.82
3884,4055.0,0.82
3885,4055.0,0.82
3886,4055.0,0.82
3887,4055.0,0.82
3888,4055.0,0.82
3889,4055.0,0.82
3890,4055.0,0.82
3891,4055.0,0.82
3892,4055.0,0.82
3893,4053.0,0.82
3894,4053.0,0.82
3895,4053.0,0.82
3896,4053.0,0.82
3897,4053.0,0.82
3898,4053.0,0.82
3899,4053.0,0.82
3900,4053.0,0.82
3901,4053.0,0.82
3902,4053.0,0.82
3903,4053.0,0.82
3904,4053.0,0.82
3905,4053.0,0.82
3906,4053.0,0.82
3907,4053.0,0.82
3908,4053.0,0.82
3909,4053.0,0.82
3910,4053.0,0.82
3911,4053.0,0.82
3912,4053.0,0.82
3913,4053.0,0.82
3914,4053.0,0.82
3915,4053.0,0.82
3916,4053.0,0.82
3917,4053.0,0.82
3918,4053.0,0.82
3919,4053.0,0.82
3920,4053.0,0.82
3921,4053.0,0.82
3922,4053.0,0.82
3923,4053.0,0.82
3924,4053.0,0.82
3925,4053.0,0.82
3926,4053.0,0.82
3927,4053.0,0.82
3928,4053.0,0.82
3929,4053.0,0.82
3930,4053.0,0.82
3931,4053.0,0.82
3932,4053.0,0.82
3933,4053.0,0.82
3934,4053.0,0.82
3935,4053.0,0.82
3936,4053.0,0.82
3937,4053.0,0.82
3938,4053.0,0.82
3939,4053.0,0.82
3940,4053.0,0.82
3941,4053.0,0.82
3942,4053.0,0.82
3943,4053.0,0.82
3944,4053.0,0.82
3945,4053.0,0.82
3946,4053.0,0.82
3947,4053.0,0.82
3948,4053.0,0.82
3949,4053.0,0.82
3950,4053.0,0.82
3951,4053.0,0.82
3952,4034.0,0.82
3953,4034.0,0.82
3954,4034.0,0.82
3955,4034.0,0.82
3956,4034.0,0.82
3957,4034.0,0.82
3958,4034.0,0.82
3959,4034.0,0.82
3960,4034.0,0.82
3961,4034.0,0.82
3962,4034.0,0.82
3963,4034.0,0.82
3964,4034.0,0.82
3965,4034.0,0.82
3966,4034.0,0.82
3967,4034.0,0.82
3968,4034.0,0.82
3969,4034.0,0.82
3970,4034.0,0.82
3971,4034.0,0.82
3972,4034.0,0.82
3973,4034.0,0.82
3974,4034.0,0.82
3975,4034.0,0.82
3976,4034.0,0.82
3977,4034.0,0.82
3978,4034.0,0.82
3979,4034.0,0.82
3980,4034.0,0.82
3981,4034.0,0.82
3982,4034.0,0.82
3983,4034.0,0.82
3984,4034.0,0.82
3985,4034.0,0.82
3986,4034.0,0.82
3987,4034.0,0.82
3988,4034.0,0.82
3989,4034.0,0.82
3990,4034.0,0.82
3991,4034.0,0.82
3992,4034.0,0.82
3993,4034.0,0.82
3994,4034.0,0.82
3995,4034.0,0.82
3996,4034.0,0.82
3997,4034.0,0.82
3998,4034.0,0.82
3999,4034.0,0.82
4000,4034.0,0.82
4001,4034.0,0.82
4002,4034.0,0.82
4003,4034.0,0.82
4004,4034.0,0.82
4005,4034.0,0.82
4006,4034.0,0.82
4007,4034.0,0.82
4008,4034.0,0.82
4009,4034.0,0.82
4010,4034.0,0.82
4011,4034.0,0.82
4012,4051.0,0.81
4013,4051.0,0.81
4014,4051.0,0.81
4015,4051.0,0.81
4016,4051.0,0.81
4017,4051.0,0.81
4018,4051.0,0.81
4019,4051.0,0.81
4020,4051.0,0.81
4021,4051.0,0.81
4022,4051.0,0.81
4023,4051.0,0.81
4024,4051.0,0.81
4025,4051.0,0.81
4026,4051.0,0.81
4027,4051.0,0.81
4028,4051.0,0.81
4029,4051.0,0.81
4030,4051.0,0.81
4031,4051.0,0.81
4032,4051.0,0.81
4033,4051.0,0.81
4034,4051.0,0.81
4035,4051.0,0.81
4036,4051.0,0.81
4037,4051.0,0.81
4038,4051.0,0.81
4039,4051.0,0.81
4040,4051.0,0.81
4041,4051.0,0.81
4042,4051.0,0.81
4043,4051.0,0.81
4044,4051.0,0.81
4045,4051.0,0.81
4046,4051.0,0.81
4047,4051.0,0.81
4048,4051.0,0.81
4049,4051.0,0.81
4050,4051.0,0.81
4051,4051.0,0.81
4052,4051.0,0.81
4053,4051.0,0.81
4054,4051.0,0.81
4055,4051.0,0.81
4056,4051.0,0.81
4057,4051.0,0.81
4058,4051.0,0.81
4059,4051.0,0.81
4060,4051.0,0.81
4061,4051.0,0.81
4062,4051.0,0.81
4063,4051.0,0.81
4064,4051.0,0.81
4065,4051.0,0.81
4066,4051.0,0.81
4067,4051.0,0.81
4068,4051.0,0.81
4069,4051.0,0.81
4070,4051.0,0.81
4071,4051.0,0.81
4072,4049.0,0.81
4073,4049.0,0.81
4074,4049.0,0.81
4075,4049.0,0.81
4076,4049.0,0.81
4077,4049.0,0.81
4078,4049.0,0.81
4079,4049.0,0.81
4080,4049.0,0.81
4081,4049.0,0.81
4082,4049.0,0.81
4083,4049.0,0.81
4084,4049.0,0.81
4085,4049.0,0.81
4086,4049.0,0.81
4087,4049.0,0.81
4088,4049.0,0.81
4089,4049.0,0.81
4090,4049.0,0.81
4091,4049.0,0.81
4092,4049.0,0.81
4093,4049.0,0.81
4094,4049.0,0.81
4095,4049.0,0.81
4096,4049.0,0.81
4097,4049.0,0.81
4098,4049.0,0.81
4099,4049.0,0.81
4100,4049.0,0.81
4101,4049.0,0.81
4102,4049.0,0.81
4103,4049.0,0.81
4104,4049.0,0.81
4105,4049.0,0.81
4106,4049.0,0.81
4107,4049.0,0.81
4108,4049.0,0.81
4109,4049.0,0.81
4110,4049.0,0.81
4111,4049.0,0.81
4112,4049.0,0.81
4113,4049.0,0.81
4114,4049.0,0.81
4115,4049.0,0.81
4116,4049.0,0.81
4117,4049.0,0.81
4118,4049.0,0.81
4119,4049.0,0.81
4120,4049.0,0.81
4121,4049.0,0.81
4122,4049.0,0.81
4123,4049.0,0.81
4124,4049.0,0.81
4125,4049.0,0.81
4126,4049.0,0.81
4127,4049.0,0.81
4128,4049.0,0.81
4129,4049.0,0.81
4130,4049.0,0.81
4131,4044.0,0.81
4132,4044.0,0.81
4133,4044.0,0.81
4134,4044.0,0.81
4135,4044.0,0.81
4136,4044.0,0.81
4137,4044.0,0.81
4138,4044.0,0.81
4139,4044.0,0.81
4140,4044.0,0.81
4141,4044.0,0.81
4142,4044.0,0.81
4143,4044.0,0.81
4144,4044.0,0.81
4145,4044.0,0.81
4146,4044.0,0.81
4147,4044.0,0.81
4148,4044.0,0.81
4149,4044.0,0.81
4150,4044.0,0.81
4151,4044.0,0.81
4152,4044.0,0.81
4153,4044.0,0.81
4154,4044.0,0.81
4155,4044.0,0.81
4156,4044.0,0.81
4157,4044.0,0.81
4158,4044.0,0.81
4159,4044.0,0.81
4160,4044.0,0.81
4161,4044.0,0.81
4162,4044.0,0.81
4163,4044.0,0.81
4164,4044.0,0.81
4165,4044.0,0.81
4166,4044.0,0.81
4167,4044.0,0.81
4168,4044.0,0.81
4169,4044.0,0.81
4170,4044.0,0.81
4171,4044.0,0.81
4172,4044.0,0.81
4173,4044.0,0.81
4174,4044.0,0.81
4175,4044.0,0.81
4176,4044.0,0.81
4177,4044.0,0.81
4178,4044.0,0.81
4179,4044.0,0.81
4180,4044.0,0.81
4181,4044.0,0.81
4182,4044.0,0.81
4183,4044.0,0.81
4184,4044.0,0.81
4185,4044.0,0.81
4186,4044.0,0.81
4187,4044.0,0.81
4188,4044.0,0.81
4189,4044.0,0.81
4190,4044.0,0.81
4191,4041.0,0.81
4192,4041.0,0.81
4193,4041.0,0.81
4194,4041.0,0.81
4195,4041.0,0.81
4196,4041.0,0.81
4197,4041.0,0.81
4198,4041.0,0.81
4199,4041.0,0.81
4200,4041.0,0.81
4201,4041.0,0.81
4202,4041.0,0.81
4203,4041.0,0.81
4204,4041.0,0.81
4205,4041.0,0.81
4206,4041.0,0.8
4207,4041.0,0.8
4208,4041.0,0.8
4209,4041.0,0.8
4210,4041.0,0.8
4211,4041.0,0.8
4212,4041.0,0.8
4213,4041.0,0.8
4214,4041.0,0.8
4215,4041.0,0.8
4216,4041.0,0.8
4217,4041.0,0.8
4218,4041.0,0.8
4219,4041.0,0.8
4220,4041.0,0.8
4221,4041.0,0.8
4222,4041.0,0.8
4223,4041.0,0.8
4224,4041.0,0.8
4225,4041.0,0.8
4226,4041.0,0.8
4227,4041.0,0.8
4228,4041.0,0.8
4229,4041.0,0.8
4230,4041.0,0.8
4231,4041.0,0.8
4232,4041.0,0.8
4233,4041.0,0.8
4234,4041.0,0.8
4235,4041.0,0.8
4236,4041.0,0.8
4237,4041.0,0.8
4238,4041.0,0.8
4239,4041.0,0.8
4240,4041.0,0.8
4241,4041.0,0.8
4242,4041.0,0.8
4243,4041.0,0.8
4244,4041.0,0.8
4245,4041.0,0.8
4246,4041.0,0.8
4247,4041.0,0.8
4248,4041.0,0.8
4249,4041.0,0.8
4250,4039.0,0.8
4251,4039.0,0.8
4252,4039.0,0.8
4253,4039.0,0.8
4254,4039.0,0.8
4255,4039.0,0.8
4256,4039.0,0.8
4257,4039.0,0.8
4258,4039.0,0.8
4259,4039.0,0.8
4260,4039.0,0.8
4261,4039.0,0.8
4262,4039.0,0.8
4263,4039.0,0.8
4264,4039.0,0.8
4265,4039.0,0.8
4266,4039.0,0.8
4267,4039.0,0.8
4268,4039.0,0.8
4269,4039.0,0.8
4270,4039.0,0.8
4271,4039.0,0.8
4272,4039.0,0.8
4273,4039.0,0.8
4274,4039.0,0.8
4275,4039.0,0.8
4276,4039.0,0.8
4277,4039.0,0.8
4278,4039.0,0.8
4279,4039.0,0.8
4280,4039.0,0.8
4281,4039.0,0.8
4282,4039.0,0.8
4283,4039.0,0.8
4284,4039.0,0.8
4285,4039.0,0.8
4286,4039.0,0.8
4287,4039.0,0.8
4288,4039.0,0.8
4289,4039.0,0.8
4290,4039.0,0.8
4291,4039.0,0.8
4292,4039.0,0.8
4293,4039.0,0.8
4294,4039.0,0.8
4295,4039.0,0.8
4296,4039.0,0.8
4297,4039.0,0.8
4298,4039.0,0.8
4299,4039.0,0.8
4300,4039.0,0.8
4301,4039.0,0.8
4302,4039.0,0.8
4303,4039.0,0.8
4304,4039.0,0.8
4305,4039.0,0.8
4306,4039.0,0.8
4307,4039.0,0.8
4308,4039.0,0.8
4309,4039.0,0.8
4310,4039.0,0.8
4311,4039.0,0.8
4312,4039.0,0.8
4313,4039.0,0.8
4314,4039.0,0.8
4315,4039.0,0.8
4316,4039.0,0.8
4317,4039.0,0.8
4318,4039.0,0.8
4319,4039.0,0.8
4320,4039.0,0.8
4321,4039.0,0.8
4322,4039.0,0.8
4323,4039.0,0.8
4324,4039.0,0.8
4325,4039.0,0.8
4326,4039.0,0.8
4327,4039.0,0.8
4328,4039.0,0.8
4329,4039.0,0.8
4330,4039.0,0.8
4331,4039.0,0.8
4332,4039.0,0.8
4333,4039.0,0.8
4334,4039.0,0.8
4335,4039.0,0.8
4336,4039.0,0.8
4337,4039.0,0.8
4338,4039.0,0.8
4339,4039.0,0.8
4340,4039.0,0.8
4341,4039.0,0.8
4342,4039.0,0.8
4343,4039.0,0.8
4344,4039.0,0.8
4345,4039.0,0.8
4346,4039.0,0.8
4347,4039.0,0.8
4348,4039.0,0.8
4349,4039.0,0.8
4350,4039.0,0.8
4351,4039.0,0.8
4352,4039.0,0.8
4353,4039.0,0.8
4354,4039.0,0.8
4355,4039.0,0.8
4356,4039.0,0.8
4357,4039.0,0.8
4358,4039.0,0.8
4359,4039.0,0.8
4360,4039.0,0.8
4361,4039.0,0.8
4362,4039.0,0.8
4363,4039.0,0.8
4364,4039.0,0.8
4365,4039.0,0.8
4366,4039.0,0.8
4367,4039.0,0.8
4368,4039.0,0.8
4369,4034.0,0.8
4370,4034.0,0.8
4371,4034.0,0.8
4372,4034.0,0.8
4373,4034.0,0.8
4374,4034.0,0.8
4375,4034.0,0.8
4376,4034.0,0.8
4377,4034.0,0.8
4378,4034.0,0.8
4379,4034.0,0.8
4380,4034.0,0.8
4381,4034.0,0.8
4382,4034.0,0.8
4383,4034.0,0.8
4384,4034.0,0.8
4385,4034.0,0.8
4386,4034.0,0.8
4387,4034.0,0.8
4388,4034.0,0.8
4389,4034.0,0.8
4390,4034.0,0.8
4391,4034.0,0.8
4392,4034.0,0.8
4393,4034.0,0.8
4394,4034.0,0.8
4395,4034.0,0.8
4396,4034.0,0.8
4397,4034.0,0.8
4398,4034.0,0.8
4399,4034.0,0.8
4400,4034.0,0.8
4401,4034.0,0.8
4402,4034.0,0.8
4403,4034.0,0.8
4404,4034.0,0.8
4405,4034.0,0.8
4406,4034.0,0.8
4407,4034.0,0.8
4408,4034.0,0.8
4409,4034.0,0.8
4410,4034.0,0.8
4411,4034.0,0.8
4412,4034.0,0.8
4413,4034.0,0.8
4414,4034.0,0.8
4415,4034.0,0.8
4416,4034.0,0.8
4417,4034.0,0.8
4418,4034.0,0.8
4419,4034.0,0.8
4420,4034.0,0.8
4421,4034.0,0.8
4422,4034.0,0.8
4423,4034.0,0.8
4424,4034.0,0.8
4425,4034.0,0.8
4426,4034.0,0.8
4427,4034.0,0.8
4428,4034.0,0.8
4429,4033.0,0.8
4430,4033.0,0.8
4431,4033.0,0.8
4432,4033.0,0.8
4433,4033.0,0.8
4434,4033.0,0.8
4435,4033.0,0.8
4436,4033.0,0.8
4437,4033.0,0.8
4438,4033.0,0.8
4439,4033.0,0.8
4440,4033.0,0.8
4441,4033.0,0.8
4442,4033.0,0.8
4443,4033.0,0.8
4444,4033.0,0.8
4445,4033.0,0.8
4446,4033.0,0.8
4447,4033.0,0.8
4448,4033.0,0.8
4449,4033.0,0.8
4450,4033.0,0.8
4451,4033.0,0.8
4452,4033.0,0.8
4453,4033.0,0.8
4454,4033.0,0.8
4455,4033.0,0.8
4456,4033.0,0.8
4457,4033.0,0.8
4458,4033.0,0.8
4459,4033.0,0.8
4460,4033.0,0.8
4461,4033.0,0.8
4462,4033.0,0.8
4463,4033.0,0.8
4464,4033.0,0.8
4465,4033.0,0.8
4466,4033.0,0.8
4467,4033.0,0.8
4468,4033.0,0.8
4469,4033.0,0.8
4470,4033.0,0.8
4471,4033.0,0.8
4472,4033.0,0.8
4473,4033.0,0.8
4474,4033.0,0.8
4475,4033.0,0.8
4476,4033.0,0.8
4477,4033.0,0.8
4478,4033.0,0.8
4479,4033.0,0.8
4480,4033.0,0.8
4481,4033.0,0.8
4482,4033.0,0.8
4483,4033.0,0.8
4484,4033.0,0.8
4485,4033.0,0.8
4486,4033.0,0.8
4487,4033.0,0.8
4488,4028.0,0.8
4489,4028.0,0.8
4490,4028.0,0.8
4491,4028.0,0.8
4492,4028.0,0.8
4493,4028.0,0.8
4494,4028.0,0.8
4495,4028.0,0.8
4496,4028.0,0.8
4497,4028.0,0.8
4498,4028.0,0.8
4499,4028.0,0.8
4500,4028.0,0.8
4501,4028.0,0.8
4502,4028.0,0.8
4503,4028.0,0.8
4504,4028.0,0.8
4505,4028.0,0.8
4506,4028.0,0.8
4507,4028.0,0.8
4508,4028.0,0.8
4509,4028.0,0.8
4510,4028.0,0.8
4511,4028.0,0.8
4512,4028.0,0.8
4513,4028.0,0.8
4514,4028.0,0.8
4515,4028.0,0.8
4516,4028.0,0.8
4517,4028.0,0.8
4518,4028.0,0.8
4519,4028.0,0.8
4520,4028.0,0.8
4521,4028.0,0.8
4522,4028.0,0.8
4523,4028.0,0.8
4524,4028.0,0.8
4525,4028.0,0.8
4526,4028.0,0.8
4527,4028.0,0.8
4528,4028.0,0.8
4529,4028.0,0.8
4530,4028.0,0.8
4531,4028.0,0.8
4532,4028.0,0.8
4533,4028.0,0.8
4534,4028.0,0.8
4535,4028.0,0.8
4536,4028.0,0.8
4537,4028.0,0.8
4538,4028.0,0.8
4539,4028.0,0.8
4540,4028.0,0.8
4541,4028.0,0.8
4542,4028.0,0.8
4543,4028.0,0.8
4544,4028.0,0.8
4545,4028.0,0.8
4546,4028.0,0.8
4547,4028.0,0.8
4548,4023.0,0.79
4549,4023.0,0.79
4550,4023.0,0.79
4551,4023.0,0.79
4552,4023.0,0.79
4553,4023.0,0.79
4554,4023.0,0.79
4555,4023.0,0.79
4556,4023.0,0.79
4557,4023.0,0.79
4558,4023.0,0.79
4559,4023.0,0.79
4560,4023.0,0.79
4561,4023.0,0.79
4562,4023.0,0.79
4563,4023.0,0.79
4564,4023.0,0.79
4565,4023.0,0.79
4566,4023.0,0.79
4567,4023.0,0.79
4568,4023.0,0.79
4569,4023.0,0.79
4570,4023.0,0.79
4571,4023.0,0.79
4572,4023.0,0.79
4573,4023.0,0.79
4574,4023.0,0.79
4575,4023.0,0.79
4576,4023.0,0.79
4577,4023.0,0.79
4578,4023.0,0.79
4579,4023.0,0.79
4580,4023.0,0.79
4581,4023.0,0.79
4582,4023.0,0.79
4583,4023.0,0.79
4584,4023.0,0.79
4585,4023.0,0.79
4586,4023.0,0.79
4587,4023.0,0.79
4588,4023.0,0.79
4589,4023.0,0.79
4590,4023.0,0.79
4591,4023.0,0.79
4592,4023.0,0.79
4593,4023.0,0.79
4594,4023.0,0.79
4595,4023.0,0.79
4596,4023.0,0.79
4597,4023.0,0.79
4598,4023.0,0.79
4599,4023.0,0.79
4600,4023.0,0.79
4601,4023.0,0.79
4602,4023.0,0.79
4603,4023.0,0.79
4604,4027.0,0.79
4605,4027.0,0.79
4606,4027.0,0.79
4607,4027.0,0.79
4608,4024.0,0.79
4609,4024.0,0.79
4610,4024.0,0.79
4611,4024.0,0.79
4612,4024.0,0.79
4613,4024.0,0.79
4614,4024.0,0.79
4615,4024.0,0.79
4616,4024.0,0.79
4617,4024.0,0.79
4618,4024.0,0.79
4619,4024.0,0.79
4620,4024.0,0.79
4621,4024.0,0.79
4622,4024.0,0.79
4623,4024.0,0.79
4624,4024.0,0.79
4625,4024.0,0.79
4626,4024.0,0.79
4627,4024.0,0.79
4628,4024.0,0.79
4629,4024.0,0.79
4630,4024.0,0.79
4631,4024.0,0.79
4632,4024.0,0.79
4633,4024.0,0.79
4634,4024.0,0.79
4635,4024.0,0.79
4636,4024.0,0.79
4637,4024.0,0.79
4638,4024.0,0.79
4639,4024.0,0.79
4640,4024.0,0.79
4641,4024.0,0.79
4642,4024.0,0.79
4643,4024.0,0.79
4644,4024.0,0.79
4645,4024.0,0.79
4646,4024.0,0.79
4647,4024.0,0.79
4648,4024.0,0.79
4649,4024.0,0.79
4650,4024.0,0.79
4651,4024.0,0.79
4652,4024.0,0.79
4653,4024.0,0.79
4654,4024.0,0.79
4655,4024.0,0.79
4656,4024.0,0.79
4657,4024.0,0.79
4658,4024.0,0.79
4659,4024.0,0.79
4660,4024.0,0.79
4661,4024.0,0.79
4662,4024.0,0.79
4663,4024.0,0.79
4664,4024.0,0.79
4665,4024.0,0.79
4666,4024.0,0.79
4667,4020.0,0.79
4668,4020.0,0.79
4669,4020.0,0.79
4670,4020.0,0.79
4671,4020.0,0.79
4672,4020.0,0.79
4673,4020.0,0.79
4674,4020.0,0.79
4675,4020.0,0.79
4676,4020.0,0.79
4677,4020.0,0.79
4678,4020.0,0.79
4679,4020.0,0.79
4680,4020.0,0.79
4681,4020.0,0.79
4682,4020.0,0.79
4683,4020.0,0.79
4684,4020.0,0.79
4685,4020.0,0.79
4686,4020.0,0.79
4687,4020.0,0.79
4688,4020.0,0.79
4689,4020.0,0.79
4690,4020.0,0.79
4691,4020.0,0.79
4692,4020.0,0.79
4693,4020.0,0.79
4694,4020.0,0.79
4695,4020.0,0.79
4696,4020.0,0.79
4697,4020.0,0.79
4698,4020.0,0.79
4699,4020.0,0.79
4700,4020.0,0.79
4701,4020.0,0.79
4702,4020.0,0.79
4703,4020.0,0.79
4704,4020.0,0.79
4705,4020.0,0.79
4706,4020.0,0.79
4707,4020.0,0.79
4708,4020.0,0.79
4709,4020.0,0.79
4710,4020.0,0.79
4711,4020.0,0.79
4712,4020.0,0.79
4713,4020.0,0.79
4714,4020.0,0.79
4715,4020.0,0.79
4716,4020.0,0.79
4717,4020.0,0.79
4718,4020.0,0.79
4719,4020.0,0.79
4720,4020.0,0.79
4721,4020.0,0.79
4722,4020.0,0.79
4723,4020.0,0.79
4724,4020.0,0.79
4725,4020.0,0.79
4726,4020.0,0.79
4727,4018.0,0.78
4728,4018.0,0.78
4729,4018.0,0.78
4730,4018.0,0.78
4731,4018.0,0.78
4732,4018.0,0.78
4733,4018.0,0.78
4734,4018.0,0.78
4735,4018.0,0.78
4736,4018.0,0.78
4737,4018.0,0.78
4738,4018.0,0.78
4739,4018.0,0.78
4740,4018.0,0.78
4741,4018.0,0.78
4742,4018.0,0.78
4743,4018.0,0.78
4744,4018.0,0.78
4745,4018.0,0.78
4746,4018.0,0.78
4747,4018.0,0.78
4748,4018.0,0.78
4749,4018.0,0.78
4750,4018.0,0.78
4751,4018.0,0.78
4752,4018.0,0.78
4753,4018.0,0.78
4754,4018.0,0.78
4755,4018.0,0.78
4756,4018.0,0.78
4757,4018.0,0.78
4758,4018.0,0.78
4759,4018.0,0.78
4760,4018.0,0.78
4761,4018.0,0.78
4762,4018.0,0.78
4763,4018.0,0.78
4764,4018.0,0.78
4765,4018.0,0.78
4766,4018.0,0.78
4767,4018.0,0.78
4768,4018.0,0.78
4769,4018.0,0.78
4770,4018.0,0.78
4771,4018.0,0.78
4772,4018.0,0.78
4773,4018.0,0.78
4774,4018.0,0.78
4775,4018.0,0.78
4776,4018.0,0.78
4777,4018.0,0.78
4778,4018.0,0.78
4779,4018.0,0.78
4780,4018.0,0.78
4781,4018.0,0.78
4782,4018.0,0.78
4783,4018.0,0.78
4784,4018.0,0.78
4785,4018.0,0.78
4786,4018.0,0.78
4787,4018.0,0.78
4788,4018.0,0.78
4789,4018.0,0.78
4790,4018.0,0.78
4791,4018.0,0.78
4792,4018.0,0.78
4793,4018.0,0.78
4794,4018.0,0.78
4795,4018.0,0.78
4796,4018.0,0.78
4797,4018.0,0.78
4798,4018.0,0.78
4799,4018.0,0.78
4800,4018.0,0.78
4801,4018.0,0.78
4802,4018.0,0.78
4803,4018.0,0.78
4804,4018.0,0.78
4805,4018.0,0.78
4806,4018.0,0.78
4807,4018.0,0.78
4808,4018.0,0.78
4809,4018.0,0.78
4810,4018.0,0.78
4811,4018.0,0.78
4812,4018.0,0.78
4813,4018.0,0.78
4814,4018.0,0.78
4815,4018.0,0.78
4816,4018.0,0.78
4817,4018.0,0.78
4818,4018.0,0.78
4819,4018.0,0.78
4820,4018.0,0.78
4821,4018.0,0.78
4822,4018.0,0.78
4823,4018.0,0.78
4824,4018.0,0.78
4825,4018.0,0.78
4826,4018.0,0.78
4827,4018.0,0.78
4828,4018.0,0.78
4829,4018.0,0.78
4830,4018.0,0.78
4831,4018.0,0.78
4832,4018.0,0.78
4833,4018.0,0.78
4834,4018.0,0.78
4835,4018.0,0.78
4836,4018.0,0.78
4837,4018.0,0.78
4838,4018.0,0.78
4839,4018.0,0.78
4840,4018.0,0.78
4841,4018.0,0.78
4842,4018.0,0.78
4843,4018.0,0.78
4844,4018.0,0.78
4845,4018.0,0.78
4846,4017.0,0.78
4847,4017.0,0.78
4848,4017.0,0.78
4849,4017.0,0.78
4850,4017.0,0.78
4851,4017.0,0.78
4852,4017.0,0.78
4853,4017.0,0.78
4854,4017.0,0.78
4855,4017.0,0.78
4856,4017.0,0.78
4857,4017.0,0.78
4858,4017.0,0.78
4859,4017.0,0.78
4860,4017.0,0.78
4861,4017.0,0.78
4862,4017.0,0.78
4863,4017.0,0.78
4864,4017.0,0.78
4865,4017.0,0.78
4866,4017.0,0.78
4867,4017.0,0.78
4868,4017.0,0.78
4869,4017.0,0.78
4870,4017.0,0.78
4871,4017.0,0.78
4872,4017.0,0.78
4873,4017.0,0.78
4874,4017.0,0.78
4875,4017.0,0.78
4876,4017.0,0.78
4877,4017.0,0.78
4878,4017.0,0.78
4879,4017.0,0.78
4880,4017.0,0.78
4881,4017.0,0.78
4882,4017.0,0.78
4883,4017.0,0.78
4884,4017.0,0.78
4885,4017.0,0.78
4886,4017.0,0.78
4887,4017.0,0.78
4888,4017.0,0.78
4889,4017.0,0.78
4890,4017.0,0.78
4891,4017.0,0.78
4892,4017.0,0.78
4893,4017.0,0.78
4894,4017.0,0.78
4895,4017.0,0.78
4896,4017.0,0.78
4897,4017.0,0.78
4898,4017.0,0.78
4899,4017.0,0.78
4900,4017.0,0.78
4901,4017.0,0.78
4902,4017.0,0.78
4903,4017.0,0.78
4904,4017.0,0.78
4905,4017.0,0.78
4906,3997.0,0.78
4907,3997.0,0.78
4908,3997.0,0.78
4909,3997.0,0.78
4910,3997.0,0.78
4911,3997.0,0.78
4912,3997.0,0.78
4913,3997.0,0.78
4914,3997.0,0.78
4915,3997.0,0.78
4916,3997.0,0.78
4917,3997.0,0.78
4918,3997.0,0.78
4919,3997.0,0.78
4920,3997.0,0.78
4921,3997.0,0.78
4922,3997.0,0.78
4923,3997.0,0.78
4924,3997.0,0.78
4925,3997.0,0.78
4926,3997.0,0.78
4927,3997.0,0.78
4928,3997.0,0.78
4929,3997.0,0.78
4930,3997.0,0.78
4931,3997.0,0.78
4932,3997.0,0.78
4933,3997.0,0.78
4934,3997.0,0.78
4935,3997.0,0.78
4936,3997.0,0.78
4937,3997.0,0.78
4938,3997.0,0.78
4939,3997.0,0.78
4940,3997.0,0.78
4941,3997.0,0.78
4942,3997.0,0.78
4943,3997.0,0.78
4944,3997.0,0.78
4945,3997.0,0.78
4946,3997.0,0.78
4947,3997.0,0.78
4948,3997.0,0.78
4949,3997.0,0.78
4950,3997.0,0.78
4951,3997.0,0.78
4952,3997.0,0.78
4953,3997.0,0.78
4954,3997.0,0.78
4955,3997.0,0.78
4956,3997.0,0.78
4957,3997.0,0.78
4958,3997.0,0.78
4959,3997.0,0.78
4960,3997.0,0.78
4961,3997.0,0.78
4962,3997.0,0.78
4963,3997.0,0.78
4964,3997.0,0.78
4965,4010.0,0.78
4966,4010.0,0.78
4967,4010.0,0.78
4968,4010.0,0.78
4969,4010.0,0.78
4970,4010.0,0.78
4971,4010.0,0.78
4972,4010.0,0.78
4973,4010.0,0.78
4974,4010.0,0.78
4975,4010.0,0.78
4976,4010.0,0.78
4977,4010.0,0.78
4978,4010.0,0.78
4979,4010.0,0.78
4980,4010.0,0.78
4981,4010.0,0.78
4982,4010.0,0.78
4983,4010.0,0.78
4984,4010.0,0.78
4985,4010.0,0.78
4986,4010.0,0.78
4987,4010.0,0.78
4988,4010.0,0.78
4989,4010.0,0.78
4990,4010.0,0.78
4991,4010.0,0.78
4992,4010.0,0.78
4993,4010.0,0.78
4994,4008.0,0.77
4995,4008.0,0.77
4996,4008.0,0.77
4997,4008.0,0.77
4998,4008.0,0.77
4999,4008.0,0.77
5000,4008.0,0.77
5001,4008.0,0.77
5002,4008.0,0.77
5003,4008.0,0.77
5004,4008.0,0.77
5005,4008.0,0.77
5006,4008.0,0.77
5007,4008.0,0.77
5008,4008.0,0.77
5009,4008.0,0.77
5010,4008.0,0.77
5011,4008.0,0.77
5012,4008.0,0.77
5013,4008.0,0.77
5014,4008.0,0.77
5015,4008.0,0.77
5016,4008.0,0.77
5017,4008.0,0.77
5018,4008.0,0.77
5019,4008.0,0.77
5020,4008.0,0.77
5021,4008.0,0.77
5022,4008.0,0.77
5023,4008.0,0.77
5024,4008.0,0.77
5025,4008.0,0.77
5026,4008.0,0.77
5027,4008.0,0.77
5028,4008.0,0.77
5029,4008.0,0.77
5030,4008.0,0.77
5031,4008.0,0.77
5032,4008.0,0.77
5033,4008.0,0.77
5034,4008.0,0.77
5035,4008.0,0.77
5036,4008.0,0.77
5037,4008.0,0.77
5038,4008.0,0.77
5039,4008.0,0.77
5040,4008.0,0.77
5041,4008.0,0.77
5042,4008.0,0.77
5043,4008.0,0.77
5044,4008.0,0.77
5045,4008.0,0.77
5046,4008.0,0.77
5047,4008.0,0.77
5048,4008.0,0.77
5049,4008.0,0.77
5050,4008.0,0.77
5051,4008.0,0.77
5052,4008.0,0.77
5053,4008.0,0.77
5054,4008.0,0.77
5055,4008.0,0.77
5056,4008.0,0.77
5057,4008.0,0.77
5058,4008.0,0.77
5059,4008.0,0.77
5060,4008.0,0.77
5061,4008.0,0.77
5062,4008.0,0.77
5063,4008.0,0.77
5064,4008.0,0.77
5065,4008.0,0.77
5066,4008.0,0.77
5067,4008.0,0.77
5068,4008.0,0.77
5069,4008.0,0.77
5070,4008.0,0.77
5071,4008.0,0.77
5072,4008.0,0.77
5073,4008.0,0.77
5074,4008.0,0.77
5075,4008.0,0.77
5076,4008.0,0.77
5077,4008.0,0.77
5078,4008.0,0.77
5079,4008.0,0.77
5080,4008.0,0.77
5081,4008.0,0.77
5082,4008.0,0.77
5083,4008.0,0.77
5084,4005.0,0.77
5085,4005.0,0.77
5086,4005.0,0.77
5087,4005.0,0.77
5088,4005.0,0.77
5089,4005.0,0.77
5090,4005.0,0.77
5091,4005.0,0.77
5092,4005.0,0.77
5093,4005.0,0.77
5094,4005.0,0.77
5095,4005.0,0.77
5096,4005.0,0.77
5097,4005.0,0.77
5098,4005.0,0.77
5099,4005.0,0.77
5100,4005.0,0.77
5101,4005.0,0.77
5102,4005.0,0.77
5103,4005.0,0.77
5104,4005.0,0.77
5105,4005.0,0.77
5106,4005.0,0.77
5107,4005.0,0.77
5108,4005.0,0.77
5109,4005.0,0.77
5110,4005.0,0.77
5111,4005.0,0.77
5112,4005.0,0.77
5113,4005.0,0.77
5114,4005.0,0.77
5115,4005.0,0.77
5116,4005.0,0.77
5117,4005.0,0.77
5118,4005.0,0.77
5119,4005.0,0.77
5120,4005.0,0.77
5121,4005.0,0.77
5122,4005.0,0.77
5123,4005.0,0.77
5124,4005.0,0.77
5125,4005.0,0.77
5126,4005.0,0.77
5127,4005.0,0.77
5128,4005.0,0.77
5129,4005.0,0.77
5130,4005.0,0.77
5131,4005.0,0.77
5132,4005.0,0.77
5133,4005.0,0.77
5134,4005.0,0.77
5135,4005.0,0.77
5136,4005.0,0.77
5137,4005.0,0.77
5138,4005.0,0.77
5139,4005.0,0.77
5140,4005.0,0.77
5141,4005.0,0.77
5142,4005.0,0.77
5143,4005.0,0.77
5144,3995.0,0.77
5145,3995.0,0.77
5146,3995.0,0.77
5147,3995.0,0.77
5148,3995.0,0.77
5149,3995.0,0.77
5150,3995.0,0.77
5151,3995.0,0.77
5152,3995.0,0.77
5153,3995.0,0.77
5154,3995.0,0.77
5155,3995.0,0.77
5156,3995.0,0.77
5157,3995.0,0.77
5158,3995.0,0.77
5159,3995.0,0.77
5160,3995.0,0.77
5161,3995.0,0.77
5162,3995.0,0.77
5163,3995.0,0.77
5164,3995.0,0.77
5165,3995.0,0.77
5166,3995.0,0.77
5167,3995.0,0.77
5168,3995.0,0.77
5169,3995.0,0.77
5170,3995.0,0.77
5171,3995.0,0.77
5172,3995.0,0.77
5173,3995.0,0.77
5174,3995.0,0.77
5175,3995.0,0.77
5176,3995.0,0.77
5177,3995.0,0.77
5178,3995.0,0.77
5179,3995.0,0.77
5180,3995.0,0.77
5181,3995.0,0.77
5182,3995.0,0.77
5183,3995.0,0.77
5184,3995.0,0.77
5185,3995.0,0.77
5186,3995.0,0.77
5187,3995.0,0.77
5188,3995.0,0.77
5189,3995.0,0.77
5190,3995.0,0.77
5191,3995.0,0.77
5192,3995.0,0.77
5193,3995.0,0.77
5194,3995.0,0.77
5195,3995.0,0.77
5196,3995.0,0.77
5197,3995.0,0.77
5198,3995.0,0.77
5199,3995.0,0.77
5200,3995.0,0.77
5201,3995.0,0.77
5202,3995.0,0.77
5203,4003.0,0.77
5204,4003.0,0.77
5205,4003.0,0.77
5206,4003.0,0.77
5207,4003.0,0.77
5208,4003.0,0.77
5209,4003.0,0.77
5210,4003.0,0.77
5211,4003.0,0.77
5212,4003.0,0.77
5213,4003.0,0.77
5214,4003.0,0.77
5215,4003.0,0.77
5216,4003.0,0.77
5217,4003.0,0.77
5218,4003.0,0.77
5219,4003.0,0.77
5220,4003.0,0.77
5221,4003.0,0.77
5222,4003.0,0.77
5223,4003.0,0.77
5224,4003.0,0.77
5225,4003.0,0.77
5226,4003.0,0.77
5227,4003.0,0.77
5228,4003.0,0.77
5229,4003.0,0.77
5230,4003.0,0.77
5231,4003.0,0.77
5232,4003.0,0.77
5233,4003.0,0.77
5234,4003.0,0.77
5235,4003.0,0.77
5236,4003.0,0.77
5237,4003.0,0.77
5238,4003.0,0.77
5239,4003.0,0.77
5240,4003.0,0.77
5241,4003.0,0.77
5242,4003.0,0.77
5243,4003.0,0.77
5244,4003.0,0.77
5245,4003.0,0.77
5246,4003.0,0.77
5247,4003.0,0.77
5248,4003.0,0.77
5249,4003.0,0.77
5250,4003.0,0.77
5251,4003.0,0.77
5252,4003.0,0.77
5253,4003.0,0.77
5254,4003.0,0.77
5255,4003.0,0.77
5256,4003.0,0.77
5257,4003.0,0.77
5258,4003.0,0.77
5259,4003.0,0.77
5260,4003.0,0.77
5261,4003.0,0.77
5262,4003.0,0.77
5263,4000.0,0.77
5264,4000.0,0.77
5265,4000.0,0.77
5266,4000.0,0.77
5267,4000.0,0.77
5268,4000.0,0.77
5269,4000.0,0.77
5270,4000.0,0.77
5271,4000.0,0.77
5272,4000.0,0.77
5273,4000.0,0.77
5274,4000.0,0.77
5275,4000.0,0.77
5276,4000.0,0.77
5277,4000.0,0.77
5278,4000.0,0.77
5279,4000.0,0.77
5280,4000.0,0.77
5281,4000.0,0.77
5282,4000.0,0.77
5283,4000.0,0.77
5284,4000.0,0.77
5285,4000.0,0.77
5286,4000.0,0.77
5287,4000.0,0.77
5288,4000.0,0.77
5289,4000.0,0.77
5290,4000.0,0.77
5291,4000.0,0.77
5292,4000.0,0.77
5293,4000.0,0.77
5294,4000.0,0.77
5295,4000.0,0.77
5296,4000.0,0.77
5297,4000.0,0.77
5298,4000.0,0.77
5299,4000.0,0.77
5300,4000.0,0.77
5301,4000.0,0.77
5302,4000.0,0.77
5303,4000.0,0.77
5304,4000.0,0.77
5305,4000.0,0.77
5306,4000.0,0.77
5307,4000.0,0.77
5308,4000.0,0.77
5309,4000.0,0.77
5310,4000.0,0.77
5311,4000.0,0.77
5312,4000.0,0.77
5313,4000.0,0.77
5314,4000.0,0.77
5315,4000.0,0.77
5316,4000.0,0.77
5317,4000.0,0.77
5318,4000.0,0.77
5319,4000.0,0.77
5320,4000.0,0.77
5321,4000.0,0.77
5322,3996.0,0.76
5323,3996.0,0.76
5324,3996.0,0.76
5325,3996.0,0.76
5326,3996.0,0.76
5327,3996.0,0.76
5328,3996.0,0.76
5329,3996.0,0.76
5330,3996.0,0.76
5331,3996.0,0.76
5332,3996.0,0.76
5333,3996.0,0.76
5334,3996.0,0.76
5335,3996.0,0.76
5336,3996.0,0.76
5337,3996.0,0.76
5338,3996.0,0.76
5339,3996.0,0.76
5340,3996.0,0.76
5341,3996.0,0.76
5342,3996.0,0.76
5343,3996.0,0.76
5344,3996.0,0.76
5345,3996.0,0.76
5346,3996.0,0.76
5347,3996.0,0.76
5348,3996.0,0.76
5349,3996.0,0.76
5350,3996.0,0.76
5351,3996.0,0.76
5352,3996.0,0.76
5353,3996.0,0.76
5354,3996.0,0.76
5355,3996.0,0.76
5356,3996.0,0.76
5357,3996.0,0.76
5358,3996.0,0.76
5359,3996.0,0.76
5360,3996.0,0.76
5361,3996.0,0.76
5362,3996.0,0.76
5363,3996.0,0.76
5364,3996.0,0.76
5365,3996.0,0.76
5366,3996.0,0.76
5367,3996.0,0.76
5368,3996.0,0.76
5369,3996.0,0.76
5370,3996.0,0.76
5371,3996.0,0.76
5372,3996.0,0.76
5373,3996.0,0.76
5374,3996.0,0.76
5375,3996.0,0.76
5376,3996.0,0.76
5377,3996.0,0.76
5378,3996.0,0.76
5379,3996.0,0.76
5380,3996.0,0.76
5381,3996.0,0.76
5382,3995.0,0.76
5383,3995.0,0.76
5384,3995.0,0.76
5385,3995.0,0.76
5386,3995.0,0.76
5387,3995.0,0.76
5388,3995.0,0.76
5389,3995.0,0.76
5390,3995.0,0.76
5391,3995.0,0.76
5392,3995.0,0.76
5393,3995.0,0.76
5394,3995.0,0.76
5395,3995.0,0.76
5396,3995.0,0.76
5397,3995.0,0.76
5398,3995.0,0.76
5399,3995.0,0.76
5400,3995.0,0.76
5401,3995.0,0.76
5402,3995.0,0.76
5403,3995.0,0.76
5404,3995.0,0.76
5405,3995.0,0.76
5406,3995.0,0.76
5407,3995.0,0.76
5408,3995.0,0.76
5409,3995.0,0.76
5410,3995.0,0.76
5411,3995.0,0.76
5412,3995.0,0.76
5413,3995.0,0.76
5414,3995.0,0.76
5415,3995.0,0.76
5416,3995.0,0.76
5417,3995.0,0.76
5418,3995.0,0.76
5419,3995.0,0.76
5420,3995.0,0.76
5421,3995.0,0.76
5422,3995.0,0.76
5423,3995.0,0.76
