1,3816.0,0.23
2,3816.0,0.23
3,3816.0,0.23
4,3816.0,0.23
5,3816.0,0.23
6,3816.0,0.23
7,3816.0,0.23
8,3816.0,0.23
9,3816.0,0.23
10,3816.0,0.23
11,3816.0,0.23
12,3816.0,0.23
13,3816.0,0.23
14,3816.0,0.23
15,3816.0,0.23
16,3816.0,0.23
17,3816.0,0.23
18,3816.0,0.23
19,3816.0,0.23
20,3816.0,0.23
21,3816.0,0.23
22,3816.0,0.23
23,3816.0,0.23
24,3816.0,0.23
25,3816.0,0.23
26,3816.0,0.23
27,3816.0,0.23
28,3816.0,0.23
29,3816.0,0.23
30,3816.0,0.23
31,3816.0,0.23
32,3816.0,0.23
33,3816.0,0.23
34,3816.0,0.23
35,3816.0,0.23
36,3816.0,0.23
37,3816.0,0.23
38,3816.0,0.23
39,3816.0,0.23
40,3816.0,0.23
41,3816.0,0.23
42,3816.0,0.23
43,3816.0,0.23
44,3816.0,0.23
45,3816.0,0.23
46,3816.0,0.23
47,3816.0,0.23
48,3816.0,0.23
49,3816.0,0.23
50,3816.0,0.23
51,3816.0,0.23
52,3816.0,0.23
53,3654.0,0.22
54,3654.0,0.22
55,3654.0,0.22
56,3654.0,0.22
57,3654.0,0.22
58,3654.0,0.22
59,3654.0,0.22
60,3654.0,0.22
61,3654.0,0.22
62,3654.0,0.22
63,3654.0,0.22
64,3654.0,0.22
65,3654.0,0.22
66,3654.0,0.22
67,3654.0,0.22
68,3654.0,0.22
69,3654.0,0.22
70,3654.0,0.22
71,3654.0,0.22
72,3654.0,0.22
73,3654.0,0.22
74,3654.0,0.22
75,3654.0,0.22
76,3654.0,0.22
77,3654.0,0.22
78,3654.0,0.22
79,3654.0,0.22
80,3654.0,0.22
81,3654.0,0.22
82,3654.0,0.22
83,3654.0,0.22
84,3654.0,0.22
85,3654.0,0.22
86,3654.0,0.22
87,3654.0,0.22
88,3654.0,0.22
89,3654.0,0.22
90,3654.0,0.22
91,3654.0,0.22
92,3654.0,0.22
93,3654.0,0.22
94,3654.0,0.22
95,3654.0,0.22
96,3654.0,0.22
97,3654.0,0.22
98,3654.0,0.22
99,3654.0,0.22
100,3654.0,0.22
101,3654.0,0.22
102,3654.0,0.22
103,3654.0,0.22
104,3654.0,0.22
105,3654.0,0.22
106,3654.0,0.22
107,3654.0,0.22
108,3654.0,0.22
109,3654.0,0.22
110,3639.0,0.22
111,3639.0,0.22
112,3639.0,0.22
113,3639.0,0.22
114,3639.0,0.22
115,3639.0,0.22
116,3639.0,0.22
117,3639.0,0.22
118,3639.0,0.22
119,3639.0,0.22
120,3639.0,0.22
121,3639.0,0.22
122,3639.0,0.22
123,3639.0,0.22
124,3639.0,0.22
125,3639.0,0.22
126,3639.0,0.22
127,3639.0,0.22
128,3639.0,0.22
129,3639.0,0.22
130,3639.0,0.22
131,3639.0,0.22
132,3639.0,0.22
133,3639.0,0.22
134,3639.0,0.22
135,3639.0,0.22
136,3639.0,0.22
137,3639.0,0.22
138,3639.0,0.22
139,3639.0,0.22
140,3639.0,0.22
141,3639.0,0.22
142,3639.0,0.22
143,3639.0,0.22
144,3639.0,0.22
145,3639.0,0.22
146,3639.0,0.22
147,3639.0,0.22
148,3639.0,0.22
149,3639.0,0.22
150,3639.0,0.22
151,3639.0,0.22
152,3639.0,0.22
153,3639.0,0.22
154,3639.0,0.22
155,3639.0,0.22
156,3639.0,0.22
157,3639.0,0.22
158,3639.0,0.22
159,3639.0,0.22
160,3639.0,0.22
161,3639.0,0.22
162,3639.0,0.22
163,3639.0,0.22
164,3639.0,0.22
165,3639.0,0.22
166,3639.0,0.22
167,3639.0,0.22
168,3638.0,0.22
169,3638.0,0.22
170,3638.0,0.22
171,3638.0,0.22
172,3638.0,0.22
173,3638.0,0.22
174,3638.0,0.22
175,3638.0,0.22
176,3638.0,0.22
177,3638.0,0.22
178,3638.0,0.22
179,3638.0,0.22
180,3638.0,0.22
181,3638.0,0.22
182,3638.0,0.22
183,3638.0,0.22
184,3638.0,0.22
185,3638.0,0.22
186,3638.0,0.22
187,3638.0,0.22
188,3638.0,0.22
189,3638.0,0.22
190,3638.0,0.22
191,3638.0,0.22
192,3638.0,0.22
193,3638.0,0.22
194,3638.0,0.22
195,3638.0,0.22
196,3638.0,0.22
197,3638.0,0.22
198,3638.0,0.22
199,3638.0,0.22
200,3638.0,0.22
201,3638.0,0.22
202,3638.0,0.22
203,3638.0,0.22
204,3638.0,0.22
205,3638.0,0.22
206,3638.0,0.22
207,3638.0,0.22
208,3638.0,0.22
209,3638.0,0.22
210,3638.0,0.22
211,3638.0,0.22
212,3638.0,0.22
213,3638.0,0.22
214,3638.0,0.22
215,3638.0,0.22
216,3638.0,0.22
217,3638.0,0.22
218,3638.0,0.22
219,3638.0,0.22
220,3638.0,0.22
221,3638.0,0.22
222,3638.0,0.22
223,3638.0,0.22
224,3638.0,0.22
225,3638.0,0.22
226,3651.0,0.21
227,3651.0,0.21
228,3651.0,0.21
229,3651.0,0.21
230,3651.0,0.21
231,3651.0,0.21
232,3651.0,0.21
233,3651.0,0.21
234,3651.0,0.21
235,3651.0,0.21
236,3651.0,0.21
237,3651.0,0.21
238,3651.0,0.21
239,3651.0,0.21
240,3651.0,0.21
241,3651.0,0.21
242,3651.0,0.21
243,3651.0,0.21
244,3651.0,0.21
245,3651.0,0.21
246,3651.0,0.21
247,3651.0,0.21
248,3651.0,0.21
249,3651.0,0.21
250,3651.0,0.21
251,3651.0,0.21
252,3651.0,0.21
253,3651.0,0.21
254,3651.0,0.21
255,3651.0,0.21
256,3651.0,0.21
257,3651.0,0.21
258,3651.0,0.21
259,3651.0,0.21
260,3651.0,0.21
261,3651.0,0.21
262,3651.0,0.21
263,3651.0,0.21
264,3651.0,0.21
265,3651.0,0.21
266,3651.0,0.21
267,3651.0,0.21
268,3651.0,0.21
269,3651.0,0.21
270,3651.0,0.21
271,3651.0,0.21
272,3651.0,0.21
273,3651.0,0.21
274,3651.0,0.21
275,3651.0,0.21
276,3651.0,0.21
277,3651.0,0.21
278,3651.0,0.21
279,3651.0,0.21
280,3651.0,0.21
281,3651.0,0.21
282,3651.0,0.21
283,3651.0,0.21
284,3651.0,0.21
285,3676.0,0.21
286,3676.0,0.21
287,3676.0,0.21
288,3676.0,0.21
289,3676.0,0.21
290,3676.0,0.21
291,3676.0,0.21
292,3676.0,0.21
293,3676.0,0.21
294,3676.0,0.21
295,3676.0,0.21
296,3676.0,0.21
297,3676.0,0.21
298,3676.0,0.21
299,3676.0,0.21
300,3676.0,0.21
301,3676.0,0.21
302,3676.0,0.21
303,3676.0,0.21
304,3676.0,0.21
305,3676.0,0.21
306,3676.0,0.21
307,3676.0,0.21
308,3676.0,0.21
309,3676.0,0.21
310,3676.0,0.21
311,3676.0,0.21
312,3676.0,0.21
313,3676.0,0.21
314,3676.0,0.21
315,3676.0,0.21
316,3676.0,0.21
317,3676.0,0.21
318,3676.0,0.21
319,3676.0,0.21
320,3676.0,0.21
321,3676.0,0.21
322,3676.0,0.21
323,3676.0,0.21
324,3676.0,0.21
325,3676.0,0.21
326,3676.0,0.21
327,3676.0,0.21
328,3676.0,0.21
329,3676.0,0.21
330,3676.0,0.21
331,3676.0,0.21
332,3676.0,0.21
333,3676.0,0.21
334,3676.0,0.21
335,3676.0,0.21
336,3676.0,0.21
337,3676.0,0.21
338,3676.0,0.21
339,3676.0,0.21
340,3676.0,0.21
341,3676.0,0.21
342,3676.0,0.21
343,3676.0,0.21
344,3676.0,0.21
345,3679.0,0.21
346,3679.0,0.21
347,3679.0,0.21
348,3679.0,0.21
349,3679.0,0.21
350,3679.0,0.21
351,3679.0,0.21
352,3679.0,0.21
353,3679.0,0.21
354,3679.0,0.21
355,3679.0,0.21
356,3679.0,0.21
357,3679.0,0.21
358,3679.0,0.21
359,3679.0,0.21
360,3679.0,0.21
361,3679.0,0.21
362,3679.0,0.21
363,3679.0,0.21
364,3679.0,0.21
365,3679.0,0.21
366,3679.0,0.21
367,3679.0,0.21
368,3679.0,0.21
369,3679.0,0.21
370,3679.0,0.21
371,3679.0,0.21
372,3679.0,0.21
373,3679.0,0.21
374,3679.0,0.21
375,3679.0,0.21
376,3679.0,0.21
377,3679.0,0.21
378,3679.0,0.21
379,3679.0,0.21
380,3679.0,0.21
381,3679.0,0.21
382,3679.0,0.21
383,3679.0,0.21
384,3679.0,0.21
385,3679.0,0.21
386,3679.0,0.21
387,3679.0,0.21
388,3679.0,0.21
389,3679.0,0.21
390,3679.0,0.21
391,3679.0,0.21
392,3679.0,0.21
393,3679.0,0.21
394,3679.0,0.21
395,3679.0,0.21
396,3679.0,0.21
397,3679.0,0.21
398,3679.0,0.21
399,3679.0,0.21
400,3679.0,0.21
401,3679.0,0.21
402,3679.0,0.21
403,3679.0,0.21
404,3679.0,0.21
405,3684.0,0.21
406,3684.0,0.21
407,3684.0,0.21
408,3684.0,0.21
409,3684.0,0.21
410,3684.0,0.21
411,3684.0,0.21
412,3684.0,0.21
413,3684.0,0.21
414,3684.0,0.21
415,3684.0,0.21
416,3684.0,0.21
417,3684.0,0.21
418,3684.0,0.21
419,3684.0,0.21
420,3684.0,0.21
421,3684.0,0.21
422,3684.0,0.21
423,3684.0,0.21
424,3684.0,0.21
425,3684.0,0.21
426,3684.0,0.21
427,3684.0,0.21
428,3684.0,0.21
429,3684.0,0.21
430,3684.0,0.21
431,3684.0,0.21
432,3684.0,0.21
433,3684.0,0.21
434,3684.0,0.21
435,3684.0,0.21
436,3684.0,0.21
437,3684.0,0.21
438,3684.0,0.21
439,3684.0,0.21
440,3684.0,0.21
441,3684.0,0.21
442,3684.0,0.21
443,3684.0,0.21
444,3684.0,0.21
445,3684.0,0.21
446,3684.0,0.21
447,3684.0,0.21
448,3684.0,0.21
449,3684.0,0.21
450,3684.0,0.21
451,3684.0,0.21
452,3684.0,0.21
453,3684.0,0.21
454,3684.0,0.21
455,3684.0,0.21
456,3684.0,0.21
457,3684.0,0.21
458,3684.0,0.21
459,3684.0,0.21
460,3684.0,0.21
461,3684.0,0.21
462,3684.0,0.21
463,3684.0,0.21
464,3680.0,0.21
465,3680.0,0.21
466,3680.0,0.21
467,3680.0,0.21
468,3680.0,0.21
469,3680.0,0.21
470,3680.0,0.21
471,3680.0,0.21
472,3680.0,0.21
473,3680.0,0.21
474,3680.0,0.21
475,3680.0,0.21
476,3680.0,0.21
477,3680.0,0.21
478,3680.0,0.21
479,3680.0,0.21
480,3680.0,0.21
481,3680.0,0.21
482,3680.0,0.21
483,3680.0,0.21
484,3680.0,0.21
485,3680.0,0.21
486,3680.0,0.21
487,3680.0,0.21
488,3680.0,0.21
489,3680.0,0.21
490,3680.0,0.21
491,3680.0,0.21
492,3680.0,0.21
493,3680.0,0.21
494,3680.0,0.21
495,3680.0,0.21
496,3680.0,0.21
497,3680.0,0.21
498,3680.0,0.21
499,3680.0,0.21
500,3680.0,0.21
501,3680.0,0.21
502,3680.0,0.21
503,3680.0,0.21
504,3680.0,0.21
505,3680.0,0.21
506,3680.0,0.21
507,3680.0,0.21
508,3680.0,0.21
509,3680.0,0.21
510,3680.0,0.21
511,3680.0,0.21
512,3680.0,0.21
513,3680.0,0.21
514,3680.0,0.21
515,3680.0,0.21
516,3680.0,0.21
517,3680.0,0.21
518,3680.0,0.21
519,3680.0,0.21
520,3683.0,0.21
521,3683.0,0.21
522,3683.0,0.21
523,3693.0,0.21
524,3693.0,0.21
525,3693.0,0.21
526,3693.0,0.21
527,3693.0,0.21
528,3693.0,0.21
529,3693.0,0.21
530,3693.0,0.21
531,3693.0,0.21
532,3693.0,0.21
533,3693.0,0.21
534,3693.0,0.21
535,3693.0,0.21
536,3693.0,0.21
537,3693.0,0.21
538,3693.0,0.21
539,3693.0,0.21
540,3693.0,0.21
541,3693.0,0.21
542,3693.0,0.21
543,3693.0,0.21
544,3693.0,0.21
545,3693.0,0.21
546,3693.0,0.21
547,3693.0,0.21
548,3693.0,0.21
549,3693.0,0.21
550,3693.0,0.21
551,3693.0,0.21
552,3693.0,0.21
553,3693.0,0.21
554,3693.0,0.21
555,3693.0,0.21
556,3693.0,0.21
557,3693.0,0.21
558,3693.0,0.21
559,3693.0,0.21
560,3693.0,0.21
561,3693.0,0.21
562,3693.0,0.21
563,3693.0,0.21
564,3693.0,0.21
565,3693.0,0.21
566,3693.0,0.21
567,3693.0,0.21
568,3693.0,0.21
569,3693.0,0.21
570,3693.0,0.21
571,3693.0,0.21
572,3693.0,0.21
573,3693.0,0.21
574,3693.0,0.21
575,3693.0,0.21
576,3693.0,0.21
577,3693.0,0.21
578,3693.0,0.21
579,3693.0,0.21
580,3693.0,0.21
581,3693.0,0.21
582,3676.0,0.21
583,3676.0,0.21
584,3676.0,0.21
585,3676.0,0.21
586,3676.0,0.21
587,3676.0,0.21
588,3676.0,0.21
589,3676.0,0.21
590,3676.0,0.21
591,3676.0,0.21
592,3676.0,0.21
593,3676.0,0.21
594,3676.0,0.21
595,3676.0,0.21
596,3676.0,0.21
597,3676.0,0.21
598,3676.0,0.21
599,3676.0,0.21
600,3676.0,0.21
601,3676.0,0.21
602,3676.0,0.21
603,3676.0,0.21
604,3676.0,0.21
605,3676.0,0.21
606,3676.0,0.21
607,3676.0,0.21
608,3676.0,0.21
609,3676.0,0.21
610,3676.0,0.21
611,3676.0,0.21
612,3676.0,0.21
613,3676.0,0.21
614,3676.0,0.21
615,3676.0,0.21
616,3676.0,0.21
617,3676.0,0.21
618,3676.0,0.21
619,3676.0,0.21
620,3676.0,0.21
621,3676.0,0.21
622,3676.0,0.21
623,3676.0,0.21
624,3676.0,0.21
625,3676.0,0.21
626,3676.0,0.21
627,3676.0,0.21
628,3676.0,0.21
629,3676.0,0.21
630,3676.0,0.21
631,3676.0,0.21
632,3676.0,0.21
633,3676.0,0.21
634,3676.0,0.21
635,3676.0,0.21
636,3676.0,0.21
637,3676.0,0.21
638,3676.0,0.21
639,3676.0,0.21
640,3676.0,0.21
641,3706.0,0.21
642,3706.0,0.21
643,3706.0,0.21
644,3706.0,0.21
645,3706.0,0.21
646,3706.0,0.21
647,3706.0,0.21
648,3706.0,0.21
649,3706.0,0.21
650,3706.0,0.21
651,3706.0,0.21
652,3706.0,0.21
653,3706.0,0.21
654,3706.0,0.21
655,3706.0,0.21
656,3706.0,0.21
657,3706.0,0.21
658,3706.0,0.21
659,3706.0,0.21
660,3706.0,0.21
661,3706.0,0.21
662,3706.0,0.21
663,3706.0,0.21
664,3706.0,0.21
665,3706.0,0.21
666,3706.0,0.21
667,3706.0,0.21
668,3706.0,0.21
669,3706.0,0.21
670,3706.0,0.21
671,3706.0,0.21
672,3706.0,0.21
673,3706.0,0.21
674,3706.0,0.21
675,3706.0,0.21
676,3706.0,0.21
677,3706.0,0.21
678,3706.0,0.21
679,3706.0,0.21
680,3706.0,0.21
681,3706.0,0.21
682,3706.0,0.21
683,3706.0,0.21
684,3706.0,0.21
685,3706.0,0.21
686,3706.0,0.21
687,3706.0,0.21
688,3706.0,0.21
689,3706.0,0.21
690,3706.0,0.21
691,3706.0,0.21
692,3706.0,0.21
693,3706.0,0.21
694,3706.0,0.21
695,3706.0,0.21
696,3706.0,0.21
697,3706.0,0.21
698,3706.0,0.21
699,3706.0,0.21
700,3706.0,0.21
701,3708.0,0.21
702,3708.0,0.21
703,3708.0,0.21
704,3708.0,0.21
705,3708.0,0.21
706,3708.0,0.21
707,3708.0,0.21
708,3708.0,0.21
709,3708.0,0.21
710,3708.0,0.21
711,3708.0,0.21
712,3708.0,0.21
713,3708.0,0.21
714,3708.0,0.21
715,3708.0,0.21
716,3708.0,0.21
717,3708.0,0.21
718,3708.0,0.21
719,3708.0,0.21
720,3708.0,0.21
721,3708.0,0.21
722,3708.0,0.21
723,3708.0,0.21
724,3708.0,0.21
725,3708.0,0.21
726,3708.0,0.21
727,3708.0,0.21
728,3708.0,0.21
729,3708.0,0.21
730,3708.0,0.21
731,3708.0,0.21
732,3708.0,0.21
733,3708.0,0.21
734,3708.0,0.21
735,3708.0,0.21
736,3708.0,0.21
737,3708.0,0.21
738,3708.0,0.21
739,3708.0,0.21
740,3708.0,0.21
741,3708.0,0.21
742,3708.0,0.21
743,3708.0,0.21
744,3708.0,0.21
745,3708.0,0.21
746,3708.0,0.21
747,3708.0,0.21
748,3708.0,0.21
749,3708.0,0.21
750,3708.0,0.21
751,3708.0,0.21
752,3708.0,0.21
753,3708.0,0.21
754,3708.0,0.21
755,3708.0,0.21
756,3708.0,0.21
757,3708.0,0.21
758,3708.0,0.21
759,3708.0,0.21
760,3702.0,0.21
761,3702.0,0.21
762,3702.0,0.21
763,3702.0,0.21
764,3702.0,0.21
765,3702.0,0.21
766,3702.0,0.21
767,3702.0,0.21
768,3702.0,0.21
769,3702.0,0.21
770,3702.0,0.21
771,3702.0,0.21
772,3702.0,0.21
773,3702.0,0.21
774,3702.0,0.21
775,3702.0,0.21
776,3702.0,0.21
777,3702.0,0.21
778,3702.0,0.21
779,3702.0,0.21
780,3702.0,0.21
781,3702.0,0.21
782,3702.0,0.21
783,3702.0,0.21
784,3702.0,0.21
785,3702.0,0.21
786,3702.0,0.21
787,3702.0,0.21
788,3702.0,0.21
789,3702.0,0.21
790,3702.0,0.21
791,3702.0,0.21
792,3702.0,0.21
793,3702.0,0.21
794,3702.0,0.21
795,3702.0,0.21
796,3702.0,0.21
797,3702.0,0.21
798,3702.0,0.21
799,3702.0,0.21
800,3702.0,0.21
801,3702.0,0.21
802,3702.0,0.21
803,3702.0,0.21
804,3702.0,0.21
805,3702.0,0.21
806,3702.0,0.21
807,3702.0,0.21
808,3702.0,0.21
809,3702.0,0.21
810,3702.0,0.21
811,3702.0,0.21
812,3702.0,0.21
813,3702.0,0.21
814,3702.0,0.21
815,3702.0,0.21
816,3702.0,0.21
817,3702.0,0.21
818,3702.0,0.21
819,3703.0,0.21
820,3703.0,0.21
821,3703.0,0.21
822,3703.0,0.21
823,3703.0,0.21
824,3703.0,0.21
825,3703.0,0.21
826,3703.0,0.21
827,3703.0,0.21
828,3703.0,0.21
829,3703.0,0.21
830,3703.0,0.21
831,3703.0,0.21
832,3703.0,0.21
833,3703.0,0.21
834,3703.0,0.21
835,3703.0,0.21
836,3703.0,0.21
837,3703.0,0.21
838,3703.0,0.21
839,3703.0,0.21
840,3703.0,0.21
841,3703.0,0.21
842,3703.0,0.21
843,3703.0,0.21
844,3703.0,0.21
845,3703.0,0.21
846,3703.0,0.21
847,3703.0,0.21
848,3703.0,0.21
849,3703.0,0.21
850,3703.0,0.21
851,3703.0,0.21
852,3703.0,0.21
853,3703.0,0.21
854,3703.0,0.21
855,3703.0,0.21
856,3703.0,0.21
857,3703.0,0.21
858,3703.0,0.21
859,3703.0,0.21
860,3703.0,0.21
861,3703.0,0.21
862,3703.0,0.21
863,3703.0,0.21
864,3703.0,0.21
865,3703.0,0.21
866,3703.0,0.21
867,3703.0,0.21
868,3703.0,0.21
869,3703.0,0.21
870,3703.0,0.21
871,3703.0,0.21
872,3703.0,0.21
873,3703.0,0.21
874,3703.0,0.21
875,3703.0,0.21
876,3703.0,0.21
877,3703.0,0.21
878,3703.0,0.21
879,3699.0,0.21
880,3699.0,0.21
881,3699.0,0.21
882,3699.0,0.21
883,3699.0,0.21
884,3699.0,0.21
885,3699.0,0.21
886,3699.0,0.21
887,3699.0,0.21
888,3699.0,0.21
889,3699.0,0.21
890,3699.0,0.21
891,3699.0,0.21
892,3699.0,0.21
893,3699.0,0.21
894,3699.0,0.21
895,3699.0,0.21
896,3699.0,0.21
897,3699.0,0.21
898,3699.0,0.21
899,3699.0,0.21
900,3699.0,0.21
901,3699.0,0.21
902,3699.0,0.21
903,3699.0,0.21
904,3699.0,0.21
905,3699.0,0.21
906,3699.0,0.21
907,3699.0,0.21
908,3699.0,0.21
909,3699.0,0.21
910,3699.0,0.21
911,3699.0,0.21
912,3699.0,0.21
913,3699.0,0.21
914,3699.0,0.21
915,3699.0,0.21
916,3699.0,0.21
917,3699.0,0.21
918,3699.0,0.21
919,3699.0,0.21
920,3699.0,0.21
921,3699.0,0.21
922,3699.0,0.21
923,3699.0,0.21
924,3699.0,0.21
925,3699.0,0.21
926,3699.0,0.21
927,3699.0,0.21
928,3699.0,0.21
929,3699.0,0.21
930,3699.0,0.21
931,3699.0,0.21
932,3699.0,0.21
933,3699.0,0.21
934,3699.0,0.21
935,3699.0,0.21
936,3699.0,0.21
937,3699.0,0.21
938,3701.0,0.2
939,3701.0,0.2
940,3701.0,0.2
941,3701.0,0.2
942,3701.0,0.2
943,3701.0,0.2
944,3701.0,0.2
945,3701.0,0.2
946,3701.0,0.2
947,3701.0,0.2
948,3701.0,0.2
949,3701.0,0.2
950,3701.0,0.2
951,3701.0,0.2
952,3701.0,0.2
953,3701.0,0.2
954,3701.0,0.2
955,3701.0,0.2
956,3701.0,0.2
957,3701.0,0.2
958,3701.0,0.2
959,3701.0,0.2
960,3701.0,0.2
961,3701.0,0.2
962,3701.0,0.2
963,3701.0,0.2
964,3701.0,0.2
965,3701.0,0.2
966,3701.0,0.2
967,3701.0,0.2
968,3701.0,0.2
969,3701.0,0.2
970,3701.0,0.2
971,3701.0,0.2
972,3701.0,0.2
973,3701.0,0.2
974,3701.0,0.2
975,3701.0,0.2
976,3701.0,0.2
977,3701.0,0.2
978,3701.0,0.2
979,3701.0,0.2
980,3701.0,0.2
981,3701.0,0.2
982,3701.0,0.2
983,3701.0,0.2
984,3701.0,0.2
985,3701.0,0.2
986,3701.0,0.2
987,3701.0,0.2
988,3701.0,0.2
989,3701.0,0.2
990,3701.0,0.2
991,3701.0,0.2
992,3701.0,0.2
993,3701.0,0.2
994,3701.0,0.2
995,3701.0,0.2
996,3701.0,0.2
997,3701.0,0.2
998,3671.0,0.2
999,3671.0,0.2
1000,3671.0,0.2
1001,3671.0,0.2
1002,3671.0,0.2
1003,3671.0,0.2
1004,3671.0,0.2
1005,3671.0,0.2
1006,3671.0,0.2
1007,3671.0,0.2
1008,3671.0,0.2
1009,3671.0,0.2
1010,3671.0,0.2
1011,3671.0,0.2
1012,3671.0,0.2
1013,3671.0,0.2
1014,3671.0,0.2
1015,3671.0,0.2
1016,3671.0,0.2
1017,3671.0,0.2
1018,3671.0,0.2
1019,3671.0,0.2
1020,3671.0,0.2
1021,3671.0,0.2
1022,3671.0,0.2
1023,3671.0,0.2
1024,3671.0,0.2
1025,3671.0,0.2
1026,3671.0,0.2
1027,3671.0,0.2
1028,3671.0,0.2
1029,3671.0,0.2
1030,3671.0,0.2
1031,3671.0,0.2
1032,3671.0,0.2
1033,3670.0,0.2
1034,3670.0,0.2
1035,3670.0,0.2
1036,3670.0,0.2
1037,3670.0,0.2
1038,3670.0,0.2
1039,3670.0,0.2
1040,3670.0,0.2
1041,3670.0,0.2
1042,3670.0,0.2
1043,3670.0,0.2
1044,3670.0,0.2
1045,3670.0,0.2
1046,3670.0,0.2
1047,3670.0,0.2
1048,3670.0,0.2
1049,3670.0,0.2
1050,3670.0,0.2
1051,3670.0,0.2
1052,3670.0,0.2
1053,3670.0,0.2
1054,3670.0,0.2
1055,3670.0,0.2
1056,3670.0,0.2
1057,3670.0,0.2
1058,3672.0,0.2
1059,3672.0,0.2
1060,3672.0,0.2
1061,3672.0,0.2
1062,3672.0,0.2
1063,3672.0,0.2
1064,3672.0,0.2
1065,3672.0,0.2
1066,3672.0,0.2
1067,3672.0,0.2
1068,3672.0,0.2
1069,3672.0,0.2
1070,3672.0,0.2
1071,3672.0,0.2
1072,3672.0,0.2
1073,3672.0,0.2
1074,3672.0,0.2
1075,3672.0,0.2
1076,3672.0,0.2
1077,3672.0,0.2
1078,3672.0,0.2
1079,3672.0,0.2
1080,3672.0,0.2
1081,3672.0,0.2
1082,3672.0,0.2
1083,3672.0,0.2
1084,3672.0,0.2
1085,3672.0,0.2
1086,3672.0,0.2
1087,3672.0,0.2
1088,3672.0,0.2
1089,3672.0,0.2
1090,3672.0,0.2
1091,3672.0,0.2
1092,3672.0,0.2
1093,3672.0,0.2
1094,3672.0,0.2
1095,3672.0,0.2
1096,3672.0,0.2
1097,3672.0,0.2
1098,3672.0,0.2
1099,3672.0,0.2
1100,3672.0,0.2
1101,3672.0,0.2
1102,3672.0,0.2
1103,3672.0,0.2
1104,3672.0,0.2
1105,3672.0,0.2
1106,3672.0,0.2
1107,3672.0,0.2
1108,3672.0,0.2
1109,3672.0,0.2
1110,3672.0,0.2
1111,3672.0,0.2
1112,3672.0,0.2
1113,3672.0,0.2
1114,3672.0,0.2
1115,3672.0,0.2
1116,3672.0,0.2
1117,3672.0,0.2
1118,3668.0,0.2
1119,3668.0,0.2
1120,3668.0,0.2
1121,3668.0,0.2
1122,3668.0,0.2
1123,3668.0,0.2
1124,3668.0,0.2
1125,3668.0,0.2
1126,3668.0,0.2
1127,3668.0,0.2
1128,3668.0,0.2
1129,3668.0,0.2
1130,3668.0,0.2
1131,3668.0,0.2
1132,3668.0,0.2
1133,3668.0,0.2
1134,3668.0,0.2
1135,3668.0,0.2
1136,3668.0,0.2
1137,3668.0,0.2
1138,3668.0,0.2
1139,3668.0,0.2
1140,3668.0,0.2
1141,3668.0,0.2
1142,3668.0,0.2
1143,3668.0,0.2
1144,3668.0,0.2
1145,3668.0,0.2
1146,3668.0,0.2
1147,3668.0,0.2
1148,3668.0,0.2
1149,3668.0,0.2
1150,3668.0,0.2
1151,3668.0,0.2
1152,3668.0,0.2
1153,3668.0,0.2
1154,3668.0,0.2
1155,3668.0,0.2
1156,3668.0,0.2
1157,3668.0,0.2
1158,3668.0,0.2
1159,3668.0,0.2
1160,3668.0,0.2
1161,3668.0,0.2
1162,3668.0,0.2
1163,3668.0,0.2
1164,3668.0,0.2
1165,3668.0,0.2
1166,3668.0,0.2
1167,3668.0,0.2
1168,3668.0,0.2
1169,3668.0,0.2
1170,3668.0,0.2
1171,3668.0,0.2
1172,3668.0,0.2
1173,3668.0,0.2
1174,3668.0,0.2
1175,3668.0,0.2
1176,3625.0,0.2
1177,3625.0,0.2
1178,3625.0,0.2
1179,3625.0,0.2
1180,3625.0,0.2
1181,3625.0,0.2
1182,3625.0,0.2
1183,3625.0,0.2
1184,3625.0,0.2
1185,3625.0,0.2
1186,3625.0,0.2
1187,3625.0,0.2
1188,3625.0,0.2
1189,3625.0,0.2
1190,3625.0,0.2
1191,3625.0,0.2
1192,3625.0,0.2
1193,3625.0,0.2
1194,3625.0,0.2
1195,3625.0,0.2
1196,3625.0,0.2
1197,3625.0,0.2
1198,3625.0,0.2
1199,3625.0,0.2
1200,3625.0,0.2
1201,3625.0,0.2
1202,3625.0,0.2
1203,3625.0,0.2
1204,3625.0,0.2
1205,3625.0,0.2
1206,3625.0,0.2
1207,3625.0,0.2
1208,3625.0,0.2
1209,3625.0,0.2
1210,3625.0,0.2
1211,3625.0,0.2
1212,3625.0,0.2
1213,3625.0,0.2
1214,3625.0,0.2
1215,3625.0,0.2
1216,3625.0,0.2
1217,3625.0,0.2
1218,3625.0,0.2
1219,3625.0,0.2
1220,3625.0,0.2
1221,3625.0,0.2
1222,3625.0,0.2
1223,3625.0,0.2
1224,3625.0,0.2
1225,3625.0,0.2
1226,3625.0,0.2
1227,3625.0,0.2
1228,3625.0,0.2
1229,3625.0,0.2
1230,3625.0,0.2
1231,3625.0,0.2
1232,3625.0,0.2
1233,3625.0,0.2
1234,3625.0,0.2
1235,3625.0,0.2
1236,3634.0,0.19
1237,3634.0,0.19
1238,3634.0,0.19
1239,3634.0,0.19
1240,3634.0,0.19
1241,3634.0,0.19
1242,3634.0,0.19
1243,3634.0,0.19
1244,3634.0,0.19
1245,3634.0,0.19
1246,3634.0,0.19
1247,3634.0,0.19
1248,3634.0,0.19
1249,3634.0,0.19
1250,3634.0,0.19
1251,3634.0,0.19
1252,3634.0,0.19
1253,3634.0,0.19
1254,3634.0,0.19
1255,3634.0,0.19
1256,3634.0,0.19
1257,3634.0,0.19
1258,3634.0,0.19
1259,3634.0,0.19
1260,3634.0,0.19
1261,3634.0,0.19
1262,3634.0,0.19
1263,3634.0,0.19
1264,3634.0,0.19
1265,3634.0,0.19
1266,3634.0,0.19
1267,3634.0,0.19
1268,3634.0,0.19
1269,3634.0,0.19
1270,3634.0,0.19
1271,3634.0,0.19
1272,3634.0,0.19
1273,3634.0,0.19
1274,3634.0,0.19
1275,3634.0,0.19
1276,3634.0,0.19
1277,3634.0,0.19
1278,3634.0,0.19
1279,3634.0,0.19
1280,3634.0,0.19
1281,3634.0,0.19
1282,3634.0,0.19
1283,3634.0,0.19
1284,3634.0,0.19
1285,3634.0,0.19
1286,3634.0,0.19
1287,3634.0,0.19
1288,3634.0,0.19
1289,3634.0,0.19
1290,3634.0,0.19
1291,3634.0,0.19
1292,3634.0,0.19
1293,3634.0,0.19
1294,3634.0,0.19
1295,3709.0,0.19
1296,3709.0,0.19
1297,3709.0,0.19
1298,3709.0,0.19
1299,3709.0,0.19
1300,3709.0,0.19
1301,3709.0,0.19
1302,3709.0,0.19
1303,3709.0,0.19
1304,3709.0,0.19
1305,3709.0,0.19
1306,3709.0,0.19
1307,3709.0,0.19
1308,3709.0,0.19
1309,3709.0,0.19
1310,3709.0,0.19
1311,3709.0,0.19
1312,3709.0,0.19
1313,3709.0,0.19
1314,3709.0,0.19
1315,3709.0,0.19
1316,3709.0,0.19
1317,3709.0,0.19
1318,3709.0,0.19
1319,3709.0,0.19
1320,3709.0,0.19
1321,3709.0,0.19
1322,3709.0,0.19
1323,3709.0,0.19
1324,3709.0,0.19
1325,3709.0,0.19
1326,3709.0,0.19
1327,3709.0,0.19
1328,3709.0,0.19
1329,3709.0,0.19
1330,3709.0,0.19
1331,3709.0,0.19
1332,3709.0,0.19
1333,3709.0,0.19
1334,3709.0,0.19
1335,3709.0,0.19
1336,3709.0,0.19
1337,3709.0,0.19
1338,3709.0,0.19
1339,3709.0,0.19
1340,3709.0,0.19
1341,3709.0,0.19
1342,3709.0,0.19
1343,3709.0,0.19
1344,3709.0,0.19
1345,3709.0,0.19
1346,3709.0,0.19
1347,3709.0,0.19
1348,3709.0,0.19
1349,3709.0,0.19
1350,3709.0,0.19
1351,3709.0,0.19
1352,3709.0,0.19
1353,3709.0,0.19
1354,3627.0,0.19
1355,3627.0,0.19
1356,3627.0,0.19
1357,3627.0,0.19
1358,3627.0,0.19
1359,3627.0,0.19
1360,3627.0,0.19
1361,3627.0,0.19
1362,3627.0,0.19
1363,3627.0,0.19
1364,3627.0,0.19
1365,3627.0,0.19
1366,3627.0,0.19
1367,3627.0,0.19
1368,3627.0,0.19
1369,3627.0,0.19
1370,3627.0,0.19
1371,3627.0,0.19
1372,3627.0,0.19
1373,3627.0,0.19
1374,3627.0,0.19
1375,3627.0,0.19
1376,3627.0,0.19
1377,3627.0,0.19
1378,3627.0,0.19
1379,3627.0,0.19
1380,3627.0,0.19
1381,3627.0,0.19
1382,3627.0,0.19
1383,3627.0,0.19
1384,3627.0,0.19
1385,3627.0,0.19
1386,3627.0,0.19
1387,3627.0,0.19
1388,3627.0,0.19
1389,3627.0,0.19
1390,3627.0,0.19
1391,3627.0,0.19
1392,3627.0,0.19
1393,3627.0,0.19
1394,3627.0,0.19
1395,3627.0,0.19
1396,3627.0,0.19
1397,3627.0,0.19
1398,3627.0,0.19
1399,3627.0,0.19
1400,3627.0,0.19
1401,3627.0,0.19
1402,3627.0,0.19
1403,3627.0,0.19
1404,3627.0,0.19
1405,3627.0,0.19
1406,3627.0,0.19
1407,3627.0,0.19
1408,3627.0,0.19
1409,3627.0,0.19
1410,3627.0,0.19
1411,3627.0,0.19
1412,3645.0,0.19
1413,3645.0,0.19
1414,3645.0,0.19
1415,3645.0,0.19
1416,3645.0,0.19
1417,3645.0,0.19
1418,3645.0,0.19
1419,3645.0,0.19
1420,3645.0,0.19
1421,3645.0,0.19
1422,3645.0,0.19
1423,3645.0,0.19
1424,3645.0,0.19
1425,3645.0,0.19
1426,3645.0,0.19
1427,3645.0,0.19
1428,3645.0,0.19
1429,3645.0,0.19
1430,3645.0,0.19
1431,3645.0,0.19
1432,3645.0,0.19
1433,3645.0,0.19
1434,3645.0,0.19
1435,3645.0,0.19
1436,3645.0,0.19
1437,3645.0,0.19
1438,3645.0,0.19
1439,3645.0,0.19
1440,3645.0,0.19
1441,3645.0,0.19
1442,3645.0,0.19
1443,3645.0,0.19
1444,3645.0,0.19
1445,3645.0,0.19
1446,3645.0,0.19
1447,3645.0,0.19
1448,3645.0,0.19
1449,3645.0,0.19
1450,3645.0,0.19
1451,3645.0,0.19
1452,3645.0,0.19
1453,3645.0,0.19
1454,3645.0,0.19
1455,3645.0,0.19
1456,3645.0,0.19
1457,3645.0,0.19
1458,3645.0,0.19
1459,3645.0,0.19
1460,3645.0,0.19
1461,3645.0,0.19
1462,3645.0,0.19
1463,3645.0,0.19
1464,3645.0,0.19
1465,3645.0,0.19
1466,3645.0,0.19
1467,3645.0,0.19
1468,3645.0,0.19
1469,3645.0,0.19
1470,3645.0,0.19
1471,3645.0,0.19
1472,3631.0,0.19
1473,3631.0,0.19
1474,3631.0,0.19
1475,3631.0,0.19
1476,3631.0,0.19
1477,3631.0,0.18
1478,3631.0,0.18
1479,3631.0,0.18
1480,3631.0,0.18
1481,3631.0,0.18
1482,3631.0,0.18
1483,3631.0,0.18
1484,3631.0,0.18
1485,3631.0,0.18
1486,3631.0,0.18
1487,3631.0,0.18
1488,3631.0,0.18
1489,3631.0,0.18
1490,3631.0,0.18
1491,3631.0,0.18
1492,3631.0,0.18
1493,3631.0,0.18
1494,3631.0,0.18
1495,3631.0,0.18
1496,3631.0,0.18
1497,3631.0,0.18
1498,3631.0,0.18
1499,3631.0,0.18
1500,3631.0,0.18
1501,3631.0,0.18
1502,3631.0,0.18
1503,3631.0,0.18
1504,3631.0,0.18
1505,3631.0,0.18
1506,3631.0,0.18
1507,3631.0,0.18
1508,3631.0,0.18
1509,3631.0,0.18
1510,3631.0,0.18
1511,3631.0,0.18
1512,3631.0,0.18
1513,3631.0,0.18
1514,3631.0,0.18
1515,3631.0,0.18
1516,3631.0,0.18
1517,3631.0,0.18
1518,3631.0,0.18
1519,3631.0,0.18
1520,3631.0,0.18
1521,3631.0,0.18
1522,3631.0,0.18
1523,3631.0,0.18
1524,3631.0,0.18
1525,3631.0,0.18
1526,3631.0,0.18
1527,3631.0,0.18
1528,3631.0,0.18
1529,3631.0,0.18
1530,3631.0,0.18
1531,3639.0,0.18
1532,3639.0,0.18
1533,3639.0,0.18
1534,3639.0,0.18
1535,3639.0,0.18
1536,3639.0,0.18
1537,3639.0,0.18
1538,3639.0,0.18
1539,3639.0,0.18
1540,3639.0,0.18
1541,3639.0,0.18
1542,3639.0,0.18
1543,3639.0,0.18
1544,3639.0,0.18
1545,3639.0,0.18
1546,3639.0,0.18
1547,3639.0,0.18
1548,3639.0,0.18
1549,3639.0,0.18
1550,3639.0,0.18
1551,3639.0,0.18
1552,3639.0,0.18
1553,3639.0,0.18
1554,3639.0,0.18
1555,3639.0,0.18
1556,3639.0,0.18
1557,3639.0,0.18
1558,3639.0,0.18
1559,3639.0,0.18
1560,3639.0,0.18
1561,3639.0,0.18
1562,3639.0,0.18
1563,3639.0,0.18
1564,3639.0,0.18
1565,3639.0,0.18
1566,3639.0,0.18
1567,3639.0,0.18
1568,3639.0,0.18
1569,3639.0,0.18
1570,3639.0,0.18
1571,3639.0,0.18
1572,3639.0,0.18
1573,3639.0,0.18
1574,3639.0,0.18
1575,3639.0,0.18
1576,3639.0,0.18
1577,3639.0,0.18
1578,3639.0,0.18
1579,3639.0,0.18
1580,3639.0,0.18
1581,3639.0,0.18
1582,3639.0,0.18
1583,3639.0,0.18
1584,3639.0,0.18
1585,3639.0,0.18
1586,3639.0,0.18
1587,3639.0,0.18
1588,3639.0,0.18
1589,3639.0,0.18
1590,3657.0,0.18
1591,3657.0,0.18
1592,3657.0,0.18
1593,3657.0,0.18
1594,3657.0,0.18
1595,3657.0,0.18
1596,3657.0,0.18
1597,3657.0,0.18
1598,3657.0,0.18
1599,3657.0,0.18
1600,3657.0,0.18
1601,3657.0,0.18
1602,3657.0,0.18
1603,3657.0,0.18
1604,3657.0,0.18
1605,3657.0,0.18
1606,3657.0,0.18
1607,3657.0,0.18
1608,3657.0,0.18
1609,3657.0,0.18
1610,3657.0,0.18
1611,3657.0,0.18
1612,3657.0,0.18
1613,3657.0,0.18
1614,3657.0,0.18
1615,3657.0,0.18
1616,3657.0,0.18
1617,3657.0,0.18
1618,3657.0,0.18
1619,3657.0,0.18
1620,3657.0,0.18
1621,3657.0,0.18
1622,3657.0,0.18
1623,3657.0,0.18
1624,3657.0,0.18
1625,3657.0,0.18
1626,3657.0,0.18
1627,3657.0,0.18
1628,3657.0,0.18
1629,3657.0,0.18
1630,3657.0,0.18
1631,3657.0,0.18
1632,3657.0,0.18
1633,3677.0,0.18
1634,3677.0,0.18
1635,3677.0,0.18
1636,3677.0,0.18
1637,3677.0,0.18
1638,3677.0,0.18
1639,3677.0,0.18
1640,3677.0,0.18
1641,3677.0,0.18
1642,3677.0,0.18
1643,3677.0,0.18
1644,3677.0,0.18
1645,3677.0,0.18
1646,3677.0,0.18
1647,3677.0,0.18
1648,3692.0,0.18
1649,3692.0,0.18
1650,3692.0,0.18
1651,3692.0,0.18
1652,3692.0,0.18
1653,3692.0,0.18
1654,3692.0,0.18
1655,3692.0,0.18
1656,3692.0,0.18
1657,3692.0,0.18
1658,3692.0,0.18
1659,3692.0,0.18
1660,3692.0,0.18
1661,3692.0,0.18
1662,3692.0,0.18
1663,3692.0,0.18
1664,3692.0,0.18
1665,3692.0,0.18
1666,3692.0,0.18
1667,3692.0,0.18
1668,3692.0,0.18
1669,3692.0,0.18
1670,3692.0,0.18
1671,3692.0,0.18
1672,3692.0,0.18
1673,3692.0,0.18
1674,3692.0,0.18
1675,3692.0,0.18
1676,3692.0,0.18
1677,3692.0,0.18
1678,3692.0,0.18
1679,3692.0,0.18
1680,3692.0,0.18
1681,3692.0,0.18
1682,3692.0,0.18
1683,3692.0,0.18
1684,3692.0,0.18
1685,3692.0,0.18
1686,3692.0,0.18
1687,3692.0,0.18
1688,3692.0,0.18
1689,3716.0,0.18
1690,3716.0,0.18
1691,3716.0,0.18
1692,3716.0,0.18
1693,3716.0,0.18
1694,3716.0,0.18
1695,3716.0,0.18
1696,3716.0,0.18
1697,3716.0,0.18
1698,3716.0,0.18
1699,3716.0,0.18
1700,3716.0,0.18
1701,3716.0,0.18
1702,3716.0,0.18
1703,3716.0,0.18
1704,3659.0,0.18
1705,3659.0,0.18
1706,3659.0,0.18
1707,3659.0,0.18
1708,3659.0,0.18
1709,3659.0,0.18
1710,3659.0,0.18
1711,3659.0,0.18
1712,3659.0,0.18
1713,3659.0,0.18
1714,3659.0,0.18
1715,3659.0,0.18
1716,3659.0,0.18
1717,3659.0,0.18
1718,3659.0,0.18
1719,3659.0,0.18
1720,3659.0,0.18
1721,3659.0,0.18
1722,3659.0,0.18
1723,3659.0,0.18
1724,3659.0,0.18
1725,3659.0,0.18
1726,3659.0,0.18
1727,3659.0,0.18
1728,3659.0,0.18
1729,3659.0,0.18
1730,3659.0,0.18
1731,3659.0,0.18
1732,3659.0,0.18
1733,3659.0,0.18
1734,3659.0,0.18
1735,3659.0,0.18
1736,3659.0,0.18
1737,3659.0,0.18
1738,3659.0,0.18
1739,3659.0,0.18
1740,3659.0,0.18
1741,3659.0,0.18
1742,3659.0,0.18
1743,3659.0,0.18
1744,3659.0,0.18
1745,3659.0,0.18
1746,3659.0,0.18
1747,3659.0,0.18
1748,3659.0,0.18
1749,3659.0,0.18
1750,3659.0,0.18
1751,3659.0,0.18
1752,3659.0,0.18
1753,3659.0,0.18
1754,3659.0,0.18
1755,3659.0,0.18
1756,3659.0,0.18
1757,3659.0,0.18
1758,3659.0,0.18
1759,3659.0,0.18
1760,3659.0,0.18
1761,3659.0,0.18
1762,3659.0,0.18
1763,3659.0,0.18
1764,3659.0,0.18
1765,3659.0,0.18
1766,3659.0,0.18
1767,3659.0,0.18
1768,3659.0,0.18
1769,3659.0,0.18
1770,3659.0,0.18
1771,3659.0,0.18
1772,3659.0,0.18
1773,3659.0,0.18
1774,3659.0,0.18
1775,3659.0,0.18
1776,3659.0,0.18
1777,3659.0,0.18
1778,3659.0,0.18
1779,3659.0,0.18
1780,3659.0,0.18
1781,3659.0,0.18
1782,3659.0,0.18
1783,3659.0,0.18
1784,3659.0,0.18
1785,3659.0,0.18
1786,3659.0,0.18
1787,3659.0,0.18
1788,3659.0,0.18
1789,3659.0,0.18
1790,3659.0,0.18
1791,3659.0,0.18
1792,3659.0,0.18
1793,3659.0,0.18
1794,3659.0,0.18
1795,3659.0,0.18
1796,3659.0,0.18
1797,3659.0,0.18
1798,3659.0,0.18
1799,3659.0,0.18
1800,3659.0,0.18
1801,3659.0,0.18
1802,3659.0,0.18
1803,3659.0,0.18
1804,3659.0,0.18
1805,3659.0,0.18
1806,3659.0,0.18
1807,3659.0,0.18
1808,3659.0,0.18
1809,3659.0,0.18
1810,3659.0,0.18
1811,3659.0,0.18
1812,3659.0,0.18
1813,3659.0,0.18
1814,3659.0,0.18
1815,3659.0,0.18
1816,3659.0,0.18
1817,3659.0,0.18
1818,3659.0,0.18
1819,3659.0,0.18
1820,3654.0,0.18
1821,3654.0,0.18
1822,3654.0,0.18
1823,3654.0,0.18
1824,3654.0,0.18
1825,3654.0,0.18
1826,3654.0,0.18
1827,3654.0,0.18
1828,3654.0,0.18
1829,3654.0,0.18
1830,3654.0,0.18
1831,3654.0,0.18
1832,3654.0,0.18
1833,3654.0,0.18
1834,3654.0,0.18
1835,3654.0,0.18
1836,3654.0,0.18
1837,3654.0,0.18
1838,3654.0,0.18
1839,3654.0,0.18
1840,3654.0,0.18
1841,3654.0,0.18
1842,3654.0,0.18
1843,3654.0,0.18
1844,3654.0,0.18
1845,3654.0,0.18
1846,3654.0,0.18
1847,3654.0,0.18
1848,3654.0,0.18
1849,3654.0,0.18
1850,3654.0,0.18
1851,3654.0,0.18
1852,3654.0,0.18
1853,3654.0,0.18
1854,3654.0,0.18
1855,3654.0,0.18
1856,3654.0,0.18
1857,3654.0,0.18
1858,3654.0,0.18
1859,3654.0,0.18
1860,3654.0,0.18
1861,3654.0,0.18
1862,3654.0,0.18
1863,3654.0,0.18
1864,3654.0,0.18
1865,3654.0,0.18
1866,3654.0,0.18
1867,3654.0,0.18
1868,3654.0,0.18
1869,3654.0,0.18
1870,3654.0,0.18
1871,3654.0,0.18
1872,3654.0,0.18
1873,3654.0,0.18
1874,3654.0,0.18
1875,3654.0,0.18
1876,3654.0,0.18
1877,3654.0,0.18
1878,3654.0,0.18
1879,3654.0,0.18
1880,3657.0,0.18
1881,3657.0,0.18
1882,3657.0,0.18
1883,3657.0,0.18
1884,3657.0,0.18
1885,3657.0,0.18
1886,3657.0,0.18
1887,3657.0,0.18
1888,3657.0,0.18
1889,3657.0,0.18
1890,3657.0,0.18
1891,3657.0,0.18
1892,3657.0,0.18
1893,3657.0,0.18
1894,3657.0,0.18
1895,3657.0,0.18
1896,3657.0,0.18
1897,3657.0,0.18
1898,3657.0,0.18
1899,3657.0,0.18
1900,3657.0,0.18
1901,3657.0,0.18
1902,3657.0,0.18
1903,3657.0,0.18
1904,3657.0,0.18
1905,3657.0,0.18
1906,3657.0,0.18
1907,3657.0,0.18
1908,3657.0,0.18
1909,3657.0,0.18
1910,3657.0,0.18
1911,3657.0,0.18
1912,3657.0,0.18
1913,3657.0,0.18
1914,3657.0,0.18
1915,3657.0,0.18
1916,3657.0,0.18
1917,3657.0,0.18
1918,3657.0,0.18
1919,3657.0,0.18
1920,3657.0,0.18
1921,3657.0,0.18
1922,3657.0,0.18
1923,3657.0,0.18
1924,3657.0,0.18
1925,3657.0,0.18
1926,3657.0,0.18
1927,3657.0,0.18
1928,3657.0,0.18
1929,3657.0,0.18
1930,3657.0,0.18
1931,3657.0,0.18
1932,3657.0,0.18
1933,3657.0,0.18
1934,3657.0,0.18
1935,3657.0,0.18
1936,3657.0,0.18
1937,3657.0,0.18
1938,3657.0,0.18
1939,3651.0,0.18
1940,3651.0,0.18
1941,3651.0,0.18
1942,3651.0,0.18
1943,3651.0,0.18
1944,3651.0,0.18
1945,3651.0,0.18
1946,3651.0,0.18
1947,3651.0,0.18
1948,3651.0,0.18
1949,3651.0,0.18
1950,3651.0,0.18
1951,3651.0,0.18
1952,3651.0,0.18
1953,3651.0,0.18
1954,3651.0,0.18
1955,3651.0,0.18
1956,3651.0,0.18
1957,3651.0,0.18
1958,3651.0,0.18
1959,3651.0,0.18
1960,3651.0,0.18
1961,3651.0,0.18
1962,3651.0,0.18
1963,3651.0,0.18
1964,3651.0,0.18
1965,3651.0,0.18
1966,3651.0,0.18
1967,3651.0,0.18
1968,3651.0,0.18
1969,3651.0,0.18
1970,3651.0,0.18
1971,3651.0,0.18
1972,3651.0,0.18
1973,3651.0,0.18
1974,3651.0,0.18
1975,3651.0,0.18
1976,3651.0,0.18
1977,3651.0,0.18
1978,3651.0,0.18
1979,3651.0,0.18
1980,3651.0,0.18
1981,3651.0,0.18
1982,3651.0,0.18
1983,3651.0,0.18
1984,3651.0,0.18
1985,3651.0,0.18
1986,3651.0,0.18
1987,3651.0,0.18
1988,3651.0,0.18
1989,3651.0,0.18
1990,3651.0,0.18
1991,3651.0,0.18
1992,3632.0,0.17
1993,3632.0,0.17
1994,3632.0,0.17
1995,3632.0,0.17
1996,3632.0,0.17
1997,3678.0,0.17
1998,3678.0,0.17
1999,3678.0,0.17
2000,3678.0,0.17
2001,3678.0,0.17
2002,3678.0,0.17
2003,3678.0,0.17
2004,3678.0,0.17
2005,3678.0,0.17
2006,3700.0,0.17
2007,3700.0,0.17
2008,3700.0,0.17
2009,3700.0,0.17
2010,3700.0,0.17
2011,3700.0,0.17
2012,3700.0,0.17
2013,3700.0,0.17
2014,3700.0,0.17
2015,3700.0,0.17
2016,3700.0,0.17
2017,3700.0,0.17
2018,3700.0,0.17
2019,3700.0,0.17
2020,3700.0,0.17
2021,3700.0,0.17
2022,3700.0,0.17
2023,3700.0,0.17
2024,3700.0,0.17
2025,3700.0,0.17
2026,3700.0,0.17
2027,3700.0,0.17
2028,3700.0,0.17
2029,3700.0,0.17
2030,3700.0,0.17
2031,3700.0,0.17
2032,3700.0,0.17
2033,3700.0,0.17
2034,3700.0,0.17
2035,3700.0,0.17
2036,3700.0,0.17
2037,3700.0,0.17
2038,3700.0,0.17
2039,3700.0,0.17
2040,3700.0,0.17
2041,3700.0,0.17
2042,3700.0,0.17
2043,3700.0,0.17
2044,3700.0,0.17
2045,3700.0,0.17
2046,3700.0,0.17
2047,3700.0,0.17
2048,3700.0,0.17
2049,3690.0,0.17
2050,3690.0,0.17
2051,3690.0,0.17
2052,3690.0,0.17
2053,3690.0,0.17
2054,3690.0,0.17
2055,3690.0,0.17
2056,3640.0,0.17
2057,3640.0,0.17
2058,3640.0,0.17
2059,3640.0,0.17
2060,3640.0,0.17
2061,3640.0,0.17
2062,3640.0,0.17
2063,3640.0,0.17
2064,3640.0,0.17
2065,3640.0,0.17
2066,3640.0,0.17
2067,3640.0,0.17
2068,3640.0,0.17
2069,3640.0,0.17
2070,3640.0,0.17
2071,3640.0,0.17
2072,3640.0,0.17
2073,3640.0,0.17
2074,3640.0,0.17
2075,3640.0,0.17
2076,3640.0,0.17
2077,3640.0,0.17
2078,3640.0,0.17
2079,3640.0,0.17
2080,3640.0,0.17
2081,3640.0,0.17
2082,3640.0,0.17
2083,3640.0,0.17
2084,3640.0,0.17
2085,3640.0,0.17
2086,3640.0,0.17
2087,3640.0,0.17
2088,3640.0,0.17
2089,3640.0,0.17
2090,3640.0,0.17
2091,3640.0,0.17
2092,3640.0,0.17
2093,3640.0,0.17
2094,3640.0,0.17
2095,3640.0,0.17
2096,3640.0,0.17
2097,3640.0,0.17
2098,3640.0,0.17
2099,3640.0,0.17
2100,3640.0,0.17
2101,3640.0,0.17
2102,3640.0,0.17
2103,3640.0,0.17
2104,3640.0,0.17
2105,3640.0,0.17
2106,3640.0,0.17
2107,3640.0,0.17
2108,3640.0,0.17
2109,3640.0,0.17
2110,3640.0,0.17
2111,3640.0,0.17
2112,3640.0,0.17
2113,3640.0,0.17
2114,3640.0,0.17
2115,3641.0,0.17
2116,3647.0,0.17
2117,3647.0,0.17
2118,3647.0,0.17
2119,3647.0,0.17
2120,3647.0,0.17
2121,3647.0,0.17
2122,3647.0,0.17
2123,3647.0,0.17
2124,3647.0,0.17
2125,3647.0,0.17
2126,3647.0,0.17
2127,3647.0,0.17
2128,3647.0,0.17
2129,3647.0,0.17
2130,3647.0,0.17
2131,3647.0,0.17
2132,3647.0,0.17
2133,3647.0,0.17
2134,3647.0,0.17
2135,3647.0,0.17
2136,3647.0,0.17
2137,3647.0,0.17
2138,3647.0,0.17
2139,3647.0,0.17
2140,3647.0,0.17
2141,3647.0,0.17
2142,3647.0,0.17
2143,3647.0,0.17
2144,3647.0,0.17
2145,3647.0,0.17
2146,3647.0,0.17
2147,3647.0,0.17
2148,3647.0,0.17
2149,3647.0,0.17
2150,3647.0,0.17
2151,3647.0,0.17
2152,3647.0,0.17
2153,3647.0,0.17
2154,3647.0,0.17
2155,3647.0,0.17
2156,3647.0,0.17
2157,3647.0,0.17
2158,3647.0,0.17
2159,3647.0,0.17
2160,3647.0,0.17
2161,3647.0,0.17
2162,3647.0,0.17
2163,3647.0,0.17
2164,3647.0,0.17
2165,3647.0,0.17
2166,3647.0,0.17
2167,3647.0,0.17
2168,3647.0,0.17
2169,3647.0,0.17
2170,3647.0,0.17
2171,3647.0,0.17
2172,3647.0,0.17
2173,3641.0,0.17
2174,3641.0,0.17
2175,3641.0,0.17
2176,3641.0,0.17
2177,3641.0,0.17
2178,3641.0,0.17
2179,3641.0,0.17
2180,3641.0,0.17
2181,3641.0,0.17
2182,3641.0,0.17
2183,3641.0,0.17
2184,3641.0,0.17
2185,3641.0,0.17
2186,3641.0,0.17
2187,3641.0,0.17
2188,3641.0,0.17
2189,3641.0,0.17
2190,3641.0,0.17
2191,3641.0,0.17
2192,3641.0,0.17
2193,3641.0,0.17
2194,3641.0,0.17
2195,3641.0,0.17
2196,3641.0,0.17
2197,3641.0,0.17
2198,3641.0,0.17
2199,3641.0,0.17
2200,3641.0,0.17
2201,3641.0,0.17
2202,3641.0,0.17
2203,3641.0,0.17
2204,3641.0,0.17
2205,3641.0,0.17
2206,3641.0,0.17
2207,3641.0,0.17
2208,3641.0,0.17
2209,3641.0,0.17
2210,3641.0,0.17
2211,3641.0,0.17
2212,3641.0,0.17
2213,3641.0,0.17
2214,3641.0,0.17
2215,3641.0,0.17
2216,3641.0,0.17
2217,3641.0,0.17
2218,3641.0,0.17
2219,3641.0,0.17
2220,3641.0,0.17
2221,3628.0,0.17
2222,3628.0,0.17
2223,3628.0,0.17
2224,3628.0,0.17
2225,3628.0,0.17
2226,3628.0,0.17
2227,3628.0,0.17
2228,3628.0,0.17
2229,3628.0,0.17
2230,3628.0,0.17
2231,3628.0,0.17
2232,3637.0,0.17
2233,3637.0,0.17
2234,3637.0,0.17
2235,3637.0,0.17
2236,3637.0,0.17
2237,3637.0,0.17
2238,3637.0,0.17
2239,3637.0,0.17
2240,3637.0,0.17
2241,3637.0,0.17
2242,3637.0,0.17
2243,3637.0,0.17
2244,3637.0,0.17
2245,3637.0,0.17
2246,3637.0,0.17
2247,3637.0,0.17
2248,3637.0,0.17
2249,3637.0,0.17
2250,3637.0,0.17
2251,3637.0,0.17
2252,3637.0,0.17
2253,3637.0,0.17
2254,3637.0,0.17
2255,3637.0,0.17
2256,3637.0,0.17
2257,3637.0,0.17
2258,3637.0,0.17
2259,3637.0,0.17
2260,3637.0,0.17
2261,3637.0,0.17
2262,3637.0,0.17
2263,3637.0,0.17
2264,3637.0,0.17
2265,3637.0,0.17
2266,3637.0,0.17
2267,3637.0,0.17
2268,3637.0,0.17
2269,3637.0,0.17
2270,3637.0,0.17
2271,3637.0,0.17
2272,3637.0,0.17
2273,3637.0,0.17
2274,3637.0,0.17
2275,3637.0,0.17
2276,3637.0,0.17
2277,3637.0,0.17
2278,3637.0,0.17
2279,3637.0,0.17
2280,3637.0,0.17
2281,3637.0,0.17
2282,3637.0,0.17
2283,3637.0,0.17
2284,3637.0,0.17
2285,3637.0,0.17
2286,3637.0,0.17
2287,3637.0,0.17
2288,3637.0,0.17
2289,3637.0,0.17
2290,3636.0,0.17
2291,3636.0,0.17
2292,3636.0,0.17
2293,3636.0,0.17
2294,3636.0,0.17
2295,3636.0,0.17
2296,3636.0,0.17
2297,3636.0,0.17
2298,3636.0,0.17
2299,3636.0,0.17
2300,3636.0,0.17
2301,3636.0,0.17
2302,3636.0,0.17
2303,3636.0,0.17
2304,3636.0,0.17
2305,3636.0,0.17
2306,3636.0,0.17
2307,3636.0,0.17
2308,3636.0,0.17
2309,3636.0,0.17
2310,3636.0,0.17
2311,3636.0,0.17
2312,3636.0,0.17
2313,3636.0,0.17
2314,3636.0,0.17
2315,3636.0,0.17
2316,3636.0,0.17
2317,3636.0,0.17
2318,3636.0,0.17
2319,3636.0,0.17
2320,3636.0,0.17
2321,3636.0,0.17
2322,3636.0,0.17
2323,3636.0,0.17
2324,3636.0,0.17
2325,3636.0,0.17
2326,3636.0,0.17
2327,3636.0,0.17
2328,3636.0,0.17
2329,3636.0,0.17
2330,3636.0,0.17
2331,3636.0,0.17
2332,3636.0,0.17
2333,3636.0,0.17
2334,3636.0,0.17
2335,3636.0,0.17
2336,3636.0,0.17
2337,3636.0,0.17
2338,3636.0,0.17
2339,3636.0,0.17
2340,3636.0,0.17
2341,3636.0,0.17
2342,3636.0,0.17
2343,3636.0,0.17
2344,3636.0,0.17
2345,3636.0,0.17
2346,3640.0,0.16
2347,3640.0,0.16
2348,3640.0,0.16
2349,3640.0,0.16
2350,3640.0,0.16
2351,3640.0,0.16
2352,3640.0,0.16
2353,3640.0,0.16
2354,3640.0,0.16
2355,3640.0,0.16
2356,3640.0,0.16
2357,3640.0,0.16
2358,3640.0,0.16
2359,3640.0,0.16
2360,3640.0,0.16
2361,3640.0,0.16
2362,3640.0,0.16
2363,3640.0,0.16
2364,3640.0,0.16
2365,3640.0,0.16
2366,3640.0,0.16
2367,3640.0,0.16
2368,3640.0,0.16
2369,3640.0,0.16
2370,3640.0,0.16
2371,3640.0,0.16
2372,3640.0,0.16
2373,3640.0,0.16
2374,3640.0,0.16
2375,3640.0,0.16
2376,3640.0,0.16
2377,3640.0,0.16
2378,3640.0,0.16
2379,3640.0,0.16
2380,3640.0,0.16
2381,3640.0,0.16
2382,3640.0,0.16
2383,3640.0,0.16
2384,3640.0,0.16
2385,3640.0,0.16
2386,3640.0,0.16
2387,3640.0,0.16
2388,3640.0,0.16
2389,3640.0,0.16
2390,3640.0,0.16
2391,3640.0,0.16
2392,3640.0,0.16
2393,3640.0,0.16
2394,3640.0,0.16
2395,3640.0,0.16
2396,3640.0,0.16
2397,3640.0,0.16
2398,3640.0,0.16
2399,3640.0,0.16
2400,3640.0,0.16
2401,3640.0,0.16
2402,3640.0,0.16
2403,3640.0,0.16
2404,3634.0,0.16
2405,3634.0,0.16
2406,3634.0,0.16
2407,3634.0,0.16
2408,3634.0,0.16
2409,3634.0,0.16
2410,3634.0,0.16
2411,3634.0,0.16
2412,3634.0,0.16
2413,3634.0,0.16
2414,3634.0,0.16
2415,3634.0,0.16
2416,3634.0,0.16
2417,3634.0,0.16
2418,3634.0,0.16
2419,3634.0,0.16
2420,3634.0,0.16
2421,3634.0,0.16
2422,3634.0,0.16
2423,3634.0,0.16
2424,3634.0,0.16
2425,3634.0,0.16
2426,3634.0,0.16
2427,3634.0,0.16
2428,3634.0,0.16
2429,3634.0,0.16
2430,3634.0,0.16
2431,3634.0,0.16
2432,3634.0,0.16
2433,3634.0,0.16
2434,3634.0,0.16
2435,3634.0,0.16
2436,3634.0,0.16
2437,3634.0,0.16
2438,3634.0,0.16
2439,3634.0,0.16
2440,3634.0,0.16
2441,3634.0,0.16
2442,3634.0,0.16
2443,3634.0,0.16
2444,3634.0,0.16
2445,3634.0,0.16
2446,3633.0,0.16
2447,3633.0,0.16
2448,3633.0,0.16
2449,3633.0,0.16
2450,3633.0,0.16
2451,3633.0,0.16
2452,3633.0,0.16
2453,3633.0,0.16
2454,3633.0,0.16
2455,3633.0,0.16
2456,3633.0,0.16
2457,3633.0,0.16
2458,3633.0,0.16
2459,3633.0,0.16
2460,3633.0,0.16
2461,3633.0,0.16
2462,3633.0,0.16
2463,3620.0,0.16
2464,3620.0,0.16
2465,3620.0,0.16
2466,3620.0,0.16
2467,3620.0,0.16
2468,3620.0,0.16
2469,3620.0,0.16
2470,3620.0,0.16
2471,3620.0,0.16
2472,3620.0,0.16
2473,3620.0,0.16
2474,3620.0,0.16
2475,3620.0,0.16
2476,3620.0,0.16
2477,3620.0,0.16
2478,3620.0,0.16
2479,3620.0,0.16
2480,3620.0,0.16
2481,3620.0,0.16
2482,3620.0,0.16
2483,3620.0,0.16
2484,3620.0,0.16
2485,3620.0,0.16
2486,3620.0,0.16
2487,3620.0,0.16
2488,3620.0,0.16
2489,3620.0,0.16
2490,3620.0,0.16
2491,3620.0,0.16
2492,3620.0,0.16
2493,3620.0,0.16
2494,3620.0,0.16
2495,3620.0,0.16
2496,3620.0,0.16
2497,3620.0,0.16
2498,3620.0,0.16
2499,3620.0,0.16
2500,3620.0,0.16
2501,3620.0,0.16
2502,3620.0,0.16
2503,3620.0,0.16
2504,3620.0,0.16
2505,3620.0,0.16
2506,3620.0,0.16
2507,3620.0,0.16
2508,3620.0,0.16
2509,3620.0,0.16
2510,3620.0,0.16
2511,3620.0,0.16
2512,3620.0,0.16
2513,3620.0,0.16
2514,3620.0,0.16
2515,3620.0,0.16
2516,3620.0,0.16
2517,3620.0,0.16
2518,3620.0,0.16
2519,3620.0,0.16
2520,3620.0,0.16
2521,3620.0,0.16
2522,3620.0,0.16
2523,3633.0,0.16
2524,3633.0,0.16
2525,3633.0,0.16
2526,3633.0,0.16
2527,3633.0,0.16
2528,3633.0,0.16
2529,3633.0,0.16
2530,3633.0,0.16
2531,3633.0,0.16
2532,3633.0,0.16
2533,3633.0,0.16
2534,3633.0,0.16
2535,3633.0,0.16
2536,3633.0,0.16
2537,3633.0,0.16
2538,3633.0,0.16
2539,3633.0,0.16
2540,3633.0,0.16
2541,3633.0,0.16
2542,3633.0,0.16
2543,3633.0,0.16
2544,3633.0,0.16
2545,3633.0,0.16
2546,3633.0,0.16
2547,3633.0,0.16
2548,3633.0,0.16
2549,3633.0,0.16
2550,3633.0,0.16
2551,3633.0,0.16
2552,3633.0,0.16
2553,3633.0,0.16
2554,3633.0,0.16
2555,3633.0,0.16
2556,3633.0,0.16
2557,3633.0,0.16
2558,3633.0,0.16
2559,3633.0,0.16
2560,3633.0,0.16
2561,3633.0,0.16
2562,3633.0,0.16
2563,3633.0,0.16
2564,3633.0,0.16
2565,3633.0,0.16
2566,3633.0,0.16
2567,3633.0,0.16
2568,3633.0,0.16
2569,3633.0,0.16
2570,3633.0,0.16
2571,3633.0,0.16
2572,3633.0,0.16
2573,3633.0,0.16
2574,3633.0,0.16
2575,3633.0,0.16
2576,3633.0,0.16
2577,3633.0,0.16
2578,3644.0,0.16
2579,3644.0,0.16
2580,3644.0,0.16
2581,3644.0,0.16
2582,3644.0,0.16
2583,3644.0,0.16
2584,3644.0,0.16
2585,3644.0,0.16
2586,3644.0,0.16
2587,3644.0,0.16
2588,3644.0,0.16
2589,3644.0,0.16
2590,3644.0,0.16
2591,3644.0,0.16
2592,3644.0,0.16
2593,3644.0,0.16
2594,3644.0,0.16
2595,3644.0,0.16
2596,3644.0,0.16
2597,3644.0,0.16
2598,3644.0,0.16
2599,3644.0,0.16
2600,3644.0,0.16
2601,3644.0,0.16
2602,3644.0,0.16
2603,3644.0,0.16
2604,3644.0,0.16
2605,3644.0,0.16
2606,3644.0,0.16
2607,3644.0,0.16
2608,3644.0,0.16
2609,3644.0,0.16
2610,3644.0,0.16
2611,3638.0,0.16
2612,3638.0,0.16
2613,3638.0,0.16
2614,3638.0,0.16
2615,3638.0,0.16
2616,3638.0,0.16
2617,3638.0,0.16
2618,3638.0,0.16
2619,3638.0,0.16
2620,3638.0,0.16
2621,3638.0,0.16
2622,3638.0,0.16
2623,3638.0,0.16
2624,3638.0,0.16
2625,3638.0,0.16
2626,3638.0,0.16
2627,3638.0,0.16
2628,3638.0,0.16
2629,3638.0,0.16
2630,3638.0,0.16
2631,3638.0,0.16
2632,3638.0,0.16
2633,3638.0,0.16
2634,3616.0,0.16
2635,3616.0,0.16
2636,3616.0,0.16
2637,3616.0,0.16
2638,3616.0,0.16
2639,3616.0,0.16
2640,3616.0,0.16
2641,3616.0,0.16
2642,3616.0,0.16
2643,3616.0,0.16
2644,3616.0,0.16
2645,3616.0,0.16
2646,3616.0,0.16
2647,3616.0,0.16
2648,3616.0,0.16
2649,3616.0,0.16
2650,3616.0,0.16
2651,3616.0,0.16
2652,3616.0,0.16
2653,3616.0,0.16
2654,3616.0,0.16
2655,3616.0,0.16
2656,3616.0,0.16
2657,3616.0,0.16
2658,3616.0,0.16
2659,3616.0,0.16
2660,3616.0,0.16
2661,3616.0,0.16
2662,3616.0,0.16
2663,3616.0,0.16
2664,3616.0,0.16
2665,3616.0,0.16
2666,3616.0,0.16
2667,3616.0,0.16
2668,3616.0,0.16
2669,3616.0,0.16
2670,3616.0,0.16
2671,3616.0,0.16
2672,3616.0,0.16
2673,3616.0,0.16
2674,3616.0,0.16
2675,3616.0,0.16
2676,3616.0,0.16
2677,3616.0,0.16
2678,3616.0,0.16
2679,3616.0,0.16
2680,3616.0,0.16
2681,3628.0,0.15
2682,3628.0,0.15
2683,3628.0,0.15
2684,3628.0,0.15
2685,3628.0,0.15
2686,3628.0,0.15
2687,3628.0,0.15
2688,3628.0,0.15
2689,3628.0,0.15
2690,3628.0,0.15
2691,3628.0,0.15
2692,3628.0,0.15
2693,3610.0,0.15
2694,3610.0,0.15
2695,3610.0,0.15
2696,3610.0,0.15
2697,3610.0,0.15
2698,3610.0,0.15
2699,3610.0,0.15
2700,3610.0,0.15
2701,3610.0,0.15
2702,3610.0,0.15
2703,3610.0,0.15
2704,3610.0,0.15
2705,3610.0,0.15
2706,3610.0,0.15
2707,3610.0,0.15
2708,3610.0,0.15
2709,3610.0,0.15
2710,3610.0,0.15
2711,3610.0,0.15
2712,3610.0,0.15
2713,3610.0,0.15
2714,3610.0,0.15
2715,3610.0,0.15
2716,3610.0,0.15
2717,3610.0,0.15
2718,3610.0,0.15
2719,3610.0,0.15
2720,3610.0,0.15
2721,3610.0,0.15
2722,3610.0,0.15
2723,3610.0,0.15
2724,3610.0,0.15
2725,3610.0,0.15
2726,3610.0,0.15
2727,3610.0,0.15
2728,3610.0,0.15
2729,3610.0,0.15
2730,3610.0,0.15
2731,3610.0,0.15
2732,3610.0,0.15
2733,3610.0,0.15
2734,3610.0,0.15
2735,3610.0,0.15
2736,3610.0,0.15
2737,3610.0,0.15
2738,3610.0,0.15
2739,3610.0,0.15
2740,3610.0,0.15
2741,3610.0,0.15
2742,3610.0,0.15
2743,3610.0,0.15
2744,3610.0,0.15
2745,3610.0,0.15
2746,3610.0,0.15
2747,3610.0,0.15
2748,3610.0,0.15
2749,3610.0,0.15
2750,3610.0,0.15
2751,3610.0,0.15
2752,3609.0,0.15
2753,3609.0,0.15
2754,3609.0,0.15
2755,3609.0,0.15
2756,3609.0,0.15
2757,3609.0,0.15
2758,3609.0,0.15
2759,3609.0,0.15
2760,3609.0,0.15
2761,3609.0,0.15
2762,3609.0,0.15
2763,3609.0,0.15
2764,3609.0,0.15
2765,3609.0,0.15
2766,3609.0,0.15
2767,3609.0,0.15
2768,3609.0,0.15
2769,3609.0,0.15
2770,3609.0,0.15
2771,3609.0,0.15
2772,3609.0,0.15
2773,3609.0,0.15
2774,3609.0,0.15
2775,3609.0,0.15
2776,3609.0,0.15
2777,3609.0,0.15
2778,3609.0,0.15
2779,3609.0,0.15
2780,3609.0,0.15
2781,3609.0,0.15
2782,3609.0,0.15
2783,3609.0,0.15
2784,3609.0,0.15
2785,3609.0,0.15
2786,3609.0,0.15
2787,3609.0,0.15
2788,3609.0,0.15
2789,3609.0,0.15
2790,3609.0,0.15
2791,3609.0,0.15
2792,3609.0,0.15
2793,3609.0,0.15
2794,3609.0,0.15
2795,3609.0,0.15
2796,3609.0,0.15
2797,3609.0,0.15
2798,3609.0,0.15
2799,3609.0,0.15
2800,3609.0,0.15
2801,3609.0,0.15
2802,3609.0,0.15
2803,3609.0,0.15
2804,3609.0,0.15
2805,3609.0,0.15
2806,3609.0,0.15
2807,3609.0,0.15
2808,3609.0,0.15
2809,3609.0,0.15
2810,3609.0,0.15
2811,3603.0,0.15
2812,3603.0,0.15
2813,3603.0,0.15
2814,3603.0,0.15
2815,3603.0,0.15
2816,3603.0,0.15
2817,3603.0,0.15
2818,3603.0,0.15
2819,3603.0,0.15
2820,3603.0,0.15
2821,3603.0,0.15
2822,3603.0,0.15
2823,3603.0,0.15
2824,3603.0,0.15
2825,3603.0,0.15
2826,3603.0,0.15
2827,3603.0,0.15
2828,3603.0,0.15
2829,3603.0,0.15
2830,3603.0,0.15
2831,3603.0,0.15
2832,3603.0,0.15
2833,3603.0,0.15
2834,3603.0,0.15
2835,3603.0,0.15
2836,3603.0,0.15
2837,3603.0,0.15
2838,3603.0,0.15
2839,3603.0,0.15
2840,3603.0,0.15
2841,3603.0,0.15
2842,3603.0,0.15
2843,3603.0,0.15
2844,3603.0,0.15
2845,3603.0,0.15
2846,3603.0,0.15
2847,3603.0,0.15
2848,3603.0,0.15
2849,3603.0,0.15
2850,3603.0,0.15
2851,3603.0,0.15
2852,3603.0,0.15
2853,3603.0,0.15
2854,3603.0,0.15
2855,3603.0,0.15
2856,3603.0,0.15
2857,3603.0,0.15
2858,3603.0,0.15
2859,3603.0,0.15
2860,3603.0,0.15
2861,3603.0,0.15
2862,3603.0,0.15
2863,3603.0,0.15
2864,3603.0,0.15
2865,3603.0,0.15
2866,3603.0,0.15
2867,3603.0,0.15
2868,3623.0,0.15
2869,3623.0,0.15
2870,3623.0,0.15
2871,3623.0,0.15
2872,3623.0,0.15
2873,3623.0,0.15
2874,3623.0,0.15
2875,3623.0,0.15
2876,3623.0,0.15
2877,3623.0,0.15
2878,3623.0,0.15
2879,3623.0,0.15
2880,3623.0,0.15
2881,3623.0,0.15
2882,3623.0,0.15
2883,3623.0,0.15
2884,3623.0,0.15
2885,3623.0,0.15
2886,3623.0,0.15
2887,3623.0,0.15
2888,3623.0,0.15
2889,3623.0,0.15
2890,3623.0,0.15
2891,3623.0,0.15
2892,3623.0,0.15
2893,3623.0,0.15
2894,3623.0,0.15
2895,3623.0,0.15
2896,3623.0,0.15
2897,3623.0,0.15
2898,3623.0,0.15
2899,3623.0,0.15
2900,3623.0,0.15
2901,3623.0,0.15
2902,3623.0,0.15
2903,3623.0,0.15
2904,3623.0,0.15
2905,3623.0,0.15
2906,3623.0,0.15
2907,3623.0,0.15
2908,3623.0,0.15
2909,3623.0,0.15
2910,3623.0,0.15
2911,3623.0,0.15
2912,3623.0,0.15
2913,3623.0,0.15
2914,3623.0,0.15
2915,3623.0,0.15
2916,3623.0,0.15
2917,3623.0,0.15
2918,3623.0,0.15
2919,3623.0,0.15
2920,3623.0,0.15
2921,3623.0,0.15
2922,3623.0,0.15
2923,3623.0,0.15
2924,3623.0,0.15
2925,3623.0,0.15
2926,3623.0,0.15
2927,3622.0,0.15
2928,3622.0,0.15
2929,3622.0,0.15
2930,3622.0,0.15
2931,3622.0,0.15
2932,3622.0,0.15
2933,3622.0,0.15
2934,3622.0,0.15
2935,3622.0,0.15
2936,3622.0,0.15
2937,3622.0,0.15
2938,3622.0,0.15
2939,3622.0,0.15
2940,3622.0,0.15
2941,3622.0,0.15
2942,3622.0,0.15
2943,3622.0,0.15
2944,3622.0,0.15
2945,3622.0,0.15
2946,3622.0,0.15
2947,3622.0,0.15
2948,3622.0,0.15
2949,3622.0,0.15
2950,3622.0,0.15
2951,3622.0,0.15
2952,3622.0,0.15
2953,3622.0,0.15
2954,3622.0,0.15
2955,3624.0,0.15
2956,3624.0,0.15
2957,3624.0,0.15
2958,3624.0,0.15
2959,3624.0,0.15
2960,3624.0,0.15
2961,3624.0,0.15
2962,3624.0,0.15
2963,3624.0,0.15
2964,3624.0,0.15
2965,3624.0,0.15
2966,3624.0,0.15
2967,3624.0,0.15
2968,3624.0,0.15
2969,3624.0,0.15
2970,3624.0,0.15
2971,3624.0,0.15
2972,3624.0,0.15
2973,3624.0,0.15
2974,3624.0,0.15
2975,3624.0,0.15
2976,3624.0,0.15
2977,3624.0,0.15
2978,3624.0,0.15
2979,3624.0,0.15
2980,3624.0,0.15
2981,3624.0,0.15
2982,3624.0,0.15
2983,3624.0,0.15
2984,3617.0,0.14
2985,3617.0,0.14
2986,3617.0,0.14
2987,3617.0,0.14
2988,3617.0,0.14
2989,3617.0,0.14
2990,3617.0,0.14
2991,3617.0,0.14
2992,3617.0,0.14
2993,3617.0,0.14
2994,3617.0,0.14
2995,3617.0,0.14
2996,3617.0,0.14
2997,3617.0,0.14
2998,3617.0,0.14
2999,3617.0,0.14
3000,3617.0,0.14
3001,3617.0,0.14
3002,3617.0,0.14
3003,3617.0,0.14
3004,3617.0,0.14
3005,3617.0,0.14
3006,3617.0,0.14
3007,3617.0,0.14
3008,3617.0,0.14
3009,3617.0,0.14
3010,3617.0,0.14
3011,3617.0,0.14
3012,3617.0,0.14
3013,3617.0,0.14
3014,3617.0,0.14
3015,3617.0,0.14
3016,3617.0,0.14
3017,3617.0,0.14
3018,3617.0,0.14
3019,3617.0,0.14
3020,3617.0,0.14
3021,3617.0,0.14
3022,3617.0,0.14
3023,3617.0,0.14
3024,3617.0,0.14
3025,3617.0,0.14
3026,3617.0,0.14
3027,3617.0,0.14
3028,3617.0,0.14
3029,3617.0,0.14
3030,3617.0,0.14
3031,3617.0,0.14
3032,3617.0,0.14
3033,3617.0,0.14
3034,3617.0,0.14
3035,3617.0,0.14
3036,3617.0,0.14
3037,3617.0,0.14
3038,3617.0,0.14
3039,3617.0,0.14
3040,3617.0,0.14
3041,3616.0,0.14
3042,3616.0,0.14
3043,3616.0,0.14
3044,3616.0,0.14
3045,3616.0,0.14
3046,3616.0,0.14
3047,3616.0,0.14
3048,3616.0,0.14
3049,3616.0,0.14
3050,3616.0,0.14
3051,3616.0,0.14
3052,3616.0,0.14
3053,3616.0,0.14
3054,3616.0,0.14
3055,3616.0,0.14
3056,3615.0,0.14
3057,3615.0,0.14
3058,3615.0,0.14
3059,3615.0,0.14
3060,3615.0,0.14
3061,3615.0,0.14
3062,3615.0,0.14
3063,3615.0,0.14
3064,3615.0,0.14
3065,3615.0,0.14
3066,3615.0,0.14
3067,3615.0,0.14
3068,3615.0,0.14
3069,3615.0,0.14
3070,3615.0,0.14
3071,3615.0,0.14
3072,3615.0,0.14
3073,3615.0,0.14
3074,3615.0,0.14
3075,3615.0,0.14
3076,3615.0,0.14
3077,3615.0,0.14
3078,3615.0,0.14
3079,3615.0,0.14
3080,3620.0,0.14
3081,3620.0,0.14
3082,3620.0,0.14
3083,3620.0,0.14
3084,3620.0,0.14
3085,3620.0,0.14
3086,3620.0,0.14
3087,3620.0,0.14
3088,3620.0,0.14
3089,3620.0,0.14
3090,3620.0,0.14
3091,3620.0,0.14
3092,3620.0,0.14
3093,3620.0,0.14
3094,3620.0,0.14
3095,3620.0,0.14
3096,3620.0,0.14
3097,3620.0,0.14
3098,3640.0,0.14
3099,3640.0,0.14
3100,3640.0,0.14
3101,3640.0,0.14
3102,3640.0,0.14
3103,3640.0,0.14
3104,3640.0,0.14
3105,3640.0,0.14
3106,3640.0,0.14
3107,3640.0,0.14
3108,3640.0,0.14
3109,3640.0,0.14
3110,3640.0,0.14
3111,3640.0,0.14
3112,3640.0,0.14
3113,3640.0,0.14
3114,3640.0,0.14
3115,3640.0,0.14
3116,3640.0,0.14
3117,3640.0,0.14
3118,3640.0,0.14
3119,3640.0,0.14
3120,3640.0,0.14
3121,3640.0,0.14
3122,3640.0,0.14
3123,3640.0,0.14
3124,3640.0,0.14
3125,3640.0,0.14
3126,3640.0,0.14
3127,3640.0,0.14
3128,3640.0,0.14
3129,3640.0,0.14
3130,3640.0,0.14
3131,3640.0,0.14
3132,3640.0,0.14
3133,3640.0,0.14
3134,3640.0,0.14
3135,3640.0,0.14
3136,3640.0,0.14
3137,3640.0,0.14
3138,3640.0,0.14
3139,3640.0,0.14
3140,3640.0,0.14
3141,3640.0,0.14
3142,3640.0,0.14
3143,3640.0,0.14
3144,3640.0,0.14
3145,3640.0,0.14
3146,3640.0,0.14
3147,3640.0,0.14
3148,3640.0,0.14
3149,3640.0,0.14
3150,3640.0,0.14
3151,3640.0,0.14
3152,3640.0,0.14
3153,3640.0,0.14
3154,3640.0,0.14
3155,3640.0,0.14
3156,3607.0,0.13
3157,3607.0,0.13
3158,3607.0,0.13
3159,3607.0,0.13
3160,3607.0,0.13
3161,3607.0,0.13
3162,3607.0,0.13
3163,3607.0,0.13
3164,3607.0,0.13
3165,3607.0,0.13
3166,3607.0,0.13
3167,3607.0,0.13
3168,3607.0,0.13
3169,3607.0,0.13
3170,3607.0,0.13
3171,3607.0,0.13
3172,3607.0,0.13
3173,3607.0,0.13
3174,3607.0,0.13
3175,3607.0,0.13
3176,3607.0,0.13
3177,3607.0,0.13
3178,3607.0,0.13
3179,3607.0,0.13
3180,3607.0,0.13
3181,3607.0,0.13
3182,3607.0,0.13
3183,3607.0,0.13
3184,3607.0,0.13
3185,3607.0,0.13
3186,3607.0,0.13
3187,3607.0,0.13
3188,3607.0,0.13
3189,3607.0,0.13
3190,3607.0,0.13
3191,3607.0,0.13
3192,3607.0,0.13
3193,3607.0,0.13
3194,3607.0,0.13
3195,3607.0,0.13
3196,3607.0,0.13
3197,3607.0,0.13
3198,3607.0,0.13
3199,3607.0,0.13
3200,3607.0,0.13
3201,3607.0,0.13
3202,3607.0,0.13
3203,3607.0,0.13
3204,3607.0,0.13
3205,3607.0,0.13
3206,3607.0,0.13
3207,3607.0,0.13
3208,3607.0,0.13
3209,3607.0,0.13
3210,3607.0,0.13
3211,3607.0,0.13
3212,3607.0,0.13
3213,3607.0,0.13
3214,3607.0,0.13
3215,3607.0,0.13
3216,3610.0,0.13
3217,3610.0,0.13
3218,3610.0,0.13
3219,3610.0,0.13
3220,3610.0,0.13
3221,3610.0,0.13
3222,3610.0,0.13
3223,3610.0,0.13
3224,3610.0,0.13
3225,3610.0,0.13
3226,3610.0,0.13
3227,3610.0,0.13
3228,3610.0,0.13
3229,3610.0,0.13
3230,3610.0,0.13
3231,3610.0,0.13
3232,3610.0,0.13
3233,3610.0,0.13
3234,3610.0,0.13
3235,3610.0,0.13
3236,3610.0,0.13
3237,3610.0,0.13
3238,3610.0,0.13
3239,3610.0,0.13
3240,3610.0,0.13
3241,3610.0,0.13
3242,3610.0,0.13
3243,3610.0,0.13
3244,3610.0,0.13
3245,3610.0,0.13
3246,3610.0,0.13
3247,3610.0,0.13
3248,3610.0,0.13
3249,3610.0,0.13
3250,3610.0,0.13
3251,3610.0,0.13
3252,3610.0,0.13
3253,3610.0,0.13
3254,3610.0,0.13
3255,3610.0,0.13
3256,3610.0,0.13
3257,3610.0,0.13
3258,3610.0,0.13
3259,3610.0,0.13
3260,3610.0,0.13
3261,3610.0,0.13
3262,3610.0,0.13
3263,3610.0,0.13
3264,3610.0,0.13
3265,3610.0,0.13
3266,3610.0,0.13
3267,3610.0,0.13
3268,3610.0,0.13
3269,3610.0,0.13
3270,3610.0,0.13
3271,3610.0,0.13
3272,3610.0,0.13
3273,3610.0,0.13
3274,3610.0,0.13
3275,3613.0,0.13
3276,3613.0,0.13
3277,3613.0,0.13
3278,3613.0,0.13
3279,3613.0,0.13
3280,3613.0,0.13
3281,3613.0,0.13
3282,3613.0,0.13
3283,3613.0,0.13
3284,3613.0,0.13
3285,3613.0,0.13
3286,3613.0,0.13
3287,3613.0,0.13
3288,3613.0,0.13
3289,3613.0,0.13
3290,3613.0,0.13
3291,3613.0,0.13
3292,3613.0,0.13
3293,3613.0,0.13
3294,3613.0,0.13
3295,3613.0,0.13
3296,3613.0,0.13
3297,3613.0,0.13
3298,3613.0,0.13
3299,3613.0,0.13
3300,3613.0,0.13
3301,3613.0,0.13
3302,3613.0,0.13
3303,3613.0,0.13
3304,3613.0,0.13
3305,3613.0,0.13
3306,3613.0,0.13
3307,3613.0,0.13
3308,3613.0,0.13
3309,3613.0,0.13
3310,3613.0,0.13
3311,3613.0,0.13
3312,3613.0,0.13
3313,3613.0,0.13
3314,3613.0,0.13
3315,3613.0,0.13
3316,3613.0,0.13
3317,3613.0,0.13
3318,3613.0,0.13
3319,3613.0,0.13
3320,3613.0,0.13
3321,3613.0,0.13
3322,3613.0,0.13
3323,3613.0,0.13
3324,3613.0,0.13
3325,3613.0,0.13
3326,3613.0,0.13
3327,3613.0,0.13
3328,3613.0,0.13
3329,3613.0,0.13
3330,3613.0,0.13
3331,3613.0,0.13
3332,3613.0,0.13
3333,3613.0,0.13
3334,3613.0,0.13
3335,3608.0,0.13
3336,3608.0,0.13
3337,3608.0,0.13
3338,3608.0,0.13
3339,3608.0,0.13
3340,3608.0,0.13
3341,3608.0,0.13
3342,3608.0,0.13
3343,3608.0,0.13
3344,3608.0,0.13
3345,3608.0,0.13
3346,3608.0,0.13
3347,3608.0,0.13
3348,3608.0,0.13
3349,3608.0,0.13
3350,3608.0,0.13
3351,3608.0,0.13
3352,3608.0,0.13
3353,3608.0,0.13
3354,3608.0,0.13
3355,3608.0,0.13
3356,3608.0,0.13
3357,3608.0,0.13
3358,3608.0,0.13
3359,3608.0,0.13
3360,3608.0,0.13
3361,3608.0,0.13
3362,3608.0,0.13
3363,3608.0,0.13
3364,3608.0,0.13
3365,3608.0,0.13
3366,3608.0,0.13
3367,3608.0,0.13
3368,3608.0,0.13
3369,3608.0,0.13
3370,3608.0,0.13
3371,3608.0,0.13
3372,3608.0,0.13
3373,3608.0,0.13
3374,3608.0,0.13
3375,3608.0,0.13
3376,3608.0,0.13
3377,3608.0,0.13
3378,3608.0,0.13
3379,3608.0,0.13
3380,3608.0,0.13
3381,3608.0,0.13
3382,3608.0,0.13
3383,3608.0,0.13
3384,3608.0,0.13
3385,3608.0,0.13
3386,3608.0,0.13
3387,3608.0,0.13
3388,3608.0,0.13
3389,3608.0,0.13
3390,3608.0,0.13
3391,3608.0,0.13
3392,3608.0,0.13
3393,3608.0,0.13
3394,3609.0,0.13
3395,3609.0,0.13
3396,3609.0,0.13
3397,3609.0,0.13
3398,3609.0,0.13
3399,3609.0,0.13
3400,3609.0,0.13
3401,3609.0,0.13
3402,3609.0,0.13
3403,3609.0,0.13
3404,3609.0,0.13
3405,3609.0,0.13
3406,3609.0,0.13
3407,3609.0,0.13
3408,3609.0,0.13
3409,3609.0,0.13
3410,3609.0,0.13
3411,3609.0,0.13
3412,3609.0,0.13
3413,3609.0,0.13
3414,3609.0,0.13
3415,3609.0,0.13
3416,3609.0,0.13
3417,3609.0,0.13
3418,3609.0,0.13
3419,3609.0,0.13
3420,3609.0,0.13
3421,3609.0,0.13
3422,3609.0,0.13
3423,3609.0,0.13
3424,3609.0,0.13
3425,3609.0,0.13
3426,3609.0,0.13
3427,3609.0,0.13
3428,3609.0,0.13
3429,3609.0,0.13
3430,3609.0,0.13
3431,3609.0,0.13
3432,3609.0,0.13
3433,3609.0,0.13
3434,3609.0,0.13
3435,3609.0,0.13
3436,3609.0,0.13
3437,3609.0,0.13
3438,3609.0,0.13
3439,3609.0,0.13
3440,3609.0,0.13
3441,3609.0,0.13
3442,3609.0,0.13
3443,3606.0,0.12
3444,3606.0,0.12
3445,3606.0,0.12
3446,3606.0,0.12
3447,3606.0,0.12
3448,3606.0,0.12
3449,3606.0,0.12
3450,3606.0,0.12
3451,3606.0,0.12
3452,3606.0,0.12
3453,3606.0,0.12
3454,3608.0,0.12
3455,3608.0,0.12
3456,3608.0,0.12
3457,3608.0,0.12
3458,3608.0,0.12
3459,3608.0,0.12
3460,3608.0,0.12
3461,3608.0,0.12
3462,3608.0,0.12
3463,3608.0,0.12
3464,3608.0,0.12
3465,3608.0,0.12
3466,3608.0,0.12
3467,3608.0,0.12
3468,3608.0,0.12
3469,3608.0,0.12
3470,3608.0,0.12
3471,3608.0,0.12
3472,3608.0,0.12
3473,3608.0,0.12
3474,3608.0,0.12
3475,3608.0,0.12
3476,3608.0,0.12
3477,3608.0,0.12
3478,3608.0,0.12
3479,3608.0,0.12
3480,3608.0,0.12
3481,3608.0,0.12
3482,3608.0,0.12
3483,3607.0,0.12
3484,3607.0,0.12
3485,3607.0,0.12
3486,3607.0,0.12
3487,3607.0,0.12
3488,3607.0,0.12
3489,3607.0,0.12
3490,3607.0,0.12
3491,3607.0,0.12
3492,3607.0,0.12
3493,3607.0,0.12
3494,3607.0,0.12
3495,3607.0,0.12
3496,3607.0,0.12
3497,3607.0,0.12
3498,3607.0,0.12
3499,3607.0,0.12
3500,3607.0,0.12
3501,3607.0,0.12
3502,3607.0,0.12
3503,3607.0,0.12
3504,3607.0,0.12
3505,3607.0,0.12
3506,3607.0,0.12
3507,3607.0,0.12
3508,3607.0,0.12
3509,3607.0,0.12
3510,3607.0,0.12
3511,3607.0,0.12
3512,3607.0,0.12
3513,3594.0,0.12
3514,3594.0,0.12
3515,3594.0,0.12
3516,3594.0,0.12
3517,3594.0,0.12
3518,3594.0,0.12
3519,3594.0,0.12
3520,3594.0,0.12
3521,3594.0,0.12
3522,3594.0,0.12
3523,3594.0,0.12
3524,3594.0,0.12
3525,3594.0,0.12
3526,3594.0,0.12
3527,3594.0,0.12
3528,3594.0,0.12
3529,3594.0,0.12
3530,3594.0,0.12
3531,3594.0,0.12
3532,3594.0,0.12
3533,3594.0,0.12
3534,3594.0,0.12
3535,3594.0,0.12
3536,3594.0,0.12
3537,3594.0,0.12
3538,3594.0,0.12
3539,3594.0,0.12
3540,3594.0,0.12
3541,3594.0,0.12
3542,3594.0,0.12
3543,3594.0,0.12
3544,3594.0,0.12
3545,3594.0,0.12
3546,3594.0,0.12
3547,3594.0,0.12
3548,3594.0,0.12
3549,3594.0,0.12
3550,3594.0,0.12
3551,3594.0,0.12
3552,3594.0,0.12
3553,3594.0,0.12
3554,3594.0,0.12
3555,3594.0,0.12
3556,3594.0,0.12
3557,3594.0,0.12
3558,3594.0,0.12
3559,3594.0,0.12
3560,3594.0,0.12
3561,3594.0,0.12
3562,3594.0,0.12
3563,3594.0,0.12
3564,3594.0,0.12
3565,3594.0,0.12
3566,3594.0,0.12
3567,3594.0,0.12
3568,3594.0,0.12
3569,3594.0,0.12
3570,3594.0,0.12
3571,3594.0,0.12
3572,3594.0,0.12
3573,3602.0,0.12
3574,3602.0,0.12
3575,3602.0,0.12
3576,3602.0,0.12
3577,3602.0,0.12
3578,3602.0,0.12
3579,3602.0,0.12
3580,3602.0,0.12
3581,3602.0,0.12
3582,3602.0,0.12
3583,3602.0,0.12
3584,3602.0,0.12
3585,3602.0,0.12
3586,3602.0,0.12
3587,3602.0,0.12
3588,3602.0,0.12
3589,3602.0,0.12
3590,3602.0,0.12
3591,3602.0,0.12
3592,3602.0,0.12
3593,3602.0,0.12
3594,3602.0,0.12
3595,3602.0,0.12
3596,3602.0,0.12
3597,3602.0,0.12
3598,3602.0,0.12
3599,3602.0,0.12
3600,3602.0,0.12
3601,3602.0,0.12
3602,3602.0,0.12
3603,3602.0,0.12
3604,3602.0,0.12
3605,3602.0,0.12
3606,3602.0,0.12
3607,3602.0,0.12
3608,3602.0,0.12
3609,3602.0,0.12
3610,3602.0,0.12
3611,3602.0,0.12
3612,3602.0,0.12
3613,3602.0,0.12
3614,3602.0,0.12
3615,3602.0,0.12
3616,3602.0,0.12
3617,3602.0,0.12
3618,3602.0,0.12
3619,3602.0,0.12
3620,3602.0,0.12
3621,3602.0,0.12
3622,3602.0,0.12
3623,3602.0,0.12
3624,3602.0,0.12
3625,3602.0,0.12
3626,3602.0,0.12
3627,3602.0,0.12
3628,3602.0,0.12
3629,3602.0,0.12
3630,3602.0,0.12
3631,3602.0,0.12
3632,3602.0,0.12
3633,3598.0,0.11
3634,3598.0,0.11
3635,3598.0,0.11
3636,3598.0,0.11
3637,3598.0,0.11
3638,3598.0,0.11
3639,3598.0,0.11
3640,3598.0,0.11
3641,3598.0,0.11
3642,3598.0,0.11
3643,3598.0,0.11
3644,3598.0,0.11
3645,3598.0,0.11
3646,3598.0,0.11
3647,3598.0,0.11
3648,3598.0,0.11
3649,3598.0,0.11
3650,3598.0,0.11
3651,3598.0,0.11
3652,3598.0,0.11
3653,3598.0,0.11
3654,3598.0,0.11
3655,3598.0,0.11
3656,3598.0,0.11
3657,3598.0,0.11
3658,3598.0,0.11
3659,3598.0,0.11
3660,3598.0,0.11
3661,3598.0,0.11
3662,3598.0,0.11
3663,3598.0,0.11
3664,3598.0,0.11
3665,3598.0,0.11
3666,3598.0,0.11
3667,3598.0,0.11
3668,3598.0,0.11
3669,3598.0,0.11
3670,3598.0,0.11
3671,3598.0,0.11
3672,3598.0,0.11
3673,3598.0,0.11
3674,3598.0,0.11
3675,3598.0,0.11
3676,3598.0,0.11
3677,3598.0,0.11
3678,3598.0,0.11
3679,3598.0,0.11
3680,3598.0,0.11
3681,3598.0,0.11
3682,3598.0,0.11
3683,3598.0,0.11
3684,3598.0,0.11
3685,3598.0,0.11
3686,3598.0,0.11
3687,3598.0,0.11
3688,3598.0,0.11
3689,3598.0,0.11
3690,3598.0,0.11
3691,3598.0,0.11
3692,3600.0,0.11
3693,3600.0,0.11
3694,3600.0,0.11
3695,3600.0,0.11
3696,3600.0,0.11
3697,3600.0,0.11
3698,3600.0,0.11
3699,3600.0,0.11
3700,3600.0,0.11
3701,3600.0,0.11
3702,3600.0,0.11
3703,3600.0,0.11
3704,3600.0,0.11
3705,3600.0,0.11
3706,3600.0,0.11
3707,3600.0,0.11
3708,3600.0,0.11
3709,3600.0,0.11
3710,3600.0,0.11
3711,3600.0,0.11
3712,3600.0,0.11
3713,3600.0,0.11
3714,3600.0,0.11
3715,3600.0,0.11
3716,3600.0,0.11
3717,3600.0,0.11
3718,3600.0,0.11
3719,3600.0,0.11
3720,3600.0,0.11
3721,3600.0,0.11
3722,3600.0,0.11
3723,3600.0,0.11
3724,3600.0,0.11
3725,3600.0,0.11
3726,3600.0,0.11
3727,3600.0,0.11
3728,3600.0,0.11
3729,3600.0,0.11
3730,3600.0,0.11
3731,3600.0,0.11
3732,3600.0,0.11
3733,3600.0,0.11
3734,3600.0,0.11
3735,3600.0,0.11
3736,3600.0,0.11
3737,3600.0,0.11
3738,3600.0,0.11
3739,3600.0,0.11
3740,3600.0,0.11
3741,3600.0,0.11
3742,3600.0,0.11
3743,3600.0,0.11
3744,3588.0,0.11
3745,3588.0,0.11
3746,3588.0,0.11
3747,3588.0,0.11
3748,3588.0,0.11
3749,3588.0,0.11
3750,3588.0,0.11
3751,3597.0,0.11
3752,3597.0,0.11
3753,3597.0,0.11
3754,3597.0,0.11
3755,3597.0,0.11
3756,3597.0,0.11
3757,3597.0,0.11
3758,3597.0,0.11
3759,3597.0,0.11
3760,3597.0,0.11
3761,3597.0,0.11
3762,3597.0,0.11
3763,3597.0,0.11
3764,3597.0,0.11
3765,3597.0,0.11
3766,3597.0,0.11
3767,3597.0,0.11
3768,3597.0,0.11
3769,3597.0,0.11
3770,3597.0,0.11
3771,3597.0,0.11
3772,3597.0,0.11
3773,3597.0,0.11
3774,3597.0,0.11
3775,3597.0,0.11
3776,3597.0,0.11
3777,3597.0,0.11
3778,3597.0,0.11
3779,3597.0,0.11
3780,3597.0,0.11
3781,3597.0,0.11
3782,3597.0,0.11
3783,3597.0,0.11
3784,3597.0,0.11
3785,3597.0,0.11
3786,3597.0,0.11
3787,3597.0,0.11
3788,3597.0,0.11
3789,3597.0,0.11
3790,3597.0,0.11
3791,3597.0,0.11
3792,3597.0,0.11
3793,3597.0,0.11
3794,3597.0,0.11
3795,3597.0,0.11
3796,3597.0,0.11
3797,3597.0,0.11
3798,3597.0,0.11
3799,3597.0,0.11
3800,3597.0,0.11
3801,3597.0,0.11
3802,3597.0,0.11
3803,3597.0,0.11
3804,3597.0,0.11
3805,3597.0,0.11
3806,3597.0,0.11
3807,3597.0,0.11
3808,3597.0,0.11
3809,3597.0,0.11
3810,3597.0,0.11
3811,3592.0,0.11
3812,3592.0,0.11
3813,3592.0,0.11
3814,3592.0,0.11
3815,3592.0,0.11
3816,3592.0,0.11
3817,3592.0,0.11
3818,3592.0,0.11
3819,3592.0,0.11
3820,3592.0,0.11
3821,3592.0,0.11
3822,3592.0,0.11
3823,3592.0,0.11
3824,3592.0,0.11
3825,3592.0,0.11
3826,3592.0,0.11
3827,3592.0,0.11
3828,3592.0,0.11
3829,3592.0,0.11
3830,3592.0,0.11
3831,3592.0,0.11
3832,3592.0,0.11
3833,3592.0,0.11
3834,3592.0,0.11
3835,3592.0,0.11
3836,3592.0,0.11
3837,3592.0,0.11
3838,3592.0,0.11
3839,3592.0,0.11
3840,3592.0,0.11
3841,3592.0,0.11
3842,3592.0,0.11
3843,3592.0,0.11
3844,3592.0,0.11
3845,3592.0,0.11
3846,3592.0,0.11
3847,3592.0,0.11
3848,3592.0,0.11
3849,3592.0,0.11
3850,3592.0,0.11
3851,3592.0,0.11
3852,3592.0,0.11
3853,3592.0,0.11
3854,3592.0,0.11
3855,3592.0,0.11
3856,3592.0,0.11
3857,3592.0,0.11
3858,3592.0,0.11
3859,3592.0,0.11
3860,3592.0,0.11
3861,3592.0,0.11
3862,3592.0,0.11
3863,3592.0,0.11
3864,3592.0,0.11
3865,3592.0,0.11
3866,3592.0,0.11
3867,3592.0,0.11
3868,3592.0,0.11
3869,3595.0,0.1
3870,3595.0,0.1
3871,3595.0,0.1
3872,3595.0,0.1
3873,3595.0,0.1
3874,3595.0,0.1
3875,3595.0,0.1
3876,3595.0,0.1
3877,3595.0,0.1
3878,3595.0,0.1
3879,3595.0,0.1
3880,3595.0,0.1
3881,3595.0,0.1
3882,3595.0,0.1
3883,3595.0,0.1
3884,3595.0,0.1
3885,3595.0,0.1
3886,3595.0,0.1
3887,3595.0,0.1
3888,3595.0,0.1
3889,3595.0,0.1
3890,3595.0,0.1
3891,3595.0,0.1
3892,3595.0,0.1
3893,3595.0,0.1
3894,3595.0,0.1
3895,3595.0,0.1
3896,3595.0,0.1
3897,3595.0,0.1
3898,3595.0,0.1
3899,3595.0,0.1
3900,3595.0,0.1
3901,3595.0,0.1
3902,3595.0,0.1
3903,3595.0,0.1
3904,3595.0,0.1
3905,3595.0,0.1
3906,3595.0,0.1
3907,3595.0,0.1
3908,3595.0,0.1
3909,3595.0,0.1
3910,3595.0,0.1
3911,3595.0,0.1
3912,3595.0,0.1
3913,3595.0,0.1
3914,3595.0,0.1
3915,3595.0,0.1
3916,3595.0,0.1
3917,3595.0,0.1
3918,3595.0,0.1
3919,3595.0,0.1
3920,3595.0,0.1
3921,3595.0,0.1
3922,3595.0,0.1
3923,3595.0,0.1
3924,3595.0,0.1
3925,3595.0,0.1
3926,3597.0,0.1
3927,3597.0,0.1
3928,3597.0,0.1
3929,3597.0,0.1
3930,3597.0,0.1
3931,3597.0,0.1
3932,3597.0,0.1
3933,3597.0,0.1
3934,3597.0,0.1
3935,3597.0,0.1
3936,3597.0,0.1
3937,3597.0,0.1
3938,3597.0,0.1
3939,3597.0,0.1
3940,3597.0,0.1
3941,3597.0,0.1
3942,3597.0,0.1
3943,3597.0,0.1
3944,3597.0,0.1
3945,3597.0,0.1
3946,3597.0,0.1
3947,3597.0,0.1
3948,3597.0,0.1
3949,3597.0,0.1
3950,3597.0,0.1
3951,3597.0,0.1
3952,3597.0,0.1
3953,3597.0,0.1
3954,3597.0,0.1
3955,3597.0,0.1
3956,3597.0,0.1
3957,3597.0,0.1
3958,3597.0,0.1
3959,3597.0,0.1
3960,3597.0,0.1
3961,3597.0,0.1
3962,3597.0,0.1
3963,3597.0,0.1
3964,3597.0,0.1
3965,3597.0,0.1
3966,3597.0,0.1
3967,3597.0,0.1
3968,3597.0,0.1
3969,3597.0,0.1
3970,3597.0,0.1
3971,3597.0,0.1
3972,3597.0,0.1
3973,3597.0,0.1
3974,3597.0,0.1
3975,3597.0,0.1
3976,3597.0,0.1
3977,3597.0,0.1
3978,3597.0,0.1
3979,3597.0,0.1
3980,3597.0,0.1
3981,3597.0,0.1
3982,3597.0,0.1
3983,3597.0,0.1
3984,3597.0,0.1
3985,3597.0,0.1
3986,3608.0,0.1
3987,3608.0,0.1
3988,3608.0,0.1
3989,3608.0,0.1
3990,3608.0,0.1
3991,3608.0,0.1
3992,3608.0,0.1
3993,3608.0,0.1
3994,3608.0,0.1
3995,3608.0,0.1
3996,3608.0,0.1
3997,3608.0,0.1
3998,3608.0,0.1
3999,3608.0,0.1
4000,3608.0,0.1
4001,3608.0,0.1
4002,3608.0,0.1
4003,3608.0,0.1
4004,3608.0,0.1
4005,3608.0,0.1
4006,3608.0,0.1
4007,3608.0,0.1
4008,3608.0,0.1
4009,3608.0,0.1
4010,3608.0,0.1
4011,3608.0,0.1
4012,3608.0,0.1
4013,3608.0,0.1
4014,3608.0,0.1
4015,3608.0,0.1
4016,3608.0,0.1
4017,3608.0,0.1
4018,3608.0,0.1
4019,3608.0,0.1
4020,3608.0,0.1
4021,3608.0,0.1
4022,3608.0,0.1
4023,3608.0,0.1
4024,3608.0,0.1
4025,3608.0,0.1
4026,3608.0,0.1
4027,3608.0,0.1
4028,3608.0,0.1
4029,3608.0,0.1
4030,3608.0,0.1
4031,3608.0,0.1
4032,3608.0,0.1
4033,3608.0,0.1
4034,3608.0,0.1
4035,3608.0,0.1
4036,3608.0,0.1
4037,3608.0,0.1
4038,3608.0,0.1
4039,3608.0,0.1
4040,3608.0,0.1
4041,3608.0,0.1
4042,3608.0,0.1
4043,3608.0,0.1
4044,3608.0,0.1
4045,3589.0,0.1
4046,3589.0,0.1
4047,3589.0,0.1
4048,3589.0,0.1
4049,3589.0,0.1
4050,3589.0,0.1
4051,3589.0,0.1
4052,3589.0,0.1
4053,3589.0,0.1
4054,3589.0,0.1
4055,3589.0,0.1
4056,3589.0,0.1
4057,3589.0,0.1
4058,3589.0,0.1
4059,3589.0,0.1
4060,3589.0,0.1
4061,3589.0,0.1
4062,3589.0,0.1
4063,3589.0,0.1
4064,3589.0,0.1
4065,3589.0,0.1
4066,3589.0,0.1
4067,3589.0,0.1
4068,3589.0,0.1
4069,3589.0,0.1
4070,3589.0,0.1
4071,3589.0,0.1
4072,3589.0,0.1
4073,3588.0,0.1
4074,3588.0,0.1
4075,3588.0,0.1
4076,3588.0,0.1
4077,3588.0,0.1
4078,3588.0,0.1
4079,3588.0,0.1
4080,3588.0,0.1
4081,3588.0,0.1
4082,3588.0,0.1
4083,3588.0,0.1
4084,3588.0,0.1
4085,3588.0,0.1
4086,3588.0,0.1
4087,3588.0,0.1
4088,3588.0,0.1
4089,3588.0,0.1
4090,3588.0,0.1
4091,3588.0,0.1
4092,3588.0,0.1
4093,3588.0,0.1
4094,3588.0,0.1
4095,3588.0,0.1
4096,3588.0,0.1
4097,3593.0,0.09
4098,3593.0,0.09
4099,3593.0,0.09
4100,3593.0,0.09
4101,3593.0,0.09
4102,3593.0,0.09
4103,3593.0,0.09
4104,3593.0,0.09
4105,3605.0,0.09
4106,3605.0,0.09
4107,3605.0,0.09
4108,3605.0,0.09
4109,3605.0,0.09
4110,3605.0,0.09
4111,3605.0,0.09
4112,3605.0,0.09
4113,3605.0,0.09
4114,3605.0,0.09
4115,3605.0,0.09
4116,3605.0,0.09
4117,3605.0,0.09
4118,3605.0,0.09
4119,3605.0,0.09
4120,3605.0,0.09
4121,3605.0,0.09
4122,3605.0,0.09
4123,3605.0,0.09
4124,3605.0,0.09
4125,3605.0,0.09
4126,3605.0,0.09
4127,3605.0,0.09
4128,3605.0,0.09
4129,3605.0,0.09
4130,3605.0,0.09
4131,3605.0,0.09
4132,3605.0,0.09
4133,3605.0,0.09
4134,3605.0,0.09
4135,3605.0,0.09
4136,3605.0,0.09
4137,3605.0,0.09
4138,3605.0,0.09
4139,3605.0,0.09
4140,3605.0,0.09
4141,3605.0,0.09
4142,3605.0,0.09
4143,3605.0,0.09
4144,3605.0,0.09
4145,3605.0,0.09
4146,3605.0,0.09
4147,3605.0,0.09
4148,3605.0,0.09
4149,3605.0,0.09
4150,3605.0,0.09
4151,3605.0,0.09
4152,3605.0,0.09
4153,3605.0,0.09
4154,3605.0,0.09
4155,3605.0,0.09
4156,3605.0,0.09
4157,3605.0,0.09
4158,3605.0,0.09
4159,3605.0,0.09
4160,3606.0,0.09
4161,3606.0,0.09
4162,3606.0,0.09
4163,3606.0,0.09
4164,3606.0,0.09
4165,3606.0,0.09
4166,3606.0,0.09
4167,3606.0,0.09
4168,3606.0,0.09
4169,3606.0,0.09
4170,3606.0,0.09
4171,3606.0,0.09
4172,3606.0,0.09
4173,3606.0,0.09
4174,3606.0,0.09
4175,3606.0,0.09
4176,3606.0,0.09
4177,3606.0,0.09
4178,3606.0,0.09
4179,3606.0,0.09
4180,3606.0,0.09
4181,3606.0,0.09
4182,3606.0,0.09
4183,3606.0,0.09
4184,3606.0,0.09
4185,3606.0,0.09
4186,3606.0,0.09
4187,3606.0,0.09
4188,3606.0,0.09
4189,3606.0,0.09
4190,3606.0,0.09
4191,3606.0,0.09
4192,3606.0,0.09
4193,3606.0,0.09
4194,3606.0,0.09
4195,3606.0,0.09
4196,3606.0,0.09
4197,3606.0,0.09
4198,3606.0,0.09
4199,3606.0,0.09
4200,3606.0,0.09
4201,3606.0,0.09
4202,3606.0,0.09
4203,3606.0,0.09
4204,3606.0,0.09
4205,3606.0,0.09
4206,3606.0,0.09
4207,3606.0,0.09
4208,3606.0,0.09
4209,3606.0,0.09
4210,3606.0,0.09
4211,3606.0,0.09
4212,3606.0,0.09
4213,3606.0,0.09
4214,3606.0,0.09
4215,3606.0,0.09
4216,3606.0,0.09
4217,3606.0,0.09
4218,3606.0,0.09
4219,3602.0,0.09
4220,3602.0,0.09
4221,3602.0,0.09
4222,3602.0,0.09
4223,3602.0,0.09
4224,3602.0,0.09
4225,3602.0,0.09
4226,3602.0,0.09
4227,3602.0,0.09
4228,3602.0,0.09
4229,3602.0,0.09
4230,3602.0,0.09
4231,3602.0,0.09
4232,3602.0,0.09
4233,3602.0,0.09
4234,3602.0,0.09
4235,3602.0,0.09
4236,3602.0,0.09
4237,3602.0,0.09
4238,3602.0,0.09
4239,3602.0,0.09
4240,3602.0,0.09
4241,3602.0,0.09
4242,3602.0,0.09
4243,3602.0,0.09
4244,3602.0,0.09
4245,3602.0,0.09
4246,3602.0,0.09
4247,3602.0,0.09
4248,3602.0,0.09
4249,3602.0,0.09
4250,3602.0,0.09
4251,3602.0,0.09
4252,3602.0,0.09
4253,3602.0,0.09
4254,3602.0,0.09
4255,3602.0,0.09
4256,3602.0,0.09
4257,3602.0,0.09
4258,3602.0,0.09
4259,3602.0,0.09
4260,3602.0,0.09
4261,3602.0,0.09
4262,3602.0,0.09
4263,3602.0,0.09
4264,3602.0,0.09
4265,3602.0,0.09
4266,3602.0,0.09
4267,3602.0,0.09
4268,3602.0,0.09
4269,3602.0,0.09
4270,3602.0,0.09
4271,3602.0,0.09
4272,3602.0,0.09
4273,3602.0,0.09
4274,3602.0,0.09
4275,3602.0,0.09
4276,3602.0,0.09
4277,3608.0,0.09
4278,3608.0,0.09
4279,3608.0,0.09
4280,3608.0,0.09
4281,3608.0,0.09
4282,3608.0,0.09
4283,3608.0,0.09
4284,3608.0,0.09
4285,3608.0,0.09
4286,3608.0,0.09
4287,3608.0,0.09
4288,3608.0,0.09
4289,3608.0,0.09
4290,3608.0,0.09
4291,3608.0,0.09
4292,3608.0,0.09
4293,3608.0,0.09
4294,3608.0,0.09
4295,3608.0,0.09
4296,3608.0,0.09
4297,3608.0,0.09
4298,3608.0,0.09
4299,3608.0,0.09
4300,3608.0,0.09
4301,3608.0,0.09
4302,3608.0,0.09
4303,3608.0,0.09
4304,3608.0,0.09
4305,3608.0,0.09
4306,3608.0,0.09
4307,3608.0,0.09
4308,3608.0,0.09
4309,3608.0,0.09
4310,3608.0,0.09
4311,3608.0,0.09
4312,3608.0,0.09
4313,3608.0,0.09
4314,3608.0,0.09
4315,3608.0,0.09
4316,3608.0,0.09
4317,3608.0,0.09
4318,3608.0,0.09
4319,3608.0,0.09
4320,3608.0,0.09
4321,3608.0,0.09
4322,3608.0,0.09
4323,3608.0,0.09
4324,3608.0,0.09
4325,3608.0,0.09
4326,3608.0,0.09
4327,3608.0,0.09
4328,3608.0,0.09
4329,3608.0,0.09
4330,3608.0,0.09
4331,3608.0,0.09
4332,3608.0,0.09
4333,3608.0,0.09
4334,3605.0,0.08
4335,3605.0,0.08
4336,3605.0,0.08
4337,3605.0,0.08
4338,3605.0,0.08
4339,3605.0,0.08
4340,3605.0,0.08
4341,3605.0,0.08
4342,3605.0,0.08
4343,3605.0,0.08
4344,3605.0,0.08
4345,3605.0,0.08
4346,3605.0,0.08
4347,3605.0,0.08
4348,3605.0,0.08
4349,3605.0,0.08
4350,3605.0,0.08
4351,3605.0,0.08
4352,3605.0,0.08
4353,3605.0,0.08
4354,3605.0,0.08
4355,3605.0,0.08
4356,3605.0,0.08
4357,3605.0,0.08
4358,3605.0,0.08
4359,3605.0,0.08
4360,3605.0,0.08
4361,3605.0,0.08
4362,3605.0,0.08
4363,3605.0,0.08
4364,3605.0,0.08
4365,3605.0,0.08
4366,3605.0,0.08
4367,3605.0,0.08
4368,3605.0,0.08
4369,3605.0,0.08
4370,3605.0,0.08
4371,3605.0,0.08
4372,3605.0,0.08
4373,3605.0,0.08
4374,3605.0,0.08
4375,3605.0,0.08
4376,3605.0,0.08
4377,3605.0,0.08
4378,3605.0,0.08
4379,3605.0,0.08
4380,3605.0,0.08
4381,3605.0,0.08
4382,3605.0,0.08
4383,3605.0,0.08
4384,3605.0,0.08
4385,3605.0,0.08
4386,3605.0,0.08
4387,3605.0,0.08
4388,3605.0,0.08
4389,3605.0,0.08
4390,3605.0,0.08
4391,3605.0,0.08
4392,3605.0,0.08
4393,3604.0,0.08
4394,3604.0,0.08
4395,3604.0,0.08
4396,3604.0,0.08
4397,3604.0,0.08
4398,3604.0,0.08
4399,3604.0,0.08
4400,3604.0,0.08
4401,3604.0,0.08
4402,3604.0,0.08
4403,3604.0,0.08
4404,3604.0,0.08
4405,3604.0,0.08
4406,3604.0,0.08
4407,3604.0,0.08
4408,3604.0,0.08
4409,3604.0,0.08
4410,3604.0,0.08
4411,3604.0,0.08
4412,3604.0,0.08
4413,3604.0,0.08
4414,3604.0,0.08
4415,3604.0,0.08
4416,3604.0,0.08
4417,3604.0,0.08
4418,3604.0,0.08
4419,3604.0,0.08
4420,3604.0,0.08
4421,3604.0,0.08
4422,3604.0,0.08
4423,3604.0,0.08
4424,3604.0,0.08
4425,3604.0,0.08
4426,3604.0,0.08
4427,3604.0,0.08
4428,3604.0,0.08
4429,3604.0,0.08
4430,3604.0,0.08
4431,3604.0,0.08
4432,3604.0,0.08
4433,3604.0,0.08
4434,3604.0,0.08
4435,3604.0,0.08
4436,3604.0,0.08
4437,3604.0,0.08
4438,3604.0,0.08
4439,3604.0,0.08
4440,3604.0,0.08
4441,3604.0,0.08
4442,3604.0,0.08
4443,3604.0,0.08
4444,3604.0,0.08
4445,3604.0,0.08
4446,3604.0,0.08
4447,3604.0,0.08
4448,3604.0,0.08
4449,3604.0,0.08
4450,3604.0,0.08
4451,3604.0,0.08
4452,3604.0,0.08
4453,3603.0,0.08
4454,3603.0,0.08
4455,3603.0,0.08
4456,3603.0,0.08
4457,3603.0,0.08
4458,3603.0,0.08
4459,3603.0,0.08
4460,3603.0,0.08
4461,3603.0,0.08
4462,3603.0,0.08
4463,3603.0,0.08
4464,3603.0,0.08
4465,3603.0,0.08
4466,3603.0,0.08
4467,3603.0,0.08
4468,3603.0,0.08
4469,3603.0,0.08
4470,3603.0,0.08
4471,3603.0,0.08
4472,3603.0,0.08
4473,3603.0,0.08
4474,3603.0,0.08
4475,3603.0,0.08
4476,3603.0,0.08
4477,3603.0,0.08
4478,3603.0,0.08
4479,3603.0,0.08
4480,3603.0,0.08
4481,3603.0,0.08
4482,3603.0,0.08
4483,3603.0,0.08
4484,3603.0,0.08
4485,3603.0,0.08
4486,3603.0,0.08
4487,3603.0,0.08
4488,3603.0,0.08
4489,3603.0,0.08
4490,3603.0,0.08
4491,3603.0,0.08
4492,3603.0,0.08
4493,3603.0,0.08
4494,3603.0,0.08
4495,3603.0,0.08
4496,3603.0,0.08
4497,3603.0,0.08
4498,3603.0,0.08
4499,3603.0,0.08
4500,3603.0,0.08
4501,3603.0,0.08
4502,3603.0,0.08
4503,3603.0,0.08
4504,3603.0,0.08
4505,3603.0,0.08
4506,3603.0,0.08
4507,3603.0,0.08
4508,3603.0,0.08
4509,3603.0,0.08
4510,3603.0,0.08
4511,3603.0,0.08
4512,3603.0,0.08
4513,3603.0,0.08
4514,3603.0,0.08
4515,3603.0,0.08
4516,3603.0,0.08
4517,3603.0,0.08
4518,3603.0,0.08
4519,3603.0,0.08
4520,3603.0,0.08
4521,3603.0,0.08
4522,3603.0,0.08
4523,3603.0,0.08
4524,3603.0,0.08
4525,3603.0,0.08
4526,3603.0,0.08
4527,3603.0,0.08
4528,3603.0,0.08
4529,3603.0,0.08
4530,3603.0,0.08
4531,3603.0,0.08
4532,3603.0,0.08
4533,3603.0,0.08
4534,3603.0,0.08
4535,3603.0,0.08
4536,3603.0,0.08
4537,3603.0,0.08
4538,3603.0,0.08
4539,3603.0,0.08
4540,3603.0,0.08
4541,3603.0,0.08
4542,3603.0,0.08
4543,3603.0,0.08
4544,3603.0,0.08
4545,3603.0,0.08
4546,3603.0,0.08
4547,3603.0,0.08
4548,3603.0,0.08
4549,3603.0,0.08
4550,3603.0,0.08
4551,3603.0,0.08
4552,3603.0,0.08
4553,3603.0,0.08
4554,3603.0,0.08
4555,3603.0,0.08
4556,3603.0,0.08
4557,3603.0,0.08
4558,3603.0,0.08
4559,3603.0,0.08
4560,3603.0,0.08
4561,3603.0,0.08
4562,3603.0,0.08
4563,3603.0,0.08
4564,3603.0,0.08
4565,3603.0,0.08
4566,3603.0,0.08
4567,3603.0,0.08
4568,3603.0,0.08
4569,3603.0,0.08
4570,3605.0,0.08
4571,3605.0,0.08
4572,3605.0,0.08
4573,3605.0,0.08
4574,3605.0,0.08
4575,3605.0,0.08
4576,3605.0,0.08
4577,3605.0,0.08
4578,3605.0,0.08
4579,3605.0,0.08
4580,3605.0,0.08
4581,3605.0,0.08
4582,3605.0,0.08
4583,3605.0,0.08
4584,3605.0,0.08
4585,3605.0,0.08
4586,3605.0,0.08
4587,3605.0,0.08
4588,3605.0,0.08
4589,3605.0,0.08
4590,3605.0,0.08
4591,3605.0,0.08
4592,3605.0,0.08
4593,3605.0,0.08
4594,3605.0,0.08
4595,3605.0,0.08
4596,3605.0,0.08
4597,3605.0,0.08
4598,3605.0,0.08
4599,3605.0,0.08
4600,3605.0,0.08
4601,3605.0,0.08
4602,3605.0,0.08
4603,3605.0,0.08
4604,3605.0,0.08
4605,3605.0,0.08
4606,3605.0,0.08
4607,3605.0,0.08
4608,3605.0,0.08
4609,3605.0,0.08
4610,3605.0,0.08
4611,3605.0,0.08
4612,3605.0,0.08
4613,3605.0,0.08
4614,3605.0,0.08
4615,3605.0,0.08
4616,3605.0,0.08
4617,3605.0,0.08
4618,3605.0,0.08
4619,3605.0,0.08
4620,3605.0,0.08
4621,3605.0,0.08
4622,3605.0,0.08
4623,3605.0,0.08
4624,3605.0,0.08
4625,3605.0,0.08
4626,3605.0,0.08
4627,3605.0,0.08
4628,3605.0,0.07
4629,3605.0,0.07
4630,3605.0,0.07
4631,3605.0,0.07
4632,3605.0,0.07
4633,3605.0,0.07
4634,3605.0,0.07
4635,3605.0,0.07
4636,3605.0,0.07
4637,3605.0,0.07
4638,3605.0,0.07
4639,3605.0,0.07
4640,3605.0,0.07
4641,3605.0,0.07
4642,3605.0,0.07
4643,3605.0,0.07
4644,3605.0,0.07
4645,3605.0,0.07
4646,3605.0,0.07
4647,3605.0,0.07
4648,3605.0,0.07
4649,3605.0,0.07
4650,3605.0,0.07
4651,3605.0,0.07
4652,3605.0,0.07
4653,3605.0,0.07
4654,3605.0,0.07
4655,3605.0,0.07
4656,3605.0,0.07
4657,3605.0,0.07
4658,3605.0,0.07
4659,3605.0,0.07
4660,3605.0,0.07
4661,3605.0,0.07
4662,3605.0,0.07
4663,3605.0,0.07
4664,3605.0,0.07
4665,3605.0,0.07
4666,3605.0,0.07
4667,3605.0,0.07
4668,3605.0,0.07
4669,3605.0,0.07
4670,3605.0,0.07
4671,3605.0,0.07
4672,3605.0,0.07
4673,3605.0,0.07
4674,3605.0,0.07
4675,3605.0,0.07
4676,3605.0,0.07
4677,3605.0,0.07
4678,3605.0,0.07
4679,3605.0,0.07
4680,3605.0,0.07
4681,3605.0,0.07
4682,3605.0,0.07
4683,3605.0,0.07
4684,3605.0,0.07
4685,3605.0,0.07
4686,3605.0,0.07
4687,3603.0,0.07
4688,3603.0,0.07
4689,3603.0,0.07
4690,3603.0,0.07
4691,3603.0,0.07
4692,3603.0,0.07
4693,3603.0,0.07
4694,3603.0,0.07
4695,3603.0,0.07
4696,3603.0,0.07
4697,3603.0,0.07
4698,3603.0,0.07
4699,3603.0,0.07
4700,3603.0,0.07
4701,3603.0,0.07
4702,3603.0,0.07
4703,3603.0,0.07
4704,3603.0,0.07
4705,3603.0,0.07
4706,3603.0,0.07
4707,3603.0,0.07
4708,3603.0,0.07
4709,3603.0,0.07
4710,3603.0,0.07
4711,3603.0,0.07
4712,3603.0,0.07
4713,3603.0,0.07
4714,3603.0,0.07
4715,3603.0,0.07
4716,3603.0,0.07
4717,3603.0,0.07
4718,3603.0,0.07
4719,3603.0,0.07
4720,3603.0,0.07
4721,3603.0,0.07
4722,3603.0,0.07
4723,3603.0,0.07
4724,3603.0,0.07
4725,3603.0,0.07
4726,3603.0,0.07
4727,3603.0,0.07
4728,3603.0,0.07
4729,3603.0,0.07
4730,3603.0,0.07
4731,3603.0,0.07
4732,3603.0,0.07
4733,3603.0,0.07
4734,3603.0,0.07
4735,3603.0,0.07
4736,3603.0,0.07
4737,3603.0,0.07
4738,3603.0,0.07
4739,3603.0,0.07
4740,3603.0,0.07
4741,3603.0,0.07
4742,3603.0,0.07
4743,3603.0,0.07
4744,3603.0,0.07
4745,3605.0,0.07
4746,3605.0,0.07
4747,3605.0,0.07
4748,3605.0,0.07
4749,3605.0,0.07
4750,3605.0,0.07
4751,3605.0,0.07
4752,3605.0,0.07
4753,3605.0,0.07
4754,3605.0,0.07
4755,3605.0,0.07
4756,3605.0,0.07
4757,3605.0,0.07
4758,3605.0,0.07
4759,3605.0,0.07
4760,3605.0,0.07
4761,3605.0,0.07
4762,3605.0,0.07
4763,3605.0,0.07
4764,3605.0,0.07
4765,3605.0,0.07
4766,3605.0,0.07
4767,3605.0,0.07
4768,3605.0,0.07
4769,3605.0,0.07
4770,3605.0,0.07
4771,3605.0,0.07
4772,3605.0,0.07
4773,3605.0,0.07
4774,3605.0,0.07
4775,3605.0,0.07
4776,3605.0,0.07
4777,3605.0,0.07
4778,3605.0,0.07
4779,3605.0,0.07
4780,3605.0,0.07
4781,3605.0,0.07
4782,3605.0,0.07
4783,3605.0,0.07
4784,3605.0,0.07
4785,3605.0,0.07
4786,3605.0,0.07
4787,3605.0,0.07
4788,3605.0,0.07
4789,3605.0,0.07
4790,3605.0,0.07
4791,3605.0,0.07
4792,3605.0,0.07
4793,3605.0,0.07
4794,3605.0,0.07
4795,3605.0,0.07
4796,3605.0,0.07
4797,3605.0,0.07
4798,3605.0,0.07
4799,3605.0,0.07
4800,3605.0,0.07
4801,3605.0,0.07
4802,3605.0,0.07
4803,3605.0,0.07
4804,3593.0,0.06
4805,3593.0,0.06
4806,3593.0,0.06
4807,3593.0,0.06
4808,3593.0,0.06
4809,3593.0,0.06
4810,3593.0,0.06
4811,3593.0,0.06
4812,3593.0,0.06
4813,3593.0,0.06
4814,3593.0,0.06
4815,3593.0,0.06
4816,3593.0,0.06
4817,3593.0,0.06
4818,3593.0,0.06
4819,3593.0,0.06
4820,3593.0,0.06
4821,3593.0,0.06
4822,3593.0,0.06
4823,3593.0,0.06
4824,3593.0,0.06
4825,3593.0,0.06
4826,3593.0,0.06
4827,3593.0,0.06
4828,3593.0,0.06
4829,3593.0,0.06
4830,3593.0,0.06
4831,3593.0,0.06
4832,3593.0,0.06
4833,3593.0,0.06
4834,3593.0,0.06
4835,3593.0,0.06
4836,3593.0,0.06
4837,3593.0,0.06
4838,3593.0,0.06
4839,3593.0,0.06
4840,3593.0,0.06
4841,3593.0,0.06
4842,3593.0,0.06
4843,3593.0,0.06
4844,3593.0,0.06
4845,3593.0,0.06
4846,3593.0,0.06
4847,3593.0,0.06
4848,3593.0,0.06
4849,3593.0,0.06
4850,3593.0,0.06
4851,3593.0,0.06
4852,3593.0,0.06
4853,3593.0,0.06
4854,3593.0,0.06
4855,3593.0,0.06
4856,3593.0,0.06
4857,3593.0,0.06
4858,3593.0,0.06
4859,3593.0,0.06
4860,3593.0,0.06
4861,3593.0,0.06
4862,3593.0,0.06
4863,3590.0,0.06
4864,3590.0,0.06
4865,3590.0,0.06
4866,3590.0,0.06
4867,3590.0,0.06
4868,3590.0,0.06
4869,3590.0,0.06
4870,3590.0,0.06
4871,3590.0,0.06
4872,3590.0,0.06
4873,3590.0,0.06
4874,3590.0,0.06
4875,3590.0,0.06
4876,3590.0,0.06
4877,3590.0,0.06
4878,3590.0,0.06
4879,3590.0,0.06
4880,3590.0,0.06
4881,3590.0,0.06
4882,3586.0,0.06
4883,3586.0,0.06
4884,3586.0,0.06
4885,3586.0,0.06
4886,3586.0,0.06
4887,3586.0,0.06
4888,3586.0,0.06
4889,3586.0,0.06
4890,3586.0,0.06
4891,3586.0,0.06
4892,3586.0,0.06
4893,3586.0,0.06
4894,3586.0,0.06
4895,3586.0,0.06
4896,3586.0,0.06
4897,3586.0,0.06
4898,3586.0,0.06
4899,3586.0,0.06
4900,3586.0,0.06
4901,3586.0,0.06
4902,3586.0,0.06
4903,3586.0,0.06
4904,3586.0,0.06
4905,3586.0,0.06
4906,3586.0,0.06
4907,3586.0,0.06
4908,3586.0,0.06
4909,3586.0,0.06
4910,3586.0,0.06
4911,3586.0,0.06
4912,3586.0,0.06
4913,3586.0,0.06
4914,3586.0,0.06
4915,3586.0,0.06
4916,3586.0,0.06
4917,3586.0,0.06
4918,3586.0,0.06
4919,3594.0,0.06
4920,3594.0,0.06
4921,3594.0,0.06
4922,3594.0,0.06
4923,3594.0,0.06
4924,3594.0,0.06
4925,3594.0,0.06
4926,3594.0,0.06
4927,3594.0,0.06
4928,3594.0,0.06
4929,3594.0,0.06
4930,3594.0,0.06
4931,3594.0,0.06
4932,3594.0,0.06
4933,3594.0,0.06
4934,3594.0,0.06
4935,3594.0,0.06
4936,3594.0,0.06
4937,3594.0,0.06
4938,3594.0,0.06
4939,3594.0,0.06
4940,3594.0,0.06
4941,3594.0,0.06
4942,3594.0,0.06
4943,3594.0,0.06
4944,3594.0,0.06
4945,3594.0,0.06
4946,3594.0,0.06
4947,3594.0,0.06
4948,3594.0,0.06
4949,3594.0,0.06
4950,3594.0,0.06
4951,3594.0,0.06
4952,3594.0,0.06
4953,3594.0,0.06
4954,3594.0,0.06
4955,3594.0,0.06
4956,3594.0,0.06
4957,3594.0,0.06
4958,3594.0,0.06
4959,3594.0,0.06
4960,3594.0,0.06
4961,3594.0,0.06
4962,3594.0,0.06
4963,3594.0,0.06
4964,3594.0,0.06
4965,3594.0,0.06
4966,3594.0,0.06
4967,3594.0,0.06
4968,3594.0,0.06
4969,3594.0,0.06
4970,3594.0,0.06
4971,3594.0,0.06
4972,3594.0,0.06
4973,3594.0,0.06
4974,3594.0,0.06
4975,3594.0,0.06
4976,3594.0,0.06
4977,3594.0,0.06
4978,3588.0,0.06
4979,3588.0,0.06
4980,3588.0,0.06
4981,3588.0,0.06
4982,3588.0,0.06
4983,3588.0,0.06
4984,3588.0,0.06
4985,3588.0,0.06
4986,3588.0,0.06
4987,3588.0,0.06
4988,3588.0,0.06
4989,3588.0,0.06
4990,3588.0,0.06
4991,3588.0,0.06
4992,3588.0,0.06
4993,3588.0,0.06
4994,3588.0,0.06
4995,3588.0,0.06
4996,3588.0,0.06
4997,3588.0,0.06
4998,3588.0,0.06
4999,3588.0,0.06
5000,3588.0,0.06
5001,3588.0,0.06
5002,3588.0,0.06
5003,3588.0,0.06
5004,3588.0,0.06
5005,3588.0,0.06
5006,3588.0,0.06
5007,3588.0,0.06
5008,3588.0,0.06
5009,3588.0,0.06
5010,3588.0,0.06
5011,3588.0,0.06
5012,3588.0,0.06
5013,3588.0,0.06
5014,3588.0,0.06
5015,3588.0,0.06
5016,3588.0,0.06
5017,3588.0,0.06
5018,3588.0,0.06
5019,3588.0,0.06
5020,3588.0,0.06
5021,3588.0,0.06
5022,3588.0,0.06
5023,3588.0,0.06
5024,3588.0,0.06
5025,3588.0,0.06
5026,3588.0,0.06
5027,3588.0,0.06
5028,3588.0,0.06
5029,3588.0,0.06
5030,3588.0,0.06
5031,3588.0,0.06
5032,3588.0,0.06
5033,3588.0,0.06
5034,3588.0,0.06
5035,3588.0,0.06
5036,3588.0,0.06
5037,3583.0,0.06
5038,3583.0,0.06
5039,3583.0,0.06
5040,3583.0,0.06
5041,3583.0,0.06
5042,3583.0,0.06
5043,3583.0,0.06
5044,3583.0,0.06
5045,3583.0,0.06
5046,3583.0,0.06
5047,3583.0,0.06
5048,3583.0,0.06
5049,3583.0,0.06
5050,3583.0,0.06
5051,3583.0,0.06
5052,3583.0,0.06
5053,3583.0,0.06
5054,3583.0,0.06
5055,3583.0,0.06
5056,3583.0,0.06
5057,3583.0,0.06
5058,3583.0,0.06
5059,3583.0,0.06
5060,3583.0,0.06
5061,3583.0,0.06
5062,3583.0,0.06
5063,3583.0,0.06
5064,3583.0,0.06
5065,3583.0,0.06
5066,3583.0,0.06
5067,3583.0,0.06
5068,3583.0,0.06
5069,3583.0,0.06
5070,3583.0,0.06
5071,3583.0,0.06
5072,3583.0,0.06
5073,3583.0,0.06
5074,3583.0,0.06
5075,3583.0,0.06
5076,3583.0,0.06
5077,3583.0,0.06
5078,3583.0,0.06
5079,3583.0,0.06
5080,3583.0,0.06
5081,3583.0,0.06
5082,3583.0,0.06
5083,3583.0,0.06
5084,3583.0,0.06
5085,3583.0,0.06
5086,3583.0,0.06
5087,3583.0,0.06
5088,3583.0,0.06
5089,3583.0,0.06
5090,3583.0,0.06
5091,3583.0,0.06
5092,3583.0,0.06
5093,3583.0,0.06
5094,3583.0,0.06
5095,3585.0,0.05
5096,3585.0,0.05
5097,3585.0,0.05
5098,3585.0,0.05
5099,3585.0,0.05
5100,3585.0,0.05
5101,3585.0,0.05
5102,3585.0,0.05
5103,3585.0,0.05
5104,3585.0,0.05
5105,3585.0,0.05
5106,3585.0,0.05
5107,3585.0,0.05
5108,3585.0,0.05
5109,3585.0,0.05
5110,3585.0,0.05
5111,3585.0,0.05
5112,3585.0,0.05
5113,3585.0,0.05
5114,3585.0,0.05
5115,3585.0,0.05
5116,3585.0,0.05
5117,3585.0,0.05
5118,3585.0,0.05
5119,3585.0,0.05
5120,3585.0,0.05
5121,3585.0,0.05
5122,3585.0,0.05
5123,3585.0,0.05
5124,3585.0,0.05
5125,3585.0,0.05
5126,3585.0,0.05
5127,3585.0,0.05
5128,3585.0,0.05
5129,3585.0,0.05
5130,3585.0,0.05
5131,3585.0,0.05
5132,3585.0,0.05
5133,3585.0,0.05
5134,3585.0,0.05
5135,3585.0,0.05
5136,3585.0,0.05
5137,3585.0,0.05
5138,3585.0,0.05
5139,3585.0,0.05
5140,3585.0,0.05
5141,3585.0,0.05
5142,3585.0,0.05
5143,3585.0,0.05
5144,3585.0,0.05
5145,3585.0,0.05
5146,3585.0,0.05
5147,3585.0,0.05
5148,3585.0,0.05
5149,3585.0,0.05
5150,3585.0,0.05
5151,3585.0,0.05
5152,3585.0,0.05
5153,3585.0,0.05
5154,3584.0,0.05
5155,3584.0,0.05
5156,3584.0,0.05
5157,3584.0,0.05
5158,3584.0,0.05
5159,3584.0,0.05
5160,3584.0,0.05
5161,3584.0,0.05
5162,3584.0,0.05
5163,3584.0,0.05
5164,3584.0,0.05
5165,3584.0,0.05
5166,3584.0,0.05
5167,3584.0,0.05
5168,3584.0,0.05
5169,3584.0,0.05
5170,3584.0,0.05
5171,3584.0,0.05
5172,3584.0,0.05
5173,3584.0,0.05
5174,3584.0,0.05
5175,3584.0,0.05
5176,3584.0,0.05
5177,3584.0,0.05
5178,3584.0,0.05
5179,3584.0,0.05
5180,3584.0,0.05
5181,3584.0,0.05
5182,3584.0,0.05
5183,3584.0,0.05
5184,3584.0,0.05
5185,3584.0,0.05
5186,3584.0,0.05
5187,3584.0,0.05
5188,3584.0,0.05
5189,3584.0,0.05
5190,3584.0,0.05
5191,3584.0,0.05
5192,3584.0,0.05
5193,3584.0,0.05
5194,3584.0,0.05
5195,3584.0,0.05
5196,3584.0,0.05
5197,3584.0,0.05
5198,3584.0,0.05
5199,3584.0,0.05
5200,3584.0,0.05
5201,3584.0,0.05
5202,3584.0,0.05
5203,3584.0,0.05
5204,3584.0,0.05
5205,3584.0,0.05
5206,3584.0,0.05
5207,3584.0,0.05
5208,3584.0,0.05
5209,3584.0,0.05
5210,3584.0,0.05
5211,3584.0,0.05
5212,3584.0,0.05
5213,3582.0,0.05
5214,3582.0,0.05
5215,3582.0,0.05
5216,3582.0,0.05
5217,3582.0,0.05
5218,3582.0,0.05
5219,3582.0,0.05
5220,3582.0,0.05
5221,3582.0,0.05
5222,3582.0,0.05
5223,3582.0,0.05
5224,3582.0,0.05
5225,3582.0,0.05
5226,3582.0,0.05
5227,3582.0,0.05
5228,3582.0,0.05
5229,3582.0,0.05
5230,3582.0,0.05
5231,3582.0,0.05
5232,3582.0,0.05
5233,3582.0,0.05
5234,3582.0,0.05
5235,3582.0,0.05
5236,3582.0,0.05
5237,3582.0,0.05
5238,3588.0,0.05
5239,3588.0,0.05
5240,3588.0,0.05
5241,3588.0,0.05
5242,3588.0,0.05
5243,3588.0,0.05
5244,3588.0,0.05
5245,3588.0,0.05
5246,3588.0,0.05
5247,3588.0,0.05
5248,3588.0,0.05
5249,3588.0,0.05
5250,3588.0,0.05
5251,3588.0,0.05
5252,3588.0,0.05
5253,3588.0,0.05
5254,3588.0,0.05
5255,3588.0,0.05
5256,3588.0,0.05
5257,3588.0,0.05
5258,3588.0,0.05
5259,3588.0,0.05
5260,3588.0,0.05
5261,3588.0,0.05
5262,3588.0,0.05
5263,3588.0,0.05
5264,3588.0,0.05
5265,3588.0,0.05
5266,3588.0,0.05
5267,3588.0,0.05
5268,3588.0,0.05
5269,3588.0,0.05
5270,3588.0,0.05
5271,3588.0,0.05
5272,3588.0,0.05
5273,3580.0,0.05
5274,3580.0,0.05
5275,3580.0,0.05
5276,3580.0,0.05
5277,3580.0,0.05
5278,3580.0,0.05
5279,3580.0,0.05
5280,3580.0,0.05
5281,3580.0,0.05
5282,3580.0,0.05
5283,3580.0,0.05
5284,3580.0,0.05
5285,3580.0,0.05
5286,3580.0,0.05
5287,3580.0,0.05
5288,3580.0,0.05
5289,3580.0,0.05
5290,3580.0,0.05
5291,3580.0,0.05
5292,3580.0,0.05
5293,3580.0,0.05
5294,3580.0,0.05
5295,3580.0,0.05
5296,3580.0,0.05
5297,3580.0,0.05
5298,3580.0,0.05
5299,3580.0,0.05
5300,3580.0,0.05
5301,3580.0,0.05
5302,3580.0,0.05
5303,3580.0,0.05
5304,3580.0,0.05
5305,3580.0,0.05
5306,3580.0,0.05
5307,3580.0,0.05
5308,3580.0,0.05
5309,3580.0,0.05
5310,3580.0,0.05
5311,3580.0,0.05
5312,3580.0,0.05
5313,3580.0,0.05
5314,3580.0,0.05
5315,3580.0,0.05
5316,3580.0,0.05
5317,3580.0,0.05
5318,3580.0,0.05
5319,3580.0,0.05
5320,3580.0,0.05
5321,3580.0,0.05
5322,3580.0,0.05
5323,3580.0,0.05
5324,3580.0,0.05
5325,3580.0,0.05
5326,3580.0,0.05
5327,3580.0,0.05
5328,3580.0,0.05
5329,3580.0,0.05
5330,3580.0,0.05
5331,3580.0,0.05
5332,3580.0,0.05
5333,3578.0,0.05
5334,3578.0,0.05
5335,3578.0,0.05
5336,3578.0,0.05
5337,3578.0,0.05
5338,3578.0,0.05
5339,3578.0,0.05
5340,3578.0,0.05
5341,3578.0,0.05
5342,3578.0,0.05
5343,3578.0,0.05
5344,3578.0,0.05
5345,3578.0,0.05
5346,3578.0,0.05
5347,3578.0,0.05
5348,3578.0,0.05
5349,3578.0,0.05
5350,3583.0,0.04
5351,3583.0,0.04
5352,3583.0,0.04
5353,3583.0,0.04
5354,3583.0,0.04
5355,3583.0,0.04
5356,3583.0,0.04
5357,3583.0,0.04
5358,3583.0,0.04
5359,3583.0,0.04
5360,3583.0,0.04
5361,3583.0,0.04
5362,3583.0,0.04
5363,3583.0,0.04
5364,3583.0,0.04
5365,3583.0,0.04
5366,3583.0,0.04
5367,3583.0,0.04
5368,3583.0,0.04
5369,3583.0,0.04
5370,3583.0,0.04
5371,3583.0,0.04
5372,3583.0,0.04
5373,3583.0,0.04
5374,3583.0,0.04
5375,3583.0,0.04
5376,3583.0,0.04
5377,3583.0,0.04
5378,3583.0,0.04
5379,3583.0,0.04
5380,3583.0,0.04
5381,3583.0,0.04
5382,3583.0,0.04
5383,3583.0,0.04
5384,3583.0,0.04
5385,3583.0,0.04
5386,3583.0,0.04
5387,3583.0,0.04
5388,3583.0,0.04
5389,3583.0,0.04
5390,3583.0,0.04
5391,3583.0,0.04
5392,3583.0,0.04
5393,3577.0,0.04
5394,3577.0,0.04
5395,3577.0,0.04
5396,3577.0,0.04
5397,3577.0,0.04
5398,3577.0,0.04
5399,3577.0,0.04
5400,3577.0,0.04
5401,3577.0,0.04
5402,3577.0,0.04
5403,3577.0,0.04
5404,3577.0,0.04
5405,3577.0,0.04
5406,3577.0,0.04
5407,3577.0,0.04
5408,3577.0,0.04
5409,3577.0,0.04
5410,3577.0,0.04
5411,3577.0,0.04
5412,3577.0,0.04
5413,3577.0,0.04
5414,3577.0,0.04
5415,3577.0,0.04
5416,3577.0,0.04
5417,3577.0,0.04
5418,3577.0,0.04
5419,3577.0,0.04
5420,3577.0,0.04
5421,3577.0,0.04
5422,3577.0,0.04
5423,3577.0,0.04
5424,3577.0,0.04
5425,3577.0,0.04
5426,3577.0,0.04
5427,3577.0,0.04
5428,3577.0,0.04
5429,3577.0,0.04
5430,3577.0,0.04
5431,3577.0,0.04
5432,3577.0,0.04
5433,3577.0,0.04
5434,3577.0,0.04
5435,3577.0,0.04
5436,3577.0,0.04
5437,3577.0,0.04
5438,3577.0,0.04
5439,3577.0,0.04
5440,3577.0,0.04
5441,3577.0,0.04
5442,3577.0,0.04
5443,3577.0,0.04
5444,3577.0,0.04
5445,3577.0,0.04
5446,3577.0,0.04
5447,3577.0,0.04
5448,3577.0,0.04
5449,3577.0,0.04
5450,3574.0,0.04
5451,3574.0,0.04
5452,3574.0,0.04
5453,3574.0,0.04
5454,3574.0,0.04
5455,3574.0,0.04
5456,3574.0,0.04
5457,3574.0,0.04
5458,3574.0,0.04
5459,3574.0,0.04
5460,3574.0,0.04
5461,3574.0,0.04
5462,3574.0,0.04
5463,3574.0,0.04
5464,3574.0,0.04
5465,3574.0,0.04
5466,3574.0,0.04
5467,3574.0,0.04
5468,3574.0,0.04
5469,3574.0,0.04
5470,3574.0,0.04
5471,3574.0,0.04
5472,3574.0,0.04
5473,3574.0,0.04
5474,3574.0,0.04
5475,3574.0,0.04
5476,3574.0,0.04
5477,3574.0,0.04
5478,3574.0,0.04
5479,3574.0,0.04
5480,3574.0,0.04
5481,3574.0,0.04
5482,3574.0,0.04
5483,3574.0,0.04
5484,3574.0,0.04
5485,3574.0,0.04
5486,3574.0,0.04
5487,3574.0,0.04
5488,3574.0,0.04
5489,3574.0,0.04
5490,3574.0,0.04
5491,3574.0,0.04
5492,3574.0,0.04
5493,3574.0,0.04
5494,3574.0,0.04
5495,3574.0,0.04
5496,3574.0,0.04
5497,3574.0,0.04
5498,3574.0,0.04
5499,3574.0,0.04
5500,3574.0,0.04
5501,3574.0,0.04
5502,3574.0,0.04
5503,3574.0,0.04
5504,3574.0,0.04
5505,3574.0,0.04
5506,3574.0,0.04
5507,3574.0,0.04
5508,3574.0,0.04
5509,3574.0,0.04
5510,3573.0,0.04
5511,3573.0,0.04
5512,3573.0,0.04
5513,3573.0,0.04
5514,3573.0,0.04
5515,3573.0,0.04
5516,3573.0,0.04
5517,3573.0,0.04
5518,3573.0,0.04
5519,3573.0,0.04
5520,3573.0,0.04
5521,3573.0,0.04
5522,3573.0,0.04
5523,3573.0,0.04
5524,3573.0,0.04
5525,3573.0,0.04
5526,3573.0,0.04
5527,3573.0,0.04
5528,3573.0,0.04
5529,3573.0,0.04
5530,3573.0,0.04
5531,3573.0,0.04
5532,3573.0,0.04
5533,3573.0,0.04
5534,3573.0,0.04
5535,3573.0,0.04
5536,3573.0,0.04
5537,3573.0,0.04
5538,3573.0,0.04
5539,3573.0,0.04
5540,3573.0,0.04
5541,3573.0,0.04
5542,3573.0,0.04
5543,3573.0,0.04
5544,3573.0,0.04
5545,3573.0,0.04
5546,3573.0,0.04
5547,3573.0,0.04
5548,3573.0,0.04
5549,3573.0,0.04
5550,3573.0,0.04
5551,3573.0,0.04
5552,3573.0,0.04
5553,3573.0,0.04
5554,3573.0,0.04
5555,3573.0,0.04
5556,3573.0,0.04
5557,3573.0,0.04
5558,3573.0,0.04
5559,3573.0,0.04
5560,3573.0,0.04
5561,3573.0,0.04
5562,3573.0,0.04
5563,3573.0,0.04
5564,3573.0,0.04
5565,3573.0,0.04
5566,3573.0,0.04
5567,3573.0,0.04
5568,3563.0,0.04
5569,3563.0,0.04
5570,3563.0,0.04
5571,3563.0,0.04
5572,3563.0,0.04
5573,3563.0,0.04
5574,3563.0,0.04
5575,3563.0,0.04
5576,3563.0,0.04
5577,3563.0,0.04
5578,3563.0,0.04
5579,3563.0,0.04
5580,3563.0,0.04
5581,3563.0,0.04
5582,3563.0,0.04
5583,3563.0,0.04
5584,3563.0,0.04
5585,3563.0,0.04
5586,3563.0,0.04
5587,3563.0,0.04
5588,3563.0,0.04
5589,3563.0,0.04
5590,3563.0,0.04
5591,3563.0,0.04
5592,3563.0,0.04
5593,3563.0,0.04
5594,3563.0,0.04
5595,3563.0,0.04
5596,3563.0,0.04
5597,3563.0,0.04
5598,3563.0,0.04
5599,3563.0,0.04
5600,3563.0,0.04
5601,3563.0,0.04
5602,3563.0,0.04
5603,3563.0,0.04
5604,3563.0,0.04
5605,3563.0,0.04
5606,3563.0,0.04
5607,3563.0,0.04
5608,3563.0,0.04
5609,3563.0,0.04
5610,3563.0,0.04
5611,3563.0,0.04
5612,3563.0,0.04
5613,3563.0,0.04
5614,3563.0,0.04
5615,3563.0,0.04
5616,3563.0,0.04
5617,3563.0,0.04
5618,3563.0,0.04
5619,3563.0,0.04
5620,3563.0,0.04
5621,3563.0,0.04
5622,3563.0,0.04
5623,3563.0,0.04
5624,3563.0,0.04
5625,3567.0,0.04
5626,3567.0,0.04
5627,3567.0,0.04
5628,3567.0,0.04
5629,3567.0,0.04
5630,3567.0,0.04
5631,3567.0,0.04
5632,3567.0,0.04
5633,3567.0,0.04
5634,3567.0,0.04
5635,3567.0,0.04
5636,3567.0,0.04
5637,3567.0,0.04
5638,3567.0,0.04
5639,3567.0,0.04
5640,3567.0,0.04
5641,3567.0,0.04
5642,3567.0,0.04
5643,3567.0,0.04
5644,3567.0,0.04
5645,3567.0,0.04
5646,3567.0,0.04
5647,3567.0,0.04
5648,3567.0,0.04
5649,3567.0,0.04
5650,3567.0,0.04
5651,3567.0,0.04
5652,3567.0,0.04
5653,3567.0,0.04
5654,3567.0,0.04
5655,3567.0,0.04
5656,3567.0,0.04
5657,3567.0,0.04
5658,3567.0,0.04
5659,3567.0,0.04
5660,3567.0,0.04
5661,3567.0,0.04
5662,3567.0,0.04
5663,3567.0,0.04
5664,3567.0,0.04
5665,3567.0,0.04
5666,3567.0,0.04
5667,3567.0,0.04
5668,3567.0,0.04
5669,3567.0,0.04
5670,3567.0,0.04
5671,3567.0,0.04
5672,3567.0,0.04
5673,3567.0,0.04
5674,3567.0,0.04
5675,3567.0,0.04
5676,3567.0,0.04
5677,3567.0,0.04
5678,3567.0,0.04
5679,3567.0,0.04
5680,3567.0,0.04
5681,3567.0,0.04
5682,3558.0,0.04
5683,3558.0,0.04
5684,3558.0,0.04
5685,3558.0,0.04
5686,3558.0,0.04
5687,3558.0,0.04
5688,3558.0,0.04
5689,3558.0,0.04
5690,3558.0,0.04
5691,3558.0,0.04
5692,3558.0,0.04
5693,3558.0,0.04
5694,3558.0,0.04
5695,3558.0,0.04
5696,3558.0,0.04
5697,3558.0,0.04
5698,3558.0,0.04
5699,3558.0,0.04
5700,3558.0,0.04
5701,3558.0,0.04
5702,3558.0,0.04
5703,3558.0,0.04
5704,3558.0,0.04
5705,3558.0,0.04
5706,3558.0,0.04
5707,3558.0,0.04
5708,3558.0,0.04
5709,3558.0,0.04
5710,3558.0,0.04
5711,3558.0,0.04
5712,3558.0,0.04
5713,3558.0,0.04
5714,3558.0,0.04
5715,3558.0,0.04
5716,3558.0,0.04
5717,3558.0,0.04
5718,3558.0,0.04
5719,3558.0,0.04
5720,3558.0,0.04
5721,3558.0,0.04
5722,3558.0,0.04
5723,3558.0,0.04
5724,3558.0,0.04
5725,3558.0,0.04
5726,3558.0,0.04
5727,3558.0,0.04
5728,3558.0,0.04
5729,3558.0,0.04
5730,3558.0,0.04
5731,3558.0,0.04
5732,3558.0,0.04
5733,3558.0,0.04
5734,3558.0,0.04
5735,3558.0,0.04
5736,3558.0,0.04
5737,3558.0,0.04
5738,3558.0,0.04
5739,3558.0,0.04
5740,3558.0,0.04
5741,3558.0,0.04
5742,3556.0,0.04
5743,3556.0,0.04
5744,3556.0,0.04
5745,3556.0,0.04
5746,3556.0,0.04
5747,3556.0,0.04
5748,3556.0,0.04
5749,3556.0,0.04
5750,3556.0,0.04
5751,3556.0,0.04
5752,3556.0,0.04
5753,3556.0,0.04
5754,3556.0,0.04
5755,3556.0,0.04
5756,3556.0,0.04
5757,3556.0,0.04
5758,3556.0,0.04
5759,3556.0,0.04
5760,3556.0,0.04
5761,3556.0,0.04
5762,3556.0,0.04
5763,3556.0,0.04
5764,3556.0,0.04
5765,3556.0,0.04
5766,3556.0,0.04
5767,3556.0,0.04
5768,3556.0,0.04
5769,3556.0,0.04
5770,3556.0,0.04
5771,3556.0,0.04
5772,3556.0,0.04
5773,3556.0,0.04
5774,3556.0,0.04
5775,3556.0,0.04
5776,3556.0,0.04
5777,3556.0,0.04
5778,3556.0,0.04
5779,3556.0,0.04
5780,3556.0,0.04
5781,3556.0,0.04
5782,3556.0,0.04
5783,3556.0,0.04
5784,3556.0,0.04
5785,3556.0,0.04
5786,3556.0,0.04
5787,3556.0,0.04
5788,3556.0,0.04
5789,3556.0,0.04
5790,3556.0,0.04
5791,3556.0,0.04
5792,3556.0,0.04
5793,3556.0,0.04
5794,3556.0,0.04
5795,3556.0,0.04
5796,3556.0,0.04
5797,3556.0,0.04
5798,3556.0,0.04
5799,3532.0,0.03
5800,3532.0,0.03
5801,3532.0,0.03
5802,3532.0,0.03
5803,3532.0,0.03
5804,3532.0,0.03
5805,3532.0,0.03
5806,3532.0,0.03
5807,3532.0,0.03
5808,3532.0,0.03
5809,3532.0,0.03
5810,3532.0,0.03
5811,3532.0,0.03
5812,3532.0,0.03
5813,3532.0,0.03
5814,3532.0,0.03
5815,3532.0,0.03
5816,3532.0,0.03
5817,3532.0,0.03
5818,3532.0,0.03
5819,3532.0,0.03
5820,3532.0,0.03
5821,3532.0,0.03
5822,3525.0,0.03
5823,3525.0,0.03
5824,3525.0,0.03
5825,3525.0,0.03
5826,3525.0,0.03
5827,3525.0,0.03
5828,3525.0,0.03
5829,3525.0,0.03
5830,3525.0,0.03
5831,3525.0,0.03
