3490.967859506607,34.214225769,96.0
10091.947990566492,161.732124329,249.0
8623.656989902258,122.161399841,200.0
8157.7332272827625,131.564727783,200.0
8233.644440084696,117.479530334,200.0
8617.530931293964,123.580841064,200.0
10765.4388474226,100.053405762,200.0
8608.863416671753,60.5900878906,150.0
7483.881059169769,65.1424560547,151.0
7508.966861397028,146.931083679,200.0
8208.294499337673,133.207084656,201.0
5726.151267230511,104.093040466,149.0
6552.972455054522,110.990089417,162.0
8446.383263856173,131.95765686,200.0
9795.234760284424,89.5416946411,150.0
11812.155254393816,106.364944458,199.0
8392.132779121399,70.8759689331,149.0
6028.793389797211,95.5163421631,165.0
9500.48492437601,92.5983047485,168.0
5869.989017486572,60.8848342896,99.0
8783.121998786926,68.4863739014,150.0
7398.912881851196,70.2093658447,150.0
6893.15069770813,64.6046524048,149.0
9241.38908958435,81.7858581543,151.0
6209.194984793663,69.5362243652,150.0
5984.7869674265385,95.4773712158,150.0
5471.946826696396,110.015434265,149.0
7805.901793599129,152.660522461,206.0
4035.718245178461,69.4202423096,100.0
7493.089210033417,104.57585144,150.0
8981.035360872746,82.942855835,153.0
8916.774960517883,78.7525863647,150.0
8340.539416790009,64.3325424194,149.0
5382.352484077215,51.6686019897,100.0
9418.242867469788,74.5777816772,151.0
9797.228879928589,80.7421875,150.0
6222.496395111084,55.4163589478,107.0
7658.36993598938,55.5793914795,147.0
5051.643670588732,42.6354980469,99.0
9101.850271463394,90.8703308105,151.0
9470.910541534424,88.9227905273,150.0
5323.4216957092285,42.7920608521,99.0
7993.756872177124,65.5993652344,149.0
9522.359285354614,79.3972702026,165.0
3777.8910796940327,44.6940002441,100.0
6694.976936668158,107.406745911,149.0
9006.48860836029,79.3501968384,150.0
7639.216538786888,76.1626434326,151.0
8178.217540740967,69.8552322388,150.0
5954.623767852783,58.0101547241,150.0
7559.976438522339,51.2864608765,177.0
7820.566678583622,103.148994446,199.0
5468.1687026023865,98.902053833,151.0
11757.383510917425,231.015960693,313.0
5859.7309682667255,94.2940368652,150.0
5470.456912368536,104.831604004,150.0
5758.881985813379,101.604850769,150.0
5388.011551558971,112.046592712,150.0
5396.356635808945,112.696846008,151.0
5674.73176574707,116.019683838,150.0
13611.126789331436,182.713348389,276.0
9320.440152674913,98.0997238159,161.0
5155.661720275879,58.4258270264,101.0
6083.95084810257,60.6629638672,99.0
9034.59182703495,84.3310852051,201.0
4131.901313275099,71.8799972534,113.0
5770.749786019325,103.17678833,153.0
7219.807196110487,139.487937927,199.0
5466.205090641975,114.210067749,150.0
3751.6460052132607,61.4325256348,100.0
7026.560771018267,140.474411011,209.0
5569.97156471014,127.318740845,165.0
6887.951061457396,118.434104919,181.0
6801.866198539734,78.0783615112,125.0
8067.6418633461,72.3121185303,160.0
7428.985713124275,66.4765396118,149.0
6078.818978250027,73.8023757935,157.0
3567.387194663286,63.4095993042,102.0
3452.7372781932354,76.7548294067,111.0
3694.815078943968,74.6117630005,100.0
3682.0754935741425,67.2971191406,100.0
3043.052192181349,68.4222946167,100.0
3727.1279614269733,84.1555480957,111.0
3669.766329854727,77.0438995361,100.0
5300.744694054127,107.282096863,150.0
3486.985515743494,74.1182632446,100.0
7136.726046800613,144.764595032,203.0
5900.743724346161,62.2045898438,100.0
6021.77635088563,60.7807769775,100.0
7945.213717460632,86.5184173584,150.0
4876.773124694824,38.1377105713,98.0
2077.021781206131,20.7725143433,50.0
4693.87587377429,64.9369430542,122.0
3067.876348346472,26.8038253784,51.0
2562.9433813393116,28.6594314575,50.0
3885.7440605163574,42.3450012207,64.0
2611.6623554229736,27.7060699463,50.0
2596.028836250305,32.890625,50.0
