8506.903784751892,190.0
14868.433450698853,219.0
9408.947689056396,150.0
7630.009376049042,164.0
7714.307752609253,158.0
9814.711723804474,210.0
9975.24012374878,150.0
10181.319564819336,152.0
8529.976333618164,148.0
9480.462818145752,198.0
7391.520738601685,150.0
11664.979719161987,170.0
6892.021995544434,99.0
8043.6842222213745,157.0
5709.619648218155,121.0
10498.3489112854,153.0
9242.1353225708,123.0
8355.707948207855,183.0
7949.8928508758545,118.0
7891.4818477630615,124.0
7199.88756942749,122.0
7245.401500701904,121.0
9064.119846343994,152.0
6256.778606414795,122.0
5184.842571973801,120.0
8377.94536948204,182.0
5090.5568306446075,109.0
7615.991733074188,162.0
5447.2348709106445,120.0
5638.201909303665,121.0
8518.41276550293,180.0
5813.551410198212,121.0
8636.86197090149,123.0
12126.06070137024,184.0
3957.386173248291,61.0
10619.321128845215,178.0
5968.7558517456055,101.0
8475.242784500122,165.0
6881.385638713837,149.0
9965.9611120224,159.0
9773.979959487915,149.0
10042.184673309326,151.0
12993.207519888878,251.0
7091.659030914307,103.0
9434.578125,150.0
5680.148868560791,102.0
8238.859325408936,150.0
4709.200302124023,99.0
7196.6221442222595,158.0
11070.656085968018,250.0
7129.236282348633,151.0
4340.012723445892,101.0
6237.4751987457275,99.0
12711.206439971924,199.0
6398.823707580566,101.0
4382.314895629883,98.0
4644.853825569153,100.0
4626.598446846008,100.0
8848.209477096796,200.0
4679.8058161735535,100.0
10221.58542251587,150.0
9083.516611099243,150.0
7444.7452964782715,122.0
9723.790142059326,151.0
5174.239101409912,99.0
4824.868892669678,98.0
4811.328025817871,97.0
2938.36759185791,50.0
4248.177544116974,100.0
4765.019910395145,111.0
4992.440970420837,109.0
4480.367904424667,101.0
6695.743814706802,150.0
4933.0810170173645,100.0
9778.26500415802,150.0
6487.560657501221,99.0
3468.6266021728516,50.0
6471.48030090332,100.0
5653.807466506958,99.0
