V1,V2,V3
44.189466576033,0.433091465431,96.0
42.22572380990164,0.676703449074,249.0
44.914880155740924,0.63625729084,200.0
42.48819389209772,0.685232957204,200.0
42.88356479210779,0.611872553825,200.0
45.83793048560619,0.657344899279,200.0
73.23427787362313,0.680635413345,200.0
77.5573280781239,0.545856647663,150.0
62.36567549308141,0.542853800456,151.0
39.31396262511533,0.76927268942,200.0
42.53002331263043,0.690192148475,201.0
41.7967245783249,0.759803215083,149.0
42.00623368624694,0.711474932157,162.0
43.991579499250896,0.687279462814,200.0
73.64838165627387,0.673245824369,150.0
75.23665767129819,0.677483722662,199.0
75.6047998119045,0.638522242641,149.0
43.372614315087844,0.687167929231,165.0
66.43695751311895,0.647540592647,168.0
77.23669759850753,0.801116240652,99.0
75.06941879305066,0.585353623089,150.0
69.8010649231245,0.662352507969,150.0
68.9315069770813,0.646046524048,149.0
77.01157574653625,0.681548817952,151.0
46.68567657739596,0.522828754626,150.0
42.146387094553084,0.672375853633,150.0
37.9996307409472,0.763996071286,149.0
39.42374643231883,0.771012739702,206.0
42.03873172060897,0.723127524058,100.0
53.907116618945444,0.752344254967,150.0
72.42770452316731,0.668893998669,153.0
76.21175179929814,0.673099028759,150.0
75.13999474585593,0.579572454229,149.0
62.58549400089785,0.600797697555,100.0
72.44802205745991,0.573675243671,151.0
79.00991032200474,0.651146673387,150.0
75.88410237940346,0.67580925546,107.0
73.63817246143634,0.534417225764,147.0
57.40504171123559,0.484494295987,99.0
71.10820524580777,0.709924459457,151.0
76.99927269540181,0.722949516482,150.0
78.28561317219453,0.62929501253,99.0
68.91169717394072,0.565511769262,149.0
73.8167386461598,0.615482714749,165.0
43.92896604295387,0.519697677257,100.0
49.22777159314822,0.789755484637,149.0
73.8236771177073,0.650411449495,150.0
70.08455540171457,0.698739848006,151.0
76.43193963309315,0.652852637746,150.0
65.43542602036025,0.637474227738,150.0
70.65398540675083,0.479312718472,177.0
41.598758928636286,0.548664864073,199.0
39.33934318418983,0.711525567144,151.0
39.45430708361552,0.775221344609,313.0
40.692576168518926,0.654819700453,150.0
37.72728905081749,0.722976579337,150.0
39.99223601259291,0.705589241452,150.0
37.67840245845434,0.78354260638,150.0
37.47469885978434,0.782616986169,151.0
39.136081143083246,0.800135750606,150.0
53.79892011593453,0.722187147781,276.0
71.14839811202224,0.748852853557,161.0
63.65014469476394,0.721306506498,101.0
79.01234867665674,0.787830699574,99.0
53.4591232368932,0.499000504172,201.0
38.98020106863301,0.678113181636,113.0
39.52568346588579,0.706690331028,153.0
37.60316247974212,0.726499676704,199.0
37.95975757390261,0.793125470479,150.0
39.07964588763813,0.639922142029,100.0
34.95801378616053,0.69887766672,209.0
35.704945927629105,0.816145774646,165.0
39.58592564055974,0.680655775399,181.0
60.73094820124762,0.697128227779,125.0
69.54863675298363,0.623380332158,160.0
72.83319326592427,0.651730780508,149.0
46.40319830725211,0.563376914454,157.0
37.55144415435038,0.66746946636,102.0
32.268572693394724,0.717334854269,111.0
39.729194397246964,0.802277021511,100.0
38.354953058063984,0.701011657715,100.0
31.371672084343803,0.705384480585,100.0
35.1615845417639,0.793920265054,111.0
37.83264257582193,0.794267005527,100.0
37.06814471366522,0.750224453586,150.0
36.32276578899473,0.772065242132,100.0
36.41186758571742,0.738594872611,203.0
66.30049128478832,0.698927975772,100.0
71.6878137010194,0.723580678304,100.0
71.5785019591048,0.779445201427,150.0
71.71725183374741,0.560848684872,98.0
64.9069306626916,0.649141073227,50.0
41.909606015841874,0.579794134412,122.0
68.17502996325493,0.595640563965,51.0
62.5108141790076,0.699010523354,50.0
74.72584731762225,0.814326946552,64.0
63.69908183958472,0.675757803568,50.0
66.56484195513603,0.843349358974,50.0
