5046.280194103718,132.182746887,665346.534653,216.0
7485.618454188108,198.771385193,646311.960133,327.0
4930.453375786543,125.243461609,646525.789474,203.0
5251.909849256277,127.989982605,659066.839378,207.0
5563.880964279175,145.265083313,637295.708155,250.0
6035.737263202667,159.932357788,684938.367347,264.0
6304.690883427858,173.317550659,694127.234043,255.0
4436.7597942352295,128.070617676,623031.382979,201.0
5930.261670470238,156.657318115,689867.982456,251.0
4246.762460678816,112.815872192,618448.663102,200.0
4512.316965222359,129.364028931,630587.745098,218.0
4096.915952205658,111.871772766,582157.368421,202.0
5205.051663577557,149.675445557,608146.12069,250.0
5017.4147762060165,152.654251099,617628.87931,251.0
4425.456420511007,137.563224792,605123.880597,215.0
4414.231331735849,117.617324829,635560.962567,202.0
4984.918423771858,152.646278381,623189.224138,250.0
3632.955224007368,108.586929321,578350.531915,200.0
4331.508331090212,114.051643372,627178.974359,211.0
4678.394816607237,137.018409729,620607.009346,230.0
4871.814815878868,132.605941772,618213.839286,241.0
3610.5307556688786,106.067642212,600411.176471,179.0
3978.351872473955,114.166412354,608074.331551,201.0
4499.789429455996,132.807006836,574926.341463,220.0
4348.565586566925,108.445976257,614890.76087,200.0
4305.683077037334,110.160423279,626289.784946,200.0
4269.775891512632,122.378372192,622940.641711,201.0
3775.627871185541,99.8948822021,649206.707317,175.0
3532.4080370664597,92.4406433105,629061.875,171.0
1940.0520733706653,52.3148269653,582625.252525,105.0
3014.490680605173,78.0480117798,568548.854962,139.0
3365.6262621879578,113.294242859,600914.02439,176.0
3593.361291885376,109.099487305,602405.882353,200.0
3885.527556568384,103.188026428,574408.064516,200.0
4138.569479554892,113.286964417,633386.55914,200.0
3258.7649371027946,99.628616333,603199.333333,163.0
4387.9177641272545,133.090164185,570808.085106,250.0
2757.7481391727924,74.5333099365,604112.765957,150.0
3787.672696918249,111.830879211,610161.621622,199.0
3688.5429710149765,109.338066101,570846.031746,200.0
3838.716799736023,106.519981384,555302.525253,211.0
3622.4831190407276,109.996696472,568563.297872,201.0
4204.899415701628,121.879524231,612405.882353,199.0
4091.27726572752,94.2108154297,621978.074866,200.0
3762.469255179167,124.551437378,597064.179104,214.0
4140.864711821079,127.118400574,585570.952381,226.0
4139.311733454466,124.183074951,575109.69163,242.0
4256.334338605404,125.836387634,557488.546256,241.0
3210.3349677324295,102.004898071,569090.374332,200.0
4801.213891625404,144.682304382,622621.777778,239.0
5436.877567827702,165.423561096,585739.084507,301.0
3496.8297314345837,104.097213745,557813.661202,200.0
8275.591379374266,248.625740051,606520.437956,417.0
3365.8088117837906,101.655418396,592839.64497,180.0
3956.927318751812,135.24785614,544736.403509,242.0
4002.5531544685364,133.085441589,583185.39823,241.0
3057.148186445236,96.1921615601,539243.604651,181.0
3104.410455584526,101.577438354,590749.375,170.0
6683.157545000315,202.058433533,559891.621622,397.0
3748.186688274145,107.351417542,567565.608466,201.0
2600.821626216173,82.468208313,565492.253521,151.0
2514.762057572603,74.7900924683,556337.323944,150.0
5861.975723177195,173.965011597,594679.79798,318.0
3107.8866149783134,103.954368591,559364.550265,200.0
2515.5381040871143,74.8332519531,548580.851064,151.0
5191.903097361326,183.539047241,526473.860182,349.0
2746.462667375803,86.5073318481,550404.72973,157.0
2936.4308163821697,90.6996688843,530411.176471,181.0
