0.0142857142857,1.0
0.0119904076739,5.0
0.0111111111111,2.0
0.00568181818182,1.0
0.00549450549451,1.0
0.0124481327801,3.0
0.00558659217877,1.0
0.00666666666667,2.0
0.00833333333333,2.0
0.00418410041841,1.0
0.00418410041841,1.0
0.00515463917526,1.0
0.0118343195266,4.0
0.00649350649351,2.0
0.00689655172414,2.0
0.00970873786408,3.0
0.00833333333333,2.0
0.00431034482759,1.0
0.00534759358289,1.0
0.00833333333333,3.0
0.00993377483444,3.0
0.010067114094,3.0
0.0100334448161,3.0
0.00416666666667,1.0
0.0125,3.0
0.0049504950495,1.0
0.0125628140704,5.0
0.00714285714286,2.0
0.00502512562814,1.0
0.00555555555556,2.0
0.0,0.0
0.0153374233129,5.0
0.0059880239521,2.0
0.0111111111111,2.0
0.00583090379009,2.0
0.01171875,3.0
0.0125,3.0
0.00836820083682,2.0
0.00418410041841,1.0
0.00334448160535,1.0
0.00555555555556,1.0
0.00418410041841,1.0
0.00602409638554,1.0
0.015923566879,5.0
0.00418410041841,1.0
0.0062893081761,1.0
0.00769230769231,2.0
0.0165975103734,4.0
0.004,1.0
0.00438596491228,1.0
0.00666666666667,2.0
0.00677966101695,2.0
0.00813008130081,2.0
0.00381679389313,1.0
0.00462962962963,1.0
0.00666666666667,2.0
0.00666666666667,2.0
0.0111111111111,2.0
0.00334448160535,1.0
0.00526315789474,1.0
0.00649350649351,2.0
0.00904977375566,2.0
0.00873362445415,2.0
0.0064308681672,2.0
0.0,0.0
0.00729927007299,2.0
0.00975609756098,2.0
0.00666666666667,2.0
0.00398406374502,1.0
0.00438596491228,1.0
0.00418410041841,1.0
0.00418410041841,1.0
0.00666666666667,2.0
0.00507614213198,1.0
0.00874635568513,3.0
0.0208333333333,5.0
0.00502512562814,1.0
0.00714285714286,2.0
0.0,0.0
0.0158102766798,4.0
0.00881057268722,2.0
0.00418410041841,1.0
0.00854700854701,2.0
0.0,0.0
0.00555555555556,1.0
0.00555555555556,1.0
0.00558659217877,1.0
0.00418410041841,1.0
0.0,0.0
0.00558659217877,1.0
-0.0181818181818,-1.0
0.00546448087432,1.0
0.00833333333333,1.0
0.0,0.0
0.00666666666667,2.0
0.0133333333333,4.0
-1.0,-1.0
