18.0,5.0,5.0,4.0,4.0,1.0,3.0,1.0,0.0,1.0,3.0,2.0,0.0,1.0,2.0,0.0,1.0,1.0,2.0,2.0,0.0,3.0,0.0,12.0,111.0,0.0,0.0,0.0,0.0,0.0,0.0,0.0,0.0,0.0,0.0,0.0,0.0,0.0,0.0,0.0,0.0,0.0,0.0,0.0,0.0,0.0,0.0,0.0,111.0
20.0,15.0,5.0,5.0,0.0,6.0,8.0,1.0,3.0,1.0,1.0,1.0,0.0,2.0,4.0,0.0,1.0,0.0,1.0,2.0,1.0,1.0,0.0,16.0,144.0,0.0,0.0,0.0,0.0,0.0,0.0,0.0,0.0,0.0,0.0,0.0,0.0,0.0,0.0,0.0,0.0,0.0,0.0,0.0,0.0,0.0,0.0,0.0,145.0
16.0,9.0,6.0,7.0,1.0,1.0,0.0,1.0,1.0,3.0,1.0,0.0,2.0,0.0,1.0,2.0,2.0,1.0,1.0,0.0,2.0,0.0,0.0,13.0,276.0,0.0,0.0,0.0,0.0,0.0,0.0,0.0,0.0,0.0,0.0,0.0,0.0,0.0,0.0,0.0,0.0,0.0,0.0,0.0,0.0,0.0,0.0,0.0,277.0
25.0,12.0,9.0,9.0,5.0,1.0,2.0,4.0,2.0,0.0,2.0,0.0,0.0,1.0,1.0,1.0,6.0,2.0,3.0,1.0,3.0,1.0,1.0,21.0,248.0,0.0,0.0,0.0,0.0,0.0,0.0,0.0,0.0,0.0,0.0,0.0,0.0,0.0,0.0,0.0,0.0,0.0,0.0,0.0,0.0,0.0,0.0,0.0,249.0
19.0,10.0,5.0,3.0,3.0,2.0,1.0,1.0,1.0,0.0,1.0,1.0,2.0,2.0,2.0,1.0,1.0,0.0,1.0,0.0,0.0,0.0,0.0,14.0,179.0,0.0,0.0,0.0,0.0,0.0,0.0,0.0,0.0,0.0,0.0,0.0,0.0,0.0,0.0,0.0,0.0,0.0,0.0,0.0,0.0,0.0,0.0,0.0,179.0
30.0,14.0,9.0,7.0,3.0,1.0,2.0,1.0,1.0,1.0,2.0,4.0,1.0,0.0,0.0,4.0,0.0,0.0,2.0,1.0,1.0,3.0,2.0,21.0,197.0,0.0,0.0,0.0,0.0,0.0,0.0,0.0,0.0,0.0,0.0,0.0,0.0,0.0,0.0,0.0,0.0,0.0,0.0,0.0,0.0,0.0,0.0,0.0,198.0
13.0,9.0,7.0,3.0,1.0,1.0,4.0,1.0,1.0,0.0,1.0,0.0,2.0,1.0,2.0,2.0,1.0,1.0,2.0,1.0,3.0,0.0,0.0,14.0,220.0,0.0,0.0,0.0,0.0,0.0,0.0,0.0,0.0,0.0,0.0,0.0,0.0,0.0,0.0,0.0,0.0,0.0,0.0,0.0,0.0,0.0,0.0,0.0,221.0
20.0,11.0,7.0,7.0,5.0,1.0,2.0,3.0,1.0,2.0,3.0,2.0,3.0,1.0,0.0,3.0,3.0,1.0,2.0,4.0,2.0,1.0,3.0,24.0,179.0,0.0,0.0,0.0,0.0,0.0,0.0,0.0,0.0,0.0,0.0,0.0,0.0,0.0,0.0,0.0,0.0,0.0,0.0,0.0,0.0,0.0,0.0,0.0,179.0
15.0,8.0,6.0,1.0,3.0,1.0,3.0,3.0,1.0,1.0,2.0,1.0,0.0,0.0,1.0,3.0,0.0,0.0,2.0,0.0,2.0,3.0,1.0,13.0,179.0,0.0,0.0,0.0,0.0,0.0,0.0,0.0,0.0,0.0,0.0,0.0,0.0,0.0,0.0,0.0,0.0,0.0,0.0,0.0,0.0,0.0,0.0,0.0,179.0
30.0,15.0,5.0,2.0,2.0,1.0,3.0,3.0,1.0,3.0,2.0,2.0,4.0,3.0,4.0,1.0,3.0,1.0,2.0,1.0,5.0,1.0,1.0,16.0,179.0,0.0,0.0,0.0,0.0,0.0,0.0,0.0,0.0,0.0,0.0,0.0,0.0,0.0,0.0,0.0,0.0,0.0,0.0,0.0,0.0,0.0,0.0,0.0,180.0
15.0,5.0,8.0,5.0,1.0,2.0,2.0,0.0,1.0,1.0,2.0,2.0,1.0,2.0,2.0,0.0,4.0,0.0,1.0,0.0,1.0,1.0,1.0,13.0,299.0,0.0,0.0,0.0,0.0,0.0,0.0,0.0,0.0,0.0,0.0,0.0,0.0,0.0,0.0,0.0,0.0,0.0,0.0,0.0,0.0,0.0,0.0,0.0,300.0
21.0,6.0,7.0,2.0,2.0,2.0,3.0,2.0,1.0,0.0,3.0,3.0,3.0,0.0,0.0,2.0,1.0,0.0,1.0,2.0,0.0,2.0,2.0,13.0,120.0,0.0,0.0,0.0,0.0,0.0,0.0,0.0,0.0,0.0,0.0,0.0,0.0,0.0,0.0,0.0,0.0,0.0,0.0,0.0,0.0,0.0,0.0,0.0,120.0
15.0,6.0,5.0,4.0,1.0,0.0,2.0,0.0,1.0,1.0,1.0,1.0,1.0,2.0,1.0,0.0,0.0,1.0,0.0,3.0,0.0,1.0,4.0,20.0,298.0,0.0,0.0,0.0,0.0,0.0,0.0,0.0,0.0,0.0,0.0,0.0,0.0,0.0,0.0,0.0,0.0,0.0,0.0,0.0,0.0,0.0,0.0,0.0,299.0
22.0,10.0,7.0,5.0,2.0,0.0,0.0,3.0,1.0,1.0,3.0,1.0,1.0,0.0,2.0,2.0,1.0,1.0,0.0,1.0,3.0,1.0,2.0,17.0,133.0,0.0,0.0,0.0,0.0,0.0,0.0,0.0,0.0,0.0,0.0,0.0,0.0,0.0,0.0,0.0,0.0,0.0,0.0,0.0,0.0,0.0,0.0,0.0,133.0
9.0,19.0,6.0,3.0,2.0,1.0,0.0,0.0,0.0,0.0,1.0,0.0,4.0,0.0,2.0,2.0,1.0,3.0,2.0,0.0,1.0,1.0,1.0,14.0,345.0,0.0,0.0,0.0,0.0,0.0,0.0,0.0,0.0,0.0,0.0,0.0,0.0,0.0,0.0,0.0,0.0,0.0,0.0,0.0,0.0,0.0,0.0,0.0,346.0
23.0,19.0,15.0,2.0,1.0,0.0,3.0,1.0,0.0,1.0,0.0,3.0,0.0,1.0,3.0,3.0,0.0,5.0,1.0,2.0,1.0,2.0,3.0,22.0,239.0,0.0,0.0,0.0,0.0,0.0,0.0,0.0,0.0,0.0,0.0,0.0,0.0,0.0,0.0,0.0,0.0,0.0,0.0,0.0,0.0,0.0,0.0,0.0,240.0
10.0,6.0,2.0,4.0,3.0,2.0,1.0,1.0,2.0,1.0,0.0,1.0,4.0,2.0,0.0,1.0,0.0,3.0,4.0,1.0,1.0,0.0,2.0,20.0,156.0,0.0,0.0,0.0,0.0,0.0,0.0,0.0,0.0,0.0,0.0,0.0,0.0,0.0,0.0,0.0,0.0,0.0,0.0,0.0,0.0,0.0,0.0,0.0,156.0
23.0,6.0,12.0,4.0,1.0,0.0,4.0,1.0,1.0,2.0,4.0,0.0,1.0,1.0,3.0,5.0,2.0,3.0,0.0,2.0,2.0,2.0,1.0,30.0,322.0,0.0,0.0,0.0,0.0,0.0,0.0,0.0,0.0,0.0,0.0,0.0,0.0,0.0,0.0,0.0,0.0,0.0,0.0,0.0,0.0,0.0,0.0,0.0,324.0
16.0,3.0,2.0,3.0,1.0,3.0,3.0,3.0,2.0,0.0,1.0,1.0,2.0,0.0,1.0,1.0,0.0,0.0,1.0,2.0,0.0,2.0,3.0,20.0,119.0,0.0,0.0,0.0,0.0,0.0,0.0,0.0,0.0,0.0,0.0,0.0,0.0,0.0,0.0,0.0,0.0,0.0,0.0,0.0,0.0,0.0,0.0,0.0,119.0
17.0,14.0,5.0,4.0,3.0,1.0,2.0,1.0,1.0,4.0,0.0,3.0,1.0,3.0,1.0,1.0,1.0,2.0,8.0,1.0,3.0,0.0,4.0,30.0,249.0,0.0,0.0,0.0,0.0,0.0,0.0,0.0,0.0,0.0,0.0,0.0,0.0,0.0,0.0,0.0,0.0,0.0,0.0,0.0,0.0,0.0,0.0,0.0,250.0
10.0,13.0,7.0,2.0,4.0,3.0,1.0,4.0,1.0,2.0,3.0,1.0,0.0,3.0,0.0,1.0,0.0,0.0,1.0,0.0,0.0,1.0,3.0,11.0,169.0,0.0,0.0,0.0,0.0,0.0,0.0,0.0,0.0,0.0,0.0,0.0,0.0,0.0,0.0,0.0,0.0,0.0,0.0,0.0,0.0,0.0,0.0,0.0,169.0
24.0,14.0,5.0,4.0,2.0,2.0,2.0,0.0,1.0,0.0,3.0,3.0,1.0,1.0,3.0,2.0,1.0,0.0,1.0,3.0,3.0,0.0,1.0,36.0,299.0,0.0,0.0,0.0,0.0,0.0,0.0,0.0,0.0,0.0,0.0,0.0,0.0,0.0,0.0,0.0,0.0,0.0,0.0,0.0,0.0,0.0,0.0,0.0,300.0
16.0,9.0,1.0,2.0,3.0,1.0,1.0,0.0,0.0,1.0,0.0,1.0,3.0,1.0,1.0,0.0,1.0,0.0,1.0,2.0,2.0,1.0,2.0,26.0,260.0,0.0,0.0,0.0,0.0,0.0,0.0,0.0,0.0,0.0,0.0,0.0,0.0,0.0,0.0,0.0,0.0,0.0,0.0,0.0,0.0,0.0,0.0,0.0,261.0
19.0,8.0,4.0,2.0,2.0,3.0,0.0,1.0,0.0,0.0,5.0,1.0,3.0,1.0,0.0,3.0,2.0,3.0,2.0,1.0,2.0,5.0,3.0,32.0,158.0,0.0,0.0,0.0,0.0,0.0,0.0,0.0,0.0,0.0,0.0,0.0,0.0,0.0,0.0,0.0,0.0,0.0,0.0,0.0,0.0,0.0,0.0,0.0,158.0
13.0,7.0,4.0,5.0,1.0,0.0,1.0,2.0,1.0,2.0,2.0,4.0,1.0,0.0,0.0,0.0,3.0,1.0,1.0,2.0,2.0,1.0,1.0,17.0,299.0,0.0,0.0,0.0,0.0,0.0,0.0,0.0,0.0,0.0,0.0,0.0,0.0,0.0,0.0,0.0,0.0,0.0,0.0,0.0,0.0,0.0,0.0,0.0,300.0
20.0,14.0,8.0,1.0,4.0,4.0,1.0,1.0,2.0,3.0,1.0,4.0,0.0,2.0,0.0,2.0,2.0,1.0,1.0,2.0,3.0,4.0,0.0,30.0,178.0,0.0,0.0,0.0,0.0,0.0,0.0,0.0,0.0,0.0,0.0,0.0,0.0,0.0,0.0,0.0,0.0,0.0,0.0,0.0,0.0,0.0,0.0,0.0,179.0
16.0,4.0,5.0,2.0,1.0,3.0,1.0,0.0,2.0,1.0,0.0,3.0,1.0,2.0,0.0,0.0,1.0,1.0,0.0,3.0,1.0,1.0,0.0,22.0,299.0,0.0,0.0,0.0,0.0,0.0,0.0,0.0,0.0,0.0,0.0,0.0,0.0,0.0,0.0,0.0,0.0,0.0,0.0,0.0,0.0,0.0,0.0,0.0,300.0
16.0,5.0,5.0,4.0,2.0,0.0,0.0,1.0,1.0,1.0,1.0,0.0,1.0,1.0,2.0,1.0,1.0,0.0,0.0,3.0,2.0,1.0,0.0,17.0,105.0,0.0,0.0,0.0,0.0,0.0,0.0,0.0,0.0,0.0,0.0,0.0,0.0,0.0,0.0,0.0,0.0,0.0,0.0,0.0,0.0,0.0,0.0,0.0,104.0
12.0,11.0,0.0,2.0,1.0,2.0,1.0,1.0,1.0,0.0,1.0,4.0,0.0,1.0,1.0,0.0,2.0,1.0,5.0,1.0,0.0,1.0,5.0,18.0,314.0,0.0,0.0,0.0,0.0,0.0,0.0,0.0,0.0,0.0,0.0,0.0,0.0,0.0,0.0,0.0,0.0,0.0,0.0,0.0,0.0,0.0,0.0,0.0,314.0
20.0,11.0,10.0,5.0,0.0,3.0,1.0,2.0,0.0,3.0,3.0,2.0,0.0,1.0,1.0,3.0,5.0,4.0,3.0,0.0,3.0,0.0,1.0,30.0,239.0,0.0,0.0,0.0,0.0,0.0,0.0,0.0,0.0,0.0,0.0,0.0,0.0,0.0,0.0,0.0,0.0,0.0,0.0,0.0,0.0,0.0,0.0,0.0,240.0
9.0,9.0,4.0,2.0,1.0,0.0,3.0,2.0,1.0,0.0,0.0,1.0,0.0,2.0,1.0,0.0,0.0,1.0,1.0,2.0,0.0,1.0,0.0,30.0,174.0,0.0,0.0,0.0,0.0,0.0,0.0,0.0,0.0,0.0,0.0,0.0,0.0,0.0,0.0,0.0,0.0,0.0,0.0,0.0,0.0,0.0,0.0,0.0,174.0
23.0,14.0,7.0,2.0,1.0,1.0,2.0,3.0,3.0,1.0,2.0,1.0,1.0,1.0,3.0,2.0,2.0,1.0,2.0,1.0,0.0,3.0,2.0,34.0,304.0,0.0,0.0,0.0,0.0,0.0,0.0,0.0,0.0,0.0,0.0,0.0,0.0,0.0,0.0,0.0,0.0,0.0,0.0,0.0,0.0,0.0,0.0,0.0,305.0
12.0,7.0,3.0,2.0,3.0,0.0,1.0,1.0,0.0,1.0,2.0,1.0,2.0,0.0,0.0,1.0,0.0,3.0,4.0,0.0,3.0,1.0,0.0,24.0,157.0,0.0,0.0,0.0,0.0,0.0,0.0,0.0,0.0,0.0,0.0,0.0,0.0,0.0,0.0,0.0,0.0,0.0,0.0,0.0,0.0,0.0,0.0,0.0,157.0
29.0,16.0,2.0,4.0,2.0,3.0,2.0,3.0,0.0,0.0,1.0,1.0,0.0,2.0,2.0,0.0,4.0,4.0,1.0,0.0,2.0,1.0,0.0,32.0,253.0,0.0,0.0,0.0,0.0,0.0,0.0,0.0,0.0,0.0,0.0,0.0,0.0,0.0,0.0,0.0,0.0,0.0,0.0,0.0,0.0,0.0,0.0,0.0,254.0
15.0,9.0,7.0,4.0,2.0,0.0,3.0,4.0,1.0,2.0,2.0,0.0,2.0,0.0,3.0,1.0,1.0,1.0,0.0,1.0,0.0,1.0,1.0,11.0,306.0,0.0,0.0,0.0,0.0,0.0,0.0,0.0,0.0,0.0,0.0,0.0,0.0,0.0,0.0,0.0,0.0,0.0,0.0,0.0,0.0,0.0,0.0,0.0,307.0
16.0,21.0,8.0,1.0,2.0,1.0,2.0,3.0,1.0,1.0,2.0,4.0,0.0,2.0,2.0,2.0,0.0,3.0,1.0,2.0,0.0,0.0,5.0,32.0,179.0,0.0,0.0,0.0,0.0,0.0,0.0,0.0,0.0,0.0,0.0,0.0,0.0,0.0,0.0,0.0,0.0,0.0,0.0,0.0,0.0,0.0,0.0,0.0,179.0
16.0,5.0,0.0,2.0,1.0,0.0,1.0,1.0,2.0,1.0,0.0,0.0,0.0,2.0,0.0,2.0,1.0,0.0,3.0,2.0,2.0,0.0,2.0,27.0,228.0,0.0,0.0,0.0,0.0,0.0,0.0,0.0,0.0,0.0,0.0,0.0,0.0,0.0,0.0,0.0,0.0,0.0,0.0,0.0,0.0,0.0,0.0,0.0,229.0
16.0,6.0,4.0,3.0,1.0,1.0,0.0,3.0,1.0,1.0,0.0,1.0,1.0,1.0,1.0,3.0,2.0,3.0,4.0,1.0,1.0,1.0,1.0,29.0,130.0,0.0,0.0,0.0,0.0,0.0,0.0,0.0,0.0,0.0,0.0,0.0,0.0,0.0,0.0,0.0,0.0,0.0,0.0,0.0,0.0,0.0,0.0,0.0,130.0
12.0,5.0,4.0,1.0,1.0,2.0,1.0,1.0,2.0,0.0,0.0,1.0,0.0,1.0,2.0,3.0,3.0,2.0,3.0,0.0,2.0,1.0,1.0,23.0,299.0,0.0,0.0,0.0,0.0,0.0,0.0,0.0,0.0,0.0,0.0,0.0,0.0,0.0,0.0,0.0,0.0,0.0,0.0,0.0,0.0,0.0,0.0,0.0,300.0
16.0,5.0,5.0,2.0,3.0,2.0,0.0,1.0,1.0,1.0,0.0,0.0,1.0,1.0,4.0,2.0,2.0,2.0,1.0,2.0,2.0,1.0,0.0,22.0,119.0,0.0,0.0,0.0,0.0,0.0,0.0,0.0,0.0,0.0,0.0,0.0,0.0,0.0,0.0,0.0,0.0,0.0,0.0,0.0,0.0,0.0,0.0,0.0,119.0
15.0,4.0,7.0,1.0,3.0,1.0,2.0,0.0,1.0,0.0,2.0,0.0,0.0,0.0,2.0,2.0,0.0,2.0,0.0,2.0,0.0,1.0,1.0,24.0,273.0,0.0,0.0,0.0,0.0,0.0,0.0,0.0,0.0,0.0,0.0,0.0,0.0,0.0,0.0,0.0,0.0,0.0,0.0,0.0,0.0,0.0,0.0,0.0,274.0
24.0,16.0,4.0,5.0,4.0,3.0,5.0,2.0,1.0,3.0,0.0,0.0,3.0,2.0,1.0,3.0,0.0,2.0,0.0,1.0,0.0,0.0,3.0,29.0,205.0,0.0,0.0,0.0,0.0,0.0,0.0,0.0,0.0,0.0,0.0,0.0,0.0,0.0,0.0,0.0,0.0,0.0,0.0,0.0,0.0,0.0,0.0,0.0,206.0
11.0,16.0,0.0,2.0,1.0,4.0,0.0,3.0,1.0,2.0,0.0,0.0,1.0,1.0,0.0,1.0,0.0,0.0,1.0,0.0,1.0,3.0,2.0,20.0,179.0,0.0,0.0,0.0,0.0,0.0,0.0,0.0,0.0,0.0,0.0,0.0,0.0,0.0,0.0,0.0,0.0,0.0,0.0,0.0,0.0,0.0,0.0,0.0,179.0
20.0,15.0,4.0,5.0,4.0,1.0,2.0,0.0,3.0,1.0,1.0,0.0,1.0,1.0,2.0,1.0,2.0,0.0,5.0,1.0,2.0,2.0,1.0,37.0,179.0,0.0,0.0,0.0,0.0,0.0,0.0,0.0,0.0,0.0,0.0,0.0,0.0,0.0,0.0,0.0,0.0,0.0,0.0,0.0,0.0,0.0,0.0,0.0,180.0
11.0,7.0,2.0,1.0,1.0,3.0,1.0,1.0,0.0,1.0,2.0,1.0,0.0,1.0,2.0,1.0,1.0,0.0,1.0,1.0,1.0,0.0,3.0,25.0,106.0,0.0,0.0,0.0,0.0,0.0,0.0,0.0,0.0,0.0,0.0,0.0,0.0,0.0,0.0,0.0,0.0,0.0,0.0,0.0,0.0,0.0,0.0,0.0,106.0
21.0,16.0,9.0,8.0,3.0,2.0,4.0,0.0,2.0,1.0,0.0,2.0,1.0,1.0,3.0,1.0,0.0,2.0,0.0,2.0,2.0,2.0,0.0,28.0,312.0,0.0,0.0,0.0,0.0,0.0,0.0,0.0,0.0,0.0,0.0,0.0,0.0,0.0,0.0,0.0,0.0,0.0,0.0,0.0,0.0,0.0,0.0,0.0,313.0
14.0,13.0,3.0,2.0,3.0,2.0,3.0,0.0,0.0,0.0,1.0,1.0,0.0,0.0,0.0,1.0,3.0,0.0,2.0,1.0,1.0,1.0,1.0,20.0,209.0,0.0,0.0,0.0,0.0,0.0,0.0,0.0,0.0,0.0,0.0,0.0,0.0,0.0,0.0,0.0,0.0,0.0,0.0,0.0,0.0,0.0,0.0,0.0,209.0
14.0,5.0,4.0,2.0,0.0,0.0,1.0,1.0,1.0,0.0,1.0,1.0,0.0,1.0,1.0,0.0,2.0,2.0,2.0,1.0,1.0,0.0,2.0,23.0,104.0,0.0,0.0,0.0,0.0,0.0,0.0,0.0,0.0,0.0,0.0,0.0,0.0,0.0,0.0,0.0,0.0,0.0,0.0,0.0,0.0,0.0,0.0,0.0,104.0
15.0,7.0,4.0,3.0,3.0,0.0,1.0,1.0,3.0,0.0,1.0,3.0,2.0,0.0,1.0,0.0,2.0,1.0,1.0,1.0,1.0,2.0,0.0,19.0,344.0,0.0,0.0,0.0,0.0,0.0,0.0,0.0,0.0,0.0,0.0,0.0,0.0,0.0,0.0,0.0,0.0,0.0,0.0,0.0,0.0,0.0,0.0,0.0,345.0
15.0,11.0,4.0,3.0,2.0,2.0,1.0,0.0,0.0,0.0,0.0,0.0,0.0,0.0,1.0,1.0,1.0,2.0,0.0,1.0,1.0,5.0,0.0,28.0,119.0,0.0,0.0,0.0,0.0,0.0,0.0,0.0,0.0,0.0,0.0,0.0,0.0,0.0,0.0,0.0,0.0,0.0,0.0,0.0,0.0,0.0,0.0,0.0,119.0
16.0,4.0,5.0,2.0,0.0,0.0,0.0,0.0,3.0,1.0,0.0,3.0,0.0,3.0,0.0,0.0,0.0,3.0,4.0,3.0,1.0,1.0,1.0,20.0,284.0,0.0,0.0,0.0,0.0,0.0,0.0,0.0,0.0,0.0,0.0,0.0,0.0,0.0,0.0,0.0,0.0,0.0,0.0,0.0,0.0,0.0,0.0,0.0,285.0
17.0,6.0,5.0,4.0,2.0,3.0,2.0,3.0,1.0,1.0,2.0,0.0,0.0,2.0,0.0,1.0,1.0,1.0,0.0,1.0,1.0,2.0,0.0,30.0,135.0,0.0,0.0,0.0,0.0,0.0,0.0,0.0,0.0,0.0,0.0,0.0,0.0,0.0,0.0,0.0,0.0,0.0,0.0,0.0,0.0,0.0,0.0,0.0,136.0
14.0,7.0,6.0,1.0,1.0,0.0,1.0,2.0,2.0,1.0,0.0,0.0,0.0,1.0,1.0,3.0,1.0,0.0,1.0,2.0,0.0,1.0,1.0,24.0,298.0,0.0,0.0,0.0,0.0,0.0,0.0,0.0,0.0,0.0,0.0,0.0,0.0,0.0,0.0,0.0,0.0,0.0,0.0,0.0,0.0,0.0,0.0,0.0,298.0
18.0,9.0,8.0,7.0,5.0,3.0,0.0,3.0,1.0,3.0,1.0,1.0,1.0,1.0,1.0,3.0,0.0,2.0,2.0,1.0,1.0,1.0,1.0,37.0,242.0,0.0,0.0,0.0,0.0,0.0,0.0,0.0,0.0,0.0,0.0,0.0,0.0,0.0,0.0,0.0,0.0,0.0,0.0,0.0,0.0,0.0,0.0,0.0,243.0
12.0,4.0,3.0,5.0,0.0,1.0,0.0,0.0,1.0,2.0,4.0,0.0,1.0,2.0,0.0,1.0,4.0,0.0,1.0,2.0,0.0,1.0,0.0,27.0,177.0,0.0,0.0,0.0,0.0,0.0,0.0,0.0,0.0,0.0,0.0,0.0,0.0,0.0,0.0,0.0,0.0,0.0,0.0,0.0,0.0,0.0,0.0,0.0,177.0
24.0,9.0,11.0,4.0,0.0,3.0,2.0,2.0,2.0,1.0,0.0,0.0,2.0,3.0,2.0,1.0,1.0,0.0,1.0,1.0,3.0,4.0,0.0,34.0,298.0,0.0,0.0,0.0,0.0,0.0,0.0,0.0,0.0,0.0,0.0,0.0,0.0,0.0,0.0,0.0,0.0,0.0,0.0,0.0,0.0,0.0,0.0,0.0,300.0
15.0,5.0,4.0,3.0,1.0,1.0,0.0,2.0,0.0,1.0,1.0,1.0,0.0,1.0,2.0,0.0,1.0,1.0,1.0,1.0,1.0,2.0,0.0,27.0,119.0,0.0,0.0,0.0,0.0,0.0,0.0,0.0,0.0,0.0,0.0,0.0,0.0,0.0,0.0,0.0,0.0,0.0,0.0,0.0,0.0,0.0,0.0,0.0,119.0
17.0,12.0,3.0,2.0,1.0,3.0,0.0,0.0,4.0,0.0,3.0,1.0,1.0,0.0,5.0,2.0,1.0,3.0,0.0,3.0,2.0,1.0,3.0,44.0,263.0,0.0,0.0,0.0,0.0,0.0,0.0,0.0,0.0,0.0,0.0,0.0,0.0,0.0,0.0,0.0,0.0,0.0,0.0,0.0,0.0,0.0,0.0,0.0,264.0
12.0,12.0,6.0,2.0,3.0,0.0,1.0,2.0,0.0,1.0,2.0,0.0,1.0,1.0,0.0,2.0,1.0,0.0,1.0,1.0,1.0,0.0,0.0,21.0,395.0,0.0,0.0,0.0,0.0,0.0,0.0,0.0,0.0,0.0,0.0,0.0,0.0,0.0,0.0,0.0,0.0,0.0,0.0,0.0,0.0,0.0,0.0,0.0,396.0
21.0,10.0,3.0,5.0,4.0,1.0,1.0,0.0,0.0,0.0,0.0,2.0,2.0,0.0,2.0,0.0,0.0,0.0,2.0,0.0,0.0,1.0,2.0,20.0,119.0,0.0,0.0,0.0,0.0,0.0,0.0,0.0,0.0,0.0,0.0,0.0,0.0,0.0,0.0,0.0,0.0,0.0,0.0,0.0,0.0,0.0,0.0,0.0,119.0
17.0,6.0,5.0,0.0,0.0,1.0,1.0,1.0,3.0,2.0,2.0,1.0,2.0,0.0,0.0,0.0,1.0,0.0,0.0,1.0,0.0,2.0,1.0,24.0,359.0,0.0,0.0,0.0,0.0,0.0,0.0,0.0,0.0,0.0,0.0,0.0,0.0,0.0,0.0,0.0,0.0,0.0,0.0,0.0,0.0,0.0,0.0,0.0,361.0
14.0,4.0,2.0,2.0,2.0,0.0,2.0,2.0,1.0,2.0,0.0,1.0,0.0,0.0,1.0,0.0,2.0,1.0,1.0,0.0,1.0,0.0,0.0,16.0,84.0,0.0,0.0,0.0,0.0,0.0,0.0,0.0,0.0,0.0,0.0,0.0,0.0,0.0,0.0,0.0,0.0,0.0,0.0,0.0,0.0,0.0,0.0,0.0,83.0
18.0,5.0,4.0,5.0,2.0,0.0,3.0,0.0,0.0,1.0,1.0,1.0,3.0,0.0,0.0,0.0,1.0,2.0,2.0,1.0,0.0,0.0,0.0,24.0,394.0,0.0,0.0,0.0,0.0,0.0,0.0,0.0,0.0,0.0,0.0,0.0,0.0,0.0,0.0,0.0,0.0,0.0,0.0,0.0,0.0,0.0,0.0,0.0,396.0
14.0,9.0,6.0,6.0,4.0,1.0,2.0,0.0,1.0,0.0,2.0,0.0,0.0,1.0,0.0,1.0,1.0,0.0,1.0,2.0,0.0,3.0,1.0,21.0,119.0,0.0,0.0,0.0,0.0,0.0,0.0,0.0,0.0,0.0,0.0,0.0,0.0,0.0,0.0,0.0,0.0,0.0,0.0,0.0,0.0,0.0,0.0,0.0,119.0
14.0,5.0,3.0,0.0,1.0,2.0,0.0,0.0,1.0,0.0,2.0,0.0,1.0,1.0,2.0,0.0,2.0,1.0,0.0,2.0,5.0,3.0,0.0,25.0,340.0,0.0,0.0,0.0,0.0,0.0,0.0,0.0,0.0,0.0,0.0,0.0,0.0,0.0,0.0,0.0,0.0,0.0,0.0,0.0,0.0,0.0,0.0,0.0,341.0
25.0,16.0,6.0,7.0,2.0,4.0,1.0,2.0,2.0,0.0,1.0,1.0,1.0,1.0,2.0,2.0,1.0,2.0,2.0,1.0,2.0,0.0,0.0,31.0,257.0,0.0,0.0,0.0,0.0,0.0,0.0,0.0,0.0,0.0,0.0,0.0,0.0,0.0,0.0,0.0,0.0,0.0,0.0,0.0,0.0,0.0,0.0,0.0,258.0
13.0,5.0,3.0,2.0,0.0,1.0,2.0,2.0,0.0,0.0,2.0,1.0,1.0,0.0,0.0,0.0,2.0,0.0,0.0,1.0,0.0,4.0,0.0,31.0,120.0,0.0,0.0,0.0,0.0,0.0,0.0,0.0,0.0,0.0,0.0,0.0,0.0,0.0,0.0,0.0,0.0,0.0,0.0,0.0,0.0,0.0,0.0,0.0,120.0
19.0,9.0,8.0,1.0,2.0,5.0,3.0,2.0,1.0,2.0,0.0,1.0,1.0,0.0,2.0,1.0,3.0,2.0,0.0,2.0,2.0,3.0,2.0,40.0,272.0,0.0,0.0,0.0,0.0,0.0,0.0,0.0,0.0,0.0,0.0,0.0,0.0,0.0,0.0,0.0,0.0,0.0,0.0,0.0,0.0,0.0,0.0,0.0,273.0
16.0,4.0,2.0,2.0,4.0,2.0,1.0,0.0,0.0,2.0,0.0,0.0,4.0,2.0,2.0,1.0,0.0,3.0,0.0,1.0,1.0,3.0,0.0,20.0,146.0,0.0,0.0,0.0,0.0,0.0,0.0,0.0,0.0,0.0,0.0,0.0,0.0,0.0,0.0,0.0,0.0,0.0,0.0,0.0,0.0,0.0,0.0,0.0,146.0
22.0,12.0,4.0,6.0,1.0,2.0,0.0,2.0,1.0,6.0,0.0,0.0,1.0,0.0,4.0,2.0,1.0,0.0,1.0,1.0,3.0,5.0,1.0,37.0,179.0,0.0,0.0,0.0,0.0,0.0,0.0,0.0,0.0,0.0,0.0,0.0,0.0,0.0,0.0,0.0,0.0,0.0,0.0,0.0,0.0,0.0,0.0,0.0,180.0
15.0,4.0,6.0,0.0,1.0,2.0,2.0,2.0,0.0,0.0,0.0,0.0,3.0,2.0,0.0,1.0,2.0,0.0,3.0,1.0,1.0,1.0,3.0,23.0,372.0,0.0,0.0,0.0,0.0,0.0,0.0,0.0,0.0,0.0,0.0,0.0,0.0,0.0,0.0,0.0,0.0,0.0,0.0,0.0,0.0,0.0,0.0,0.0,373.0
14.0,6.0,2.0,3.0,1.0,2.0,1.0,1.0,2.0,0.0,2.0,0.0,3.0,0.0,1.0,0.0,0.0,0.0,0.0,2.0,0.0,3.0,1.0,23.0,106.0,0.0,0.0,0.0,0.0,0.0,0.0,0.0,0.0,0.0,0.0,0.0,0.0,0.0,0.0,0.0,0.0,0.0,0.0,0.0,0.0,0.0,0.0,0.0,106.0
15.0,7.0,8.0,1.0,2.0,1.0,2.0,0.0,0.0,0.0,1.0,0.0,1.0,1.0,2.0,1.0,2.0,0.0,0.0,2.0,0.0,0.0,4.0,21.0,359.0,0.0,0.0,0.0,0.0,0.0,0.0,0.0,0.0,0.0,0.0,0.0,0.0,0.0,0.0,0.0,0.0,0.0,0.0,0.0,0.0,0.0,0.0,0.0,360.0
16.0,10.0,3.0,3.0,3.0,4.0,1.0,2.0,0.0,0.0,2.0,1.0,2.0,0.0,0.0,4.0,0.0,2.0,1.0,1.0,0.0,1.0,0.0,20.0,119.0,0.0,0.0,0.0,0.0,0.0,0.0,0.0,0.0,0.0,0.0,0.0,0.0,0.0,0.0,0.0,0.0,0.0,0.0,0.0,0.0,0.0,0.0,0.0,119.0
10.0,9.0,4.0,2.0,2.0,3.0,1.0,0.0,0.0,1.0,1.0,3.0,1.0,2.0,3.0,0.0,3.0,2.0,0.0,0.0,0.0,0.0,5.0,18.0,299.0,0.0,0.0,0.0,0.0,0.0,0.0,0.0,0.0,0.0,0.0,0.0,0.0,0.0,0.0,0.0,0.0,0.0,0.0,0.0,0.0,0.0,0.0,0.0,300.0
7.0,8.0,3.0,2.0,2.0,1.0,1.0,0.0,1.0,0.0,2.0,2.0,0.0,0.0,1.0,0.0,1.0,1.0,0.0,0.0,1.0,1.0,0.0,16.0,77.0,0.0,0.0,0.0,0.0,0.0,0.0,0.0,0.0,0.0,0.0,0.0,0.0,0.0,0.0,0.0,0.0,0.0,0.0,0.0,0.0,0.0,0.0,0.0,76.0
14.0,3.0,4.0,2.0,2.0,1.0,1.0,2.0,2.0,2.0,0.0,1.0,1.0,1.0,0.0,1.0,0.0,4.0,3.0,1.0,2.0,1.0,1.0,24.0,341.0,0.0,0.0,0.0,0.0,0.0,0.0,0.0,0.0,0.0,0.0,0.0,0.0,0.0,0.0,0.0,0.0,0.0,0.0,0.0,0.0,0.0,0.0,0.0,343.0
23.0,11.0,4.0,0.0,3.0,1.0,1.0,4.0,5.0,1.0,0.0,4.0,1.0,0.0,0.0,0.0,2.0,4.0,2.0,4.0,2.0,1.0,3.0,35.0,179.0,0.0,0.0,0.0,0.0,0.0,0.0,0.0,0.0,0.0,0.0,0.0,0.0,0.0,0.0,0.0,0.0,0.0,0.0,0.0,0.0,0.0,0.0,0.0,179.0
8.0,6.0,4.0,0.0,3.0,1.0,0.0,1.0,1.0,1.0,0.0,0.0,1.0,1.0,0.0,0.0,0.0,0.0,3.0,0.0,0.0,1.0,0.0,21.0,82.0,0.0,0.0,0.0,0.0,0.0,0.0,0.0,0.0,0.0,0.0,0.0,0.0,0.0,0.0,0.0,0.0,0.0,0.0,0.0,0.0,0.0,0.0,0.0,82.0
26.0,13.0,4.0,5.0,1.0,1.0,3.0,1.0,1.0,3.0,1.0,0.0,0.0,0.0,1.0,3.0,3.0,3.0,3.0,2.0,2.0,0.0,0.0,37.0,336.0,0.0,0.0,0.0,0.0,0.0,0.0,0.0,0.0,0.0,0.0,0.0,0.0,0.0,0.0,0.0,0.0,0.0,0.0,0.0,0.0,0.0,0.0,0.0,337.0
12.0,9.0,1.0,1.0,0.0,2.0,2.0,1.0,2.0,3.0,1.0,1.0,0.0,1.0,2.0,1.0,2.0,1.0,0.0,2.0,2.0,2.0,0.0,22.0,119.0,0.0,0.0,0.0,0.0,0.0,0.0,0.0,0.0,0.0,0.0,0.0,0.0,0.0,0.0,0.0,0.0,0.0,0.0,0.0,0.0,0.0,0.0,0.0,119.0
17.0,5.0,5.0,5.0,2.0,1.0,2.0,1.0,3.0,0.0,0.0,0.0,1.0,1.0,1.0,3.0,0.0,3.0,1.0,0.0,1.0,1.0,1.0,28.0,127.0,0.0,0.0,0.0,0.0,0.0,0.0,0.0,0.0,0.0,0.0,0.0,0.0,0.0,0.0,0.0,0.0,0.0,0.0,0.0,0.0,0.0,0.0,0.0,127.0
14.0,8.0,2.0,2.0,2.0,1.0,1.0,2.0,3.0,1.0,4.0,3.0,0.0,3.0,0.0,1.0,0.0,1.0,2.0,0.0,0.0,3.0,2.0,15.0,232.0,0.0,0.0,0.0,0.0,0.0,0.0,0.0,0.0,0.0,0.0,0.0,0.0,0.0,0.0,0.0,0.0,0.0,0.0,0.0,0.0,0.0,0.0,0.0,233.0
22.0,13.0,6.0,3.0,2.0,2.0,3.0,1.0,0.0,2.0,0.0,2.0,0.0,0.0,0.0,2.0,0.0,1.0,4.0,3.0,3.0,0.0,0.0,41.0,179.0,0.0,0.0,0.0,0.0,0.0,0.0,0.0,0.0,0.0,0.0,0.0,0.0,0.0,0.0,0.0,0.0,0.0,0.0,0.0,0.0,0.0,0.0,0.0,179.0
14.0,8.0,4.0,4.0,0.0,2.0,0.0,0.0,0.0,2.0,0.0,2.0,1.0,1.0,0.0,0.0,0.0,0.0,1.0,3.0,0.0,1.0,2.0,25.0,237.0,0.0,0.0,0.0,0.0,0.0,0.0,0.0,0.0,0.0,0.0,0.0,0.0,0.0,0.0,0.0,0.0,0.0,0.0,0.0,0.0,0.0,0.0,0.0,238.0
20.0,9.0,5.0,2.0,0.0,2.0,0.0,2.0,1.0,2.0,1.0,0.0,0.0,1.0,1.0,0.0,2.0,0.0,0.0,1.0,0.0,1.0,0.0,29.0,121.0,0.0,0.0,0.0,0.0,0.0,0.0,0.0,0.0,0.0,0.0,0.0,0.0,0.0,0.0,0.0,0.0,0.0,0.0,0.0,0.0,0.0,0.0,0.0,121.0
16.0,4.0,5.0,6.0,2.0,4.0,1.0,0.0,1.0,3.0,0.0,2.0,0.0,0.0,0.0,5.0,0.0,1.0,2.0,0.0,1.0,0.0,0.0,17.0,119.0,0.0,0.0,0.0,0.0,0.0,0.0,0.0,0.0,0.0,0.0,0.0,0.0,0.0,0.0,0.0,0.0,0.0,0.0,0.0,0.0,0.0,0.0,0.0,119.0
15.0,14.0,3.0,1.0,1.0,0.0,0.0,1.0,2.0,1.0,1.0,0.0,0.0,2.0,0.0,1.0,0.0,2.0,2.0,1.0,4.0,0.0,1.0,26.0,120.0,0.0,0.0,0.0,0.0,0.0,0.0,0.0,0.0,0.0,0.0,0.0,0.0,0.0,0.0,0.0,0.0,0.0,0.0,0.0,0.0,0.0,0.0,0.0,120.0
15.0,9.0,5.0,1.0,3.0,3.0,1.0,2.0,2.0,2.0,0.0,0.0,0.0,1.0,1.0,1.0,0.0,0.0,1.0,0.0,3.0,3.0,1.0,16.0,119.0,0.0,0.0,0.0,0.0,0.0,0.0,0.0,0.0,0.0,0.0,0.0,0.0,0.0,0.0,0.0,0.0,0.0,0.0,0.0,0.0,0.0,0.0,0.0,119.0
12.0,13.0,4.0,0.0,0.0,3.0,1.0,0.0,5.0,1.0,1.0,3.0,3.0,1.0,2.0,1.0,2.0,2.0,1.0,3.0,1.0,3.0,5.0,42.0,179.0,0.0,0.0,0.0,0.0,0.0,0.0,0.0,0.0,0.0,0.0,0.0,0.0,0.0,0.0,0.0,0.0,0.0,0.0,0.0,0.0,0.0,0.0,0.0,180.0
17.0,4.0,2.0,5.0,3.0,2.0,1.0,0.0,2.0,1.0,0.0,0.0,1.0,0.0,1.0,1.0,0.0,0.0,2.0,1.0,1.0,0.0,2.0,24.0,119.0,0.0,0.0,0.0,0.0,0.0,0.0,0.0,0.0,0.0,0.0,0.0,0.0,0.0,0.0,0.0,0.0,0.0,0.0,0.0,0.0,0.0,0.0,0.0,119.0
15.0,7.0,8.0,9.0,5.0,2.0,2.0,2.0,1.0,4.0,4.0,1.0,3.0,4.0,0.0,1.0,0.0,1.0,3.0,3.0,4.0,2.0,1.0,23.0,178.0,0.0,0.0,0.0,0.0,0.0,0.0,0.0,0.0,0.0,0.0,0.0,0.0,0.0,0.0,0.0,0.0,0.0,0.0,0.0,0.0,0.0,0.0,0.0,179.0
7.0,1.0,3.0,4.0,2.0,1.0,1.0,2.0,1.0,0.0,0.0,0.0,1.0,0.0,0.0,1.0,0.0,0.0,0.0,0.0,0.0,1.0,1.0,3.0,47.0,0.0,0.0,0.0,0.0,0.0,0.0,0.0,0.0,0.0,0.0,0.0,0.0,0.0,0.0,0.0,0.0,0.0,0.0,0.0,0.0,0.0,0.0,0.0,47.0
18.0,9.0,5.0,5.0,1.0,2.0,0.0,1.0,0.0,3.0,0.0,2.0,0.0,1.0,0.0,1.0,2.0,2.0,3.0,0.0,0.0,2.0,2.0,22.0,132.0,0.0,0.0,0.0,0.0,0.0,0.0,0.0,0.0,0.0,0.0,0.0,0.0,0.0,0.0,0.0,0.0,0.0,0.0,0.0,0.0,0.0,0.0,0.0,132.0
14.0,4.0,4.0,3.0,2.0,3.0,1.0,2.0,1.0,1.0,0.0,1.0,0.0,1.0,1.0,1.0,4.0,1.0,0.0,3.0,1.0,1.0,1.0,20.0,119.0,0.0,0.0,0.0,0.0,0.0,0.0,0.0,0.0,0.0,0.0,0.0,0.0,0.0,0.0,0.0,0.0,0.0,0.0,0.0,0.0,0.0,0.0,0.0,119.0
10.0,7.0,2.0,3.0,1.0,1.0,1.0,1.0,1.0,3.0,2.0,1.0,1.0,3.0,1.0,1.0,0.0,1.0,0.0,1.0,0.0,1.0,2.0,26.0,116.0,0.0,0.0,0.0,0.0,0.0,0.0,0.0,0.0,0.0,0.0,0.0,0.0,0.0,0.0,0.0,0.0,0.0,0.0,0.0,0.0,0.0,0.0,0.0,117.0
10.0,9.0,6.0,3.0,2.0,0.0,1.0,1.0,1.0,0.0,1.0,2.0,1.0,0.0,0.0,2.0,2.0,1.0,2.0,0.0,2.0,0.0,4.0,22.0,475.0,0.0,0.0,0.0,0.0,0.0,0.0,0.0,0.0,0.0,0.0,0.0,0.0,0.0,0.0,0.0,0.0,0.0,0.0,0.0,0.0,0.0,0.0,0.0,477.0
