5.0,0.98
6.0,0.98
61.0,0.98
61.0,0.97
2.0,0.97
61.0,0.97
61.0,0.97
1.0,0.97
55.0,0.96
7.0,0.96
36.0,0.96
26.0,0.96
61.0,0.96
1.0,0.96
60.0,0.96
2.0,0.96
62.0,0.95
1.0,0.95
25.0,0.95
6.0,0.95
6.0,0.95
6.0,0.95
6.0,0.95
6.0,0.95
7.0,0.95
5.0,0.95
6.0,0.95
6.0,0.95
6.0,0.95
6.0,0.95
6.0,0.95
6.0,0.95
6.0,0.94
6.0,0.94
6.0,0.94
6.0,0.94
6.0,0.94
6.0,0.94
6.0,0.94
6.0,0.94
6.0,0.94
6.0,0.94
6.0,0.94
5.0,0.94
2.0,0.94
61.0,0.94
1.0,0.94
26.0,0.94
6.0,0.94
6.0,0.94
6.0,0.94
6.0,0.94
6.0,0.94
6.0,0.94
6.0,0.94
6.0,0.94
6.0,0.94
6.0,0.94
6.0,0.94
6.0,0.94
4.0,0.93
3.0,0.93
6.0,0.93
6.0,0.93
6.0,0.93
6.0,0.93
6.0,0.93
6.0,0.93
6.0,0.93
6.0,0.93
6.0,0.93
6.0,0.93
6.0,0.93
6.0,0.93
6.0,0.93
6.0,0.93
6.0,0.93
6.0,0.93
6.0,0.93
6.0,0.93
6.0,0.93
6.0,0.93
6.0,0.93
6.0,0.93
6.0,0.93
6.0,0.92
61.0,0.92
2.0,0.92
56.0,0.92
5.0,0.92
6.0,0.92
6.0,0.92
6.0,0.92
6.0,0.92
6.0,0.92
6.0,0.92
6.0,0.92
6.0,0.92
6.0,0.92
6.0,0.92
6.0,0.92
6.0,0.91
6.0,0.91
6.0,0.91
6.0,0.91
6.0,0.91
6.0,0.91
6.0,0.91
6.0,0.91
6.0,0.91
6.0,0.91
6.0,0.91
6.0,0.91
6.0,0.91
62.0,0.9
1.0,0.9
51.0,0.9
11.0,0.9
61.0,0.9
32.0,0.9
30.0,0.89
10.0,0.89
6.0,0.89
6.0,0.89
6.0,0.89
62.0,0.89
1.0,0.89
29.0,0.89
33.0,0.89
61.0,0.88
1.0,0.88
34.0,0.88
28.0,0.88
62.0,0.87
60.0,0.87
1.0,0.87
61.0,0.87
2.0,0.87
61.0,0.86
1.0,0.86
53.0,0.85
9.0,0.85
61.0,0.85
61.0,0.85
57.0,0.85
5.0,0.84
35.0,0.84
28.0,0.84
32.0,0.84
30.0,0.84
61.0,0.83
1.0,0.83
61.0,0.83
1.0,0.83
19.0,0.82
43.0,0.82
61.0,0.82
1.0,0.82
50.0,0.82
12.0,0.82
62.0,0.81
1.0,0.81
6.0,0.81
56.0,0.8
61.0,0.8
1.0,0.8
61.0,0.8
1.0,0.8
31.0,0.8
4.0,0.79
28.0,0.79
61.0,0.79
1.0,0.79
51.0,0.79
12.0,0.78
1.0,0.78
61.0,0.78
14.0,0.78
48.0,0.78
61.0,0.77
1.0,0.77
61.0,0.77
1.0,0.77
49.0,0.76
13.0,0.76
62.0,0.76
1.0,0.76
61.0,0.75
1.0,0.75
29.0,0.75
12.0,0.75
22.0,0.75
25.0,0.75
37.0,0.75
61.0,0.74
1.0,0.74
61.0,0.74
59.0,0.73
4.0,0.73
61.0,0.73
1.0,0.73
61.0,0.72
1.0,0.72
59.0,0.72
3.0,0.72
35.0,0.71
27.0,0.71
61.0,0.71
1.0,0.71
28.0,0.71
34.0,0.71
62.0,0.7
1.0,0.7
61.0,0.7
61.0,0.69
1.0,0.69
61.0,0.69
1.0,0.69
17.0,0.69
22.0,0.68
24.0,0.68
61.0,0.68
1.0,0.68
62.0,0.68
61.0,0.67
1.0,0.67
15.0,0.67
47.0,0.67
26.0,0.66
36.0,0.66
61.0,0.66
1.0,0.66
22.0,0.66
33.0,0.65
8.0,0.65
62.0,0.65
1.0,0.65
61.0,0.65
1.0,0.65
61.0,0.64
1.0,0.64
25.0,0.64
37.0,0.64
61.0,0.63
1.0,0.63
61.0,0.63
1.0,0.63
21.0,0.63
39.0,0.62
4.0,0.62
24.0,0.62
38.0,0.62
61.0,0.61
1.0,0.61
61.0,0.61
1.0,0.61
30.0,0.61
32.0,0.61
62.0,0.6
60.0,0.59
2.0,0.59
42.0,0.59
9.0,0.59
12.0,0.59
61.0,0.59
61.0,0.58
61.0,0.58
1.0,0.58
12.0,0.58
12.0,0.58
40.0,0.57
60.0,0.57
62.0,0.56
1.0,0.56
36.0,0.56
26.0,0.56
61.0,0.56
1.0,0.56
63.0,0.55
1.0,0.55
5.0,0.55
55.0,0.55
1.0,0.55
10.0,0.54
52.0,0.54
62.0,0.54
1.0,0.54
61.0,0.53
1.0,0.53
21.0,0.53
41.0,0.53
26.0,0.53
36.0,0.53
1.0,0.53
61.0,0.52
57.0,0.51
5.0,0.51
61.0,0.51
2.0,0.51
61.0,0.51
1.0,0.51
61.0,0.5
1.0,0.5
14.0,0.5
48.0,0.5
42.0,0.5
20.0,0.49
1.0,0.49
61.0,0.49
1.0,0.49
20.0,0.49
34.0,0.48
9.0,0.48
62.0,0.48
1.0,0.48
61.0,0.47
1.0,0.47
61.0,0.47
1.0,0.47
14.0,0.47
48.0,0.47
21.0,0.47
41.0,0.46
1.0,0.46
61.0,0.46
2.0,0.46
56.0,0.45
6.0,0.45
61.0,0.45
1.0,0.45
61.0,0.44
18.0,0.44
44.0,0.44
24.0,0.44
22.0,0.44
17.0,0.44
61.0,0.43
1.0,0.43
61.0,0.43
2.0,0.43
60.0,0.42
2.0,0.42
61.0,0.42
1.0,0.42
61.0,0.41
1.0,0.41
61.0,0.41
1.0,0.41
33.0,0.41
30.0,0.41
61.0,0.4
12.0,0.4
5.0,0.4
46.0,0.4
61.0,0.39
9.0,0.39
53.0,0.39
61.0,0.38
62.0,0.38
37.0,0.37
12.0,0.37
13.0,0.37
62.0,0.37
61.0,0.37
1.0,0.37
61.0,0.36
1.0,0.36
17.0,0.36
45.0,0.36
15.0,0.35
47.0,0.35
61.0,0.35
1.0,0.35
39.0,0.35
12.0,0.34
13.0,0.34
61.0,0.34
61.0,0.34
1.0,0.34
61.0,0.33
1.0,0.33
11.0,0.33
51.0,0.33
61.0,0.32
2.0,0.32
61.0,0.32
1.0,0.32
32.0,0.32
25.0,0.31
6.0,0.31
13.0,0.31
49.0,0.31
61.0,0.3
1.0,0.3
61.0,0.3
1.0,0.3
27.0,0.3
35.0,0.3
49.0,0.3
14.0,0.29
61.0,0.29
1.0,0.29
50.0,0.28
12.0,0.28
61.0,0.28
1.0,0.28
61.0,0.27
1.0,0.27
61.0,0.27
1.0,0.27
6.0,0.27
7.0,0.27
50.0,0.26
62.0,0.26
1.0,0.26
61.0,0.25
1.0,0.25
8.0,0.25
16.0,0.25
39.0,0.25
61.0,0.25
1.0,0.25
61.0,0.24
1.0,0.24
61.0,0.24
1.0,0.23
2.0,0.23
61.0,0.23
61.0,0.23
10.0,0.23
52.0,0.22
1.0,0.22
10.0,0.22
18.0,0.22
35.0,0.22
61.0,0.22
61.0,0.21
1.0,0.21
39.0,0.2
26.0,0.2
59.0,0.2
1.0,0.2
61.0,0.2
1.0,0.2
40.0,0.19
22.0,0.19
58.0,0.19
4.0,0.18
1.0,0.18
61.0,0.18
1.0,0.18
61.0,0.18
2.0,0.18
1.0,0.17
8.0,0.17
54.0,0.17
61.0,0.16
61.0,0.16
1.0,0.16
5.0,0.16
57.0,0.15
61.0,0.15
1.0,0.15
6.0,0.15
56.0,0.15
1.0,0.15
30.0,0.14
33.0,0.14
61.0,0.13
56.0,0.13
6.0,0.13
61.0,0.12
7.0,0.12
12.0,0.12
44.0,0.11
47.0,0.11
15.0,0.11
62.0,0.11
1.0,0.11
61.0,0.1
1.0,0.1
12.0,0.1
10.0,0.1
41.0,0.1
28.0,0.1
4.0,0.1
6.0,0.1
6.0,0.1
6.0,0.1
6.0,0.1
7.0,0.1
5.0,0.09
6.0,0.09
6.0,0.09
6.0,0.09
6.0,0.09
6.0,0.09
6.0,0.09
9.0,0.09
3.0,0.09
6.0,0.09
6.0,0.09
6.0,0.09
6.0,0.09
6.0,0.09
6.0,0.09
7.0,0.09
6.0,0.09
6.0,0.08
6.0,0.08
5.0,0.08
7.0,0.08
5.0,0.08
7.0,0.08
5.0,0.08
7.0,0.08
6.0,0.08
22.0,0.08
8.0,0.08
33.0,0.08
24.0,0.08
37.0,0.07
2.0,0.07
63.0,0.07
3.0,0.06
57.0,0.06
64.0,0.05
7.0,0.05
53.0,0.05
37.0,0.05
25.0,0.04
43.0,0.04
19.0,0.04
1.0,0.04
4.0,0.03
58.0,0.03
27.0,0.03
35.0,0.03
36.0,0.03
26.0,0.03
1.0,0.03
59.0,0.03
3.0,0.03
17.0,0.03
46.0,0.03
61.0,0.02
1.0,0.02
11.0,0.02
51.0,0.02
1.0,0.02
25.0,0.02
15.0,0.02
23.0,0.02
64.0,0.01
58.0,0.01
5.0,0.01
58.0,0.01
17.0,0.01
45.0,0.0
