4.0,0.92
111.0,0.92
43.0,0.91
38.0,0.91
118.0,0.91
54.0,0.9
36.0,0.9
84.0,0.9
31.0,0.89
54.0,0.89
80.0,0.89
73.0,0.88
74.0,0.88
72.0,0.87
86.0,0.87
77.0,0.86
100.0,0.86
83.0,0.86
9.0,0.85
68.0,0.85
94.0,0.85
6.0,0.84
70.0,0.84
75.0,0.84
10.0,0.83
63.0,0.83
80.0,0.83
10.0,0.82
97.0,0.82
68.0,0.81
22.0,0.81
75.0,0.81
57.0,0.8
19.0,0.8
73.0,0.8
59.0,0.79
23.0,0.79
81.0,0.78
97.0,0.78
48.0,0.77
34.0,0.77
117.0,0.76
76.0,0.76
87.0,0.75
10.0,0.75
79.0,0.75
80.0,0.74
77.0,0.74
1.0,0.73
103.0,0.73
68.0,0.72
19.0,0.72
92.0,0.71
86.0,0.71
75.0,0.7
13.0,0.7
71.0,0.7
80.0,0.69
73.0,0.69
29.0,0.68
65.0,0.68
43.0,0.67
51.0,0.67
86.0,0.67
2.0,0.66
74.0,0.66
88.0,0.65
79.0,0.65
21.0,0.64
58.0,0.64
78.0,0.64
14.0,0.63
68.0,0.63
52.0,0.62
46.0,0.62
83.0,0.62
50.0,0.61
61.0,0.6
76.0,0.6
107.0,0.59
76.0,0.59
44.0,0.58
36.0,0.58
82.0,0.57
5.0,0.57
82.0,0.57
32.0,0.56
43.0,0.56
99.0,0.56
23.0,0.55
59.0,0.55
65.0,0.54
15.0,0.54
101.0,0.54
26.0,0.53
52.0,0.53
63.0,0.52
17.0,0.52
84.0,0.52
46.0,0.51
40.0,0.51
100.0,0.51
8.0,0.5
79.0,0.5
89.0,0.49
108.0,0.49
4.0,0.49
64.0,0.48
22.0,0.48
83.0,0.48
49.0,0.47
28.0,0.47
77.0,0.46
22.0,0.46
94.0,0.46
73.0,0.46
63.0,0.45
37.0,0.45
77.0,0.45
46.0,0.44
45.0,0.44
57.0,0.43
28.0,0.43
78.0,0.43
54.0,0.42
24.0,0.42
79.0,0.41
100.0,0.41
38.0,0.4
49.0,0.4
62.0,0.39
18.0,0.39
116.0,0.39
93.0,0.39
34.0,0.38
78.0,0.38
31.0,0.37
53.0,0.37
81.0,0.36
100.0,0.35
21.0,0.35
81.0,0.35
87.0,0.35
27.0,0.34
55.0,0.34
49.0,0.33
41.0,0.33
83.0,0.32
8.0,0.32
80.0,0.32
80.0,0.31
4.0,0.31
94.0,0.3
106.0,0.29
99.0,0.29
86.0,0.28
60.0,0.27
28.0,0.27
74.0,0.27
40.0,0.26
44.0,0.26
97.0,0.26
27.0,0.25
95.0,0.25
69.0,0.24
11.0,0.24
94.0,0.24
41.0,0.22
53.0,0.22
61.0,0.21
13.0,0.21
77.0,0.2
97.0,0.19
81.0,0.18
46.0,0.18
58.0,0.17
53.0,0.17
51.0,0.16
42.0,0.16
64.0,0.15
20.0,0.15
34.0,0.14
52.0,0.14
51.0,0.13
36.0,0.13
73.0,0.12
16.0,0.12
87.0,0.12
43.0,0.11
