0.406779661017,35.0
0.55,54.0
0.291390728477,107.0
0.455782312925,80.0
0.366666666667,76.0
0.466019417476,55.0
0.286764705882,97.0
0.420168067227,69.0
0.346590909091,115.0
0.534482758621,54.0
0.298913043478,129.0
0.627118644068,22.0
0.3,126.0
0.536231884058,32.0
0.302419354839,173.0
0.511904761905,41.0
0.323076923077,88.0
0.561983471074,53.0
0.275641025641,113.0
0.463917525773,52.0
0.298013245033,106.0
0.379032258065,77.0
0.329608938547,120.0
0.504201680672,59.0
0.286585365854,117.0
0.518518518519,26.0
0.285714285714,160.0
0.38,31.0
0.285046728972,153.0
0.53125,60.0
0.29203539823,80.0
0.521739130435,55.0
0.309090909091,114.0
0.494505494505,46.0
0.314159292035,155.0
0.578947368421,48.0
0.309523809524,87.0
0.5,56.0
0.315151515152,113.0
0.674418604651,14.0
0.3,154.0
0.398148148148,65.0
0.345454545455,72.0
0.37962962963,67.0
0.296610169492,83.0
0.603603603604,44.0
0.301255230126,167.0
0.75,8.0
0.300970873786,144.0
0.554621848739,53.0
0.2734375,93.0
0.436363636364,62.0
0.33908045977,115.0
0.476744186047,45.0
0.333333333333,114.0
0.447619047619,58.0
0.300578034682,121.0
0.438095238095,59.0
0.299107142857,157.0
0.636363636364,16.0
0.299107142857,157.0
0.516666666667,29.0
0.284722222222,206.0
0.515151515152,16.0
0.31797235023,148.0
0.522935779817,52.0
0.275449101796,121.0
0.643835616438,26.0
0.304347826087,160.0
0.532110091743,51.0
0.29746835443,111.0
0.469387755102,26.0
0.319587628866,198.0
0.434782608696,13.0
0.298039215686,179.0
0.46875,17.0
0.328125,172.0
0.51724137931,28.0
0.296296296296,114.0
0.586206896552,48.0
0.29696969697,116.0
0.448979591837,27.0
0.315476190476,115.0
0.471153846154,55.0
0.305194805195,107.0
0.314285714286,24.0
0.302816901408,198.0
0.526315789474,9.0
0.27972027972,103.0
0.505,99.0
0.271186440678,43.0
0.478991596639,62.0
0.290322580645,22.0
0.703125,19.0
0.301204819277,58.0
0.377777777778,56.0
0.317307692308,142.0
0.541666666667,55.0
0.268817204301,68.0
