80.61697867,122.0
91.702823357,140.0
82.580686817,127.0
76.277528811,119.0
78.084523313,123.0
72.526906722,113.0
73.275438536,115.0
73.500272865,115.0
97.533471345,152.0
105.292533759,164.0
99.156265278,154.0
88.961853924,139.0
97.837273325,153.0
92.479526183,178.0
44.848434074,124.0
42.324234159,115.0
79.699336735,139.0
80.423787873,140.0
82.552614404,144.0
72.768619131,128.0
68.917107931,122.0
87.896041152,152.0
88.317003829,152.0
88.671177251,153.0
68.184107613,114.0
76.000139276,129.0
67.272369167,114.0
66.942149285,113.0
74.72942835,127.0
67.202997051,115.0
60.171281976,102.0
32.220496425,130.0
42.889287835,126.0
28.340614542,84.0
52.352699971,123.0
53.099193094,126.0
56.180869225,109.0
71.952678377,140.0
65.445923961,127.0
71.604775728,140.0
77.232843362,126.0
78.718937522,129.0
77.088885126,126.0
78.233058363,128.0
88.566247995,145.0
58.73430512,96.0
88.00858482,144.0
56.906705764,93.0
72.953604869,108.0
85.727250417,128.0
85.081688119,126.0
85.496538114,128.0
84.928209712,127.0
76.534812356,114.0
75.767514516,114.0
86.53883558,130.0
41.418017309,85.0
66.272388777,126.0
68.056558966,130.0
83.687310899,140.0
83.869397959,140.0
75.42711437,126.0
62.900504477,104.0
77.567015033,114.0
78.872781175,114.0
78.875449007,115.0
70.346793824,102.0
78.562437205,115.0
69.205661156,101.0
77.797717026,113.0
70.411916664,103.0
63.65805107,92.0
