66.50459369575,112.1
75.17215582544445,131.85714285714286
44.2053312564,137.33333333333334
26.62175814333333,96.75
57.229532331777776,118.85714285714286
56.71560575671429,132.6
63.04827175527273,119.33333333333333
14.0614637995,179.5
18.2872082128,112.66666666666667
27.32324391983333,98.0
37.58083980566666,110.5
51.64088658775,122.0
65.42999848233333,120.6
62.85626684616666,112.8
14.984416622,130.5
31.7004174285,107.0
35.2560488616,85.66666666666667
39.73183843583334,106.0
53.2712482655,112.5
61.15461095030769,102.45454545454545
