56.574420440666664,144.33333333333334
10.2771716165,197.5
12.953320122,181.5
20.0815512585,203.0
23.187039589,169.33333333333334
49.063361676599996,165.4
57.7806924575,184.5
12.1891197645,210.5
17.9093031305,197.0
27.1557725235,235.5
24.38046273533333,171.66666666666666
66.50459369575,112.1
75.17215582544445,131.85714285714286
26.62175814333333,96.75
57.229532331777776,118.85714285714286
56.71560575671429,132.6
63.04827175527273,119.33333333333333
14.0614637995,179.5
18.2872082128,112.66666666666667
51.64088658775,122.0
65.42999848233333,120.6
62.85626684616666,112.8
14.984416622,130.5
53.2712482655,112.5
61.15461095030769,102.45454545454545
