21.33166280875,149.25
9.1519038445,171.5
19.834028720333333,206.0
11.162587303666665,212.33333333333334
35.4544588295,168.5
12.542704205,203.5
31.1705185485,184.25
17.214122171666666,233.0
21.070424474333333,205.0
56.574420440666664,144.33333333333334
10.2771716165,197.5
12.953320122,181.5
20.0815512585,203.0
23.187039589,169.33333333333334
39.6211240298,147.4
49.063361676599996,165.4
57.7806924575,184.5
12.1891197645,210.5
17.9093031305,197.0
27.1557725235,235.5
24.38046273533333,171.66666666666666
36.642541052199995,191.4
45.845198403,186.25
