0.99,15.0,7581186433.0
0.98,115.0,73500272865.0
0.97,115.0,73275438536.0
0.96,113.0,72526906722.0
0.95,123.0,78084523313.0
0.94,119.0,76277528811.0
0.93,127.0,82580686817.0
0.92,140.0,91702823357.0
0.91,122.0,80616978670.0
0.9,132.0,86529332049.0
0.89,8.0,3090939010.0
0.88,153.0,97837273325.0
0.87,139.0,88961853924.0
0.86,154.0,99156265278.0
0.85,164.0,105292533759.0
0.84,152.0,97533471345.0
0.83,153.0,98311786107.0
0.92,57.0,26973850302.0
0.91,178.0,92479526183.0
0.9,177.0,91582477547.0
0.96,53.0,13631333508.0
0.95,115.0,42324234159.0
0.94,124.0,44848434074.0
0.93,95.0,34820893720.0
0.82,19.0,4604783117.0
0.81,122.0,68917107931.0
0.8,128.0,72768619131.0
0.79,144.0,82552614404.0
0.78,140.0,80423787873.0
0.77,139.0,79699336735.0
0.76,140.0,80513046990.0
0.75,53.0,28786478550.0
0.74,153.0,88671177251.0
0.73,152.0,88317003829.0
0.72,152.0,87896041152.0
0.71,153.0,88580749702.0
0.59,145.0,79346727277.0
0.58,102.0,60171281976.0
0.57,115.0,67202997051.0
0.56,127.0,74729428350.0
0.55,113.0,66942149285.0
0.54,114.0,67272369167.0
0.53,129.0,76000139276.0
0.52,114.0,68184107613.0
0.51,115.0,68889718282.0
0.88,219.0,27204424666.0
0.87,140.0,22006787273.0
0.74,68.0,7106177376.0
0.73,130.0,32220496425.0
0.72,140.0,35414976479.0
0.4,68.0,18981125169.0
0.39,84.0,28340614542.0
0.38,126.0,42889287835.0
0.37,114.0,38895883254.0
0.65,66.0,26974738582.0
0.64,126.0,53099193094.0
0.63,123.0,52352699971.0
0.62,127.0,53550265871.0
0.75,76.0,37377144278.0
0.74,140.0,71604775728.0
0.73,127.0,65445923961.0
0.72,140.0,71952678377.0
0.71,109.0,56180869225.0
0.7,140.0,72626607033.0
0.84,92.0,54407948491.0
0.83,93.0,56906705764.0
0.82,144.0,88008584820.0
0.81,96.0,58734305120.0
0.8,145.0,88566247995.0
0.79,128.0,78233058363.0
0.78,126.0,77088885126.0
0.77,129.0,78718937522.0
0.76,126.0,77232843362.0
0.75,127.0,78702721690.0
0.5,8.0,3413608725.0
0.49,130.0,86538835580.0
0.48,114.0,75767514516.0
0.47,114.0,76534812356.0
0.46,127.0,84928209712.0
0.45,128.0,85496538114.0
0.44,126.0,85081688119.0
0.43,128.0,85727250417.0
0.42,108.0,72953604869.0
0.41,145.0,96445745599.0
0.83,95.0,16706870455.0
0.82,166.0,29734544358.0
0.71,55.0,16155556955.0
0.7,159.0,61983085617.0
0.36,45.0,20263579061.0
0.35,85.0,41418017309.0
0.34,127.0,62110866247.0
0.69,28.0,7612478473.0
0.68,130.0,68056558966.0
0.67,126.0,66272388777.0
0.66,140.0,73189500469.0
0.81,25.0,13191008091.0
0.8,104.0,62900504477.0
0.79,126.0,75427114370.0
0.78,140.0,83869397959.0
0.77,140.0,83687310899.0
0.76,140.0,83591748147.0
0.95,44.0,28695049266.0
0.94,92.0,63658051070.0
0.93,103.0,70411916664.0
0.92,113.0,77797717026.0
0.91,101.0,69205661156.0
0.9,115.0,78562437205.0
0.89,102.0,70346793824.0
0.88,115.0,78875449007.0
0.87,114.0,78872781175.0
0.86,114.0,77567015033.0
0.85,114.0,78930134560.0
