0 41880.88888888889
1 43627.555555555555
2 43934.8888888889
3 45424.8888888889
4 47548.222222222226
5 47357.55555555554
6 48289.555555555555
7 49850.88888888888
8 52073.55555555554
9 52728.22222222222
10 47966.88888888888
11 44310.88888888888
12 39956.22222222221
13 35561.555555555555
14 30682.888888888887
15 26763.55555555555
16 22336.888888888887
17 18500.22222222222
18 14853.555555555555
19 11758.22222222222
20 12696.22222222222
21 13341.555555555553
22 14002.888888888889
23 14680.22222222222
24 15548.222222222219
25 13394.88888888889
26 10958.0
27 9163.555555555553
28 7290.88888888889
29 6164.666666666667
30 6238.888888888888
31 6651.555555555556
32 6728.666666666667
33 7040.888888888888
34 7120.222222222223
35 6766.88888888889
36 6766.88888888889
37 6766.88888888889
38 6766.88888888889
39 6766.88888888889
40 7120.222222222223
41 7120.222222222223
42 6653.555555555555
43 6653.555555555555
44 6653.555555555555
45 7122.88888888889
46 7608.222222222223
47 8624.222222222219
48 9157.555555555553
49 9160.22222222222
50 8626.888888888887
51 8109.555555555555
52 7608.222222222223
53 7122.88888888889
54 7120.222222222223
55 7120.222222222223
56 6653.555555555555
57 6653.555555555555
58 6653.555555555555
59 6653.555555555555
60 6730.666666666667
61 7280.222222222222
62 6886.222222222223
63 6964.666666666667
64 7043.555555555555
65 6653.555555555555
66 6576.888888888888
67 6962.0
68 6883.555555555556
69 6689.555555555555
70 6766.88888888889
71 6766.88888888889
72 6766.88888888889
73 6766.88888888889
74 6883.555555555556
75 6650.88888888889
76 6197.555555555556
77 5341.555555555556
78 4936.222222222223
79 4546.88888888889
80 4936.222222222223
81 5341.555555555556
82 6197.555555555556
83 6650.88888888889
84 6768.222222222223
85 6768.222222222223
86 6768.222222222223
87 6768.222222222223
88 6768.222222222223
89 7120.222222222223
90 6846.0
91 6924.222222222222
92 7002.88888888889
93 7082.0
94 7161.555555555555
95 7120.222222222223
96 7040.888888888888
97 6388.666666666667
98 6313.555555555556
99 6238.888888888888
100 6090.88888888889
101 5657.555555555556
102 5760.222222222223
103 5338.88888888889
104 4933.555555555556
105 5034.88888888889
106 5240.2222222222235
107 5657.555555555556
108 6090.88888888889
109 6540.222222222223
110 6962.666666666667
111 7280.222222222222
112 7360.88888888889
113 6964.666666666667
114 7043.555555555555
115 6653.555555555555
116 6576.888888888888
117 6500.666666666667
118 6883.555555555556
119 6805.555555555555
120 6653.555555555555
121 6540.222222222223
122 6540.222222222223
123 6540.222222222223
124 6540.222222222223
125 6536.222222222223
126 6197.555555555556
127 5760.222222222223
128 4936.222222222223
129 4546.88888888889
130 4936.222222222223
131 5341.555555555556
132 5762.88888888889
133 6650.88888888889
134 7120.222222222223
135 7200.0
136 6693.555555555555
137 6770.8888888888905
138 6848.666666666667
139 6926.888888888888
140 6540.222222222223
141 7040.888888888888
142 6962.0
143 6883.555555555556
144 6349.555555555555
145 6653.555555555555
146 6653.555555555555
147 6653.555555555555
148 6653.555555555555
149 7120.222222222223
150 7001.555555555555
151 6768.222222222223
152 6768.222222222223
153 6768.222222222223
154 6768.222222222223
155 6884.222222222223
156 7120.222222222223
157 7120.222222222223
158 6653.555555555555
159 6653.555555555555
160 6653.555555555555
161 6653.555555555555
162 6653.555555555555
163 7120.222222222223
164 7001.555555555555
165 6846.0
166 6924.222222222222
167 7002.88888888889
168 7082.0
169 7280.888888888888
170 7120.222222222223
171 7040.888888888888
172 6500.666666666667
173 6424.88888888889
174 6349.555555555555
175 6653.555555555555
176 6653.555555555555
177 7120.222222222223
178 7120.222222222223
179 6653.555555555555
180 6200.222222222223
181 5762.88888888889
182 5341.555555555556
183 4936.222222222223
184 4933.555555555556
185 5338.88888888889
186 5444.2222222222235
187 5657.555555555556
188 6090.88888888889
189 6540.222222222223
190 6540.222222222223
191 6884.222222222223
192 7120.222222222223
193 6651.555555555556
194 6651.555555555556
195 6651.555555555556
196 6651.555555555556
197 6651.555555555556
198 7120.222222222223
199 7120.222222222223
200 6086.88888888889
201 4936.222222222223
202 4173.555555555556
203 3474.888888888889
204 2840.2222222222226
205 3096.8888888888887
206 3669.5555555555547
207 4020.222222222222
208 4386.888888888889
209 4769.555555555555
210 6197.555555555556
211 7122.88888888889
212 8626.888888888887
213 10274.888888888887
214 12066.888888888889
215 11352.88888888889
216 10758.222222222224
217 10179.555555555557
218 9616.88888888889
219 9070.222222222224
220 9709.555555555555
221 10853.555555555553
222 11300.22222222222
223 11909.555555555555
224 12534.888888888889
225 11909.555555555555
226 11300.22222222222
227 10274.888888888887
228 9709.555555555555
229 9160.22222222222
230 9160.22222222222
231 9160.22222222222
232 9706.888888888889
233 9706.888888888889
234 9160.22222222222
235 8714.666666666666
236 8280.222222222224
237 7856.888888888888
238 7444.666666666667
239 7523.555555555555
240 6653.555555555555
241 6576.888888888888
242 6500.666666666667
243 6424.88888888889
244 6349.555555555555
245 6653.555555555555
