0 3.5625
1 3.5
2 3.4375
3 3.375
4 3.3125
5 2.75
6 2.375
7 2.0
8 1.625
9 1.25
10 1.5
11 1.75
12 2.0
13 2.25
14 2.5
15 2.75
16 2.8125
17 2.875
18 2.9375
19 3.0
20 2.625
21 2.3125
22 2.0
23 1.6875
24 1.375
25 1.3125
26 1.3125
27 1.3125
28 1.3125
29 1.3125
30 1.4375
31 1.4375
32 1.4375
33 1.4375
34 1.4375
35 1.5
36 1.5625
37 1.625
38 1.6875
39 1.75
40 1.625
41 1.5625
42 1.5
43 1.4375
44 1.375
45 1.5625
46 1.625
47 1.6875
48 1.75
49 1.8125
50 1.75
51 1.75
52 1.75
53 1.75
54 1.75
55 1.75
56 1.75
57 1.75
58 1.75
59 1.75
60 1.625
61 1.5625
62 1.5
63 1.4375
64 1.375
65 1.4375
66 1.5
67 1.5625
68 1.625
69 1.6875
70 1.625
71 1.625
72 1.625
73 1.625
74 1.625
75 1.625
76 1.5625
77 1.5
78 1.4375
79 1.375
80 1.375
81 1.4375
82 1.5
83 1.5625
84 1.625
85 1.625
86 1.625
87 1.625
88 1.625
89 1.625
90 1.5625
91 1.5625
92 1.5625
93 1.5625
94 1.5625
95 1.625
96 1.5625
97 1.5
98 1.4375
99 1.375
100 1.4375
101 1.4375
102 1.4375
103 1.4375
104 1.4375
105 1.5
106 1.5
107 1.5
108 1.5
109 1.5
110 1.3125
111 1.3125
112 1.3125
113 1.3125
114 1.3125
115 1.5
116 1.5
117 1.5
118 1.5
119 1.5
120 1.5
121 1.5625
122 1.625
123 1.6875
124 1.75
125 1.5625
