700000
700000
700000
700000
700000
1200000
920000
700000
1200000
920000
1200000
700000
920000
700000
700000
700000
700000
350000
700000
1200000
700000
1200000
1200000
920000
1200000
1200000
1200000
700000
1200000
920000
700000
1200000
700000
1200000
700000
920000
1200000
700000
1200000
700000
920000
700000
700000
700000
700000
700000
700000
700000
700000
920000
700000
700000
700000
700000
700000
700000
700000
920000
920000
700000
920000
700000
700000
700000
700000
350000
700000
920000
700000
700000
700000
700000
700000
700000
700000
700000
700000
700000
700000
700000
920000
700000
1200000
700000
1200000
700000
700000
700000
700000
350000
700000
700000
700000
350000
350000
350000
1200000
700000
1200000
1200000
920000
1200000
700000
1200000
920000
1200000
1200000
920000
920000
1200000
350000
350000
700000
700000
1200000
700000
700000
700000
700000
700000
700000
350000
700000
700000
700000
350000
700000
700000
700000
350000
350000
920000
700000
700000
700000
700000
700000
700000
700000
700000
350000
700000
350000
700000
700000
920000
1200000
700000
700000
700000
700000
700000
700000
700000
920000
700000
700000
700000
700000
700000
700000
700000
700000
1200000
350000
700000
350000
700000
350000
350000
700000
350000
700000
1200000
700000
700000
350000
700000
700000
700000
700000
700000
700000
700000
700000
700000
350000
700000
920000
700000
350000
350000
920000
700000
920000
700000
700000
700000
700000
350000
700000
700000
350000
700000
350000
700000
700000
350000
350000
700000
1200000
920000
700000
350000
700000
700000
700000
700000
700000
700000
700000
700000
700000
350000
700000
700000
700000
700000
700000
700000
700000
350000
700000
700000
350000
350000
350000
700000
920000
920000
