0.0,118.0,0.0,0.0,115.0,118
57.0,57.0,55.0,58.0,59.0,59
0.0,0.0,0.0,118.0,116.0,118
0.0,65.0,58.0,57.0,59.0,65
0.0,118.0,0.0,117.0,0.0,118
0.0,136.0,0.0,0.0,0.0,136
0.0,95.0,87.0,0.0,91.0,95
0.0,0.0,123.0,0.0,119.0,123
90.0,0.0,95.0,87.0,0.0,95
86.0,91.0,0.0,94.0,0.0,94
65.0,62.0,64.0,0.0,64.0,65
0.0,122.0,121.0,0.0,0.0,122
65.0,57.0,62.0,65.0,0.0,65
86.0,92.0,85.0,0.0,0.0,92
56.0,55.0,63.0,63.0,65.0,65
118.0,0.0,0.0,0.0,124.0,124
0.0,85.0,0.0,86.0,94.0,94
0.0,0.0,0.0,144.0,0.0,144
0.0,0.0,116.0,0.0,124.0,124
64.0,65.0,64.0,0.0,60.0,65
0.0,92.0,86.0,0.0,85.0,92
0.0,0.0,0.0,0.0,136.0,136
89.0,89.0,0.0,93.0,0.0,93
0.0,143.0,0.0,0.0,0.0,143
0.0,0.0,0.0,142.0,0.0,142
123.0,0.0,0.0,125.0,0.0,125
62.0,60.0,64.0,55.0,63.0,64
115.0,115.0,0.0,0.0,0.0,115
92.0,87.0,92.0,0.0,0.0,92
125.0,0.0,0.0,125.0,0.0,125
0.0,94.0,0.0,88.0,94.0,94
85.0,95.0,92.0,0.0,0.0,95
0.0,138.0,0.0,0.0,0.0,138
0.0,0.0,89.0,87.0,89.0,89
0.0,122.0,0.0,118.0,0.0,122
92.0,94.0,0.0,92.0,0.0,94
61.0,0.0,58.0,57.0,58.0,61
0.0,125.0,0.0,0.0,121.0,125
65.0,55.0,58.0,62.0,55.0,65
94.0,0.0,93.0,86.0,0.0,94
64.0,63.0,63.0,65.0,0.0,65
0.0,0.0,0.0,142.0,0.0,142
55.0,55.0,60.0,60.0,62.0,62
0.0,55.0,63.0,58.0,64.0,64
0.0,55.0,64.0,57.0,57.0,64
58.0,60.0,59.0,64.0,60.0,64
142.0,0.0,0.0,0.0,0.0,142
0.0,95.0,95.0,89.0,0.0,95
56.0,62.0,63.0,62.0,64.0,64
62.0,61.0,58.0,56.0,59.0,62
55.0,59.0,59.0,0.0,63.0,63
117.0,0.0,0.0,0.0,119.0,119
65.0,65.0,58.0,55.0,0.0,65
87.0,92.0,0.0,0.0,88.0,92
0.0,119.0,116.0,0.0,0.0,119
92.0,0.0,91.0,91.0,0.0,92
63.0,56.0,57.0,55.0,60.0,63
59.0,56.0,0.0,64.0,65.0,65
0.0,92.0,91.0,0.0,86.0,92
91.0,0.0,91.0,0.0,95.0,95
0.0,56.0,63.0,55.0,55.0,63
95.0,88.0,93.0,0.0,0.0,95
56.0,63.0,60.0,65.0,59.0,65
0.0,0.0,89.0,92.0,94.0,94
60.0,55.0,60.0,62.0,0.0,62
0.0,0.0,0.0,0.0,139.0,139
64.0,56.0,59.0,0.0,60.0,64
90.0,91.0,90.0,0.0,0.0,91
55.0,60.0,55.0,61.0,55.0,61
57.0,55.0,65.0,59.0,57.0,65
56.0,59.0,0.0,59.0,65.0,65
0.0,0.0,122.0,125.0,0.0,125
65.0,55.0,0.0,65.0,55.0,65
145.0,0.0,0.0,0.0,0.0,145
64.0,63.0,0.0,61.0,58.0,64
62.0,64.0,55.0,56.0,0.0,64
142.0,0.0,0.0,0.0,0.0,142
57.0,58.0,55.0,65.0,55.0,65
65.0,65.0,65.0,64.0,64.0,65
0.0,0.0,0.0,135.0,0.0,135
56.0,60.0,55.0,64.0,61.0,64
0.0,59.0,60.0,55.0,60.0,60
60.0,60.0,56.0,62.0,65.0,65
115.0,0.0,0.0,0.0,119.0,119
63.0,62.0,62.0,63.0,59.0,63
