examples.nqueens.Nqueens_1,examples.nqueens.Nqueens_2,examples.nqueens.Nqueens_3,examples.nqueens.Nqueens_4,examples.nqueens.Nqueens_5,examples.nqueens.Nqueens_6,examples.nqueens.Nqueens_7,examples.nqueens.Nqueens_8,examples.nqueens.Nqueens_9,examples.nqueens.Nqueens_10,examples.nqueens.Nqueens_11,examples.nqueens.Nqueens_12,examples.nqueens.Nqueens_13,examples.nqueens.Nqueens_14,examples.nqueens.Nqueens_15,examples.nqueens.Nqueens_16,examples.nqueens.Nqueens_17,examples.nqueens.Nqueens_18,examples.nqueens.Nqueens_19,examples.nqueens.Nqueens_20,examples.nqueens.Nqueens_21,examples.nqueens.Nqueens_22,examples.nqueens.Nqueens_23,examples.nqueens.Nqueens_24,BatteryDropTime
51.0,4.0,2.0,2.0,2.0,0.0,3.0,1.0,6.0,22.0,3.0,0.0,0.0,0.0,0.0,0.0,0.0,0.0,0.0,0.0,0.0,0.0,0.0,0.0,172.0
52.0,4.0,2.0,6.0,1.0,0.0,0.0,3.0,6.0,13.0,4.0,1.0,0.0,0.0,0.0,0.0,0.0,0.0,0.0,0.0,0.0,0.0,0.0,0.0,178.0
72.0,5.0,4.0,2.0,2.0,2.0,0.0,3.0,4.0,25.0,9.0,0.0,0.0,0.0,0.0,0.0,0.0,0.0,0.0,0.0,0.0,0.0,0.0,0.0,209.0
71.0,3.0,3.0,0.0,1.0,6.0,2.0,7.0,6.0,22.0,6.0,0.0,0.0,0.0,0.0,0.0,0.0,0.0,0.0,0.0,0.0,0.0,0.0,0.0,210.0
65.0,2.0,7.0,3.0,1.0,0.0,0.0,2.0,5.0,10.0,4.0,0.0,0.0,0.0,0.0,0.0,0.0,0.0,0.0,0.0,0.0,0.0,0.0,0.0,179.0
51.0,4.0,0.0,4.0,2.0,0.0,2.0,2.0,3.0,21.0,5.0,0.0,0.0,0.0,0.0,0.0,0.0,0.0,0.0,0.0,0.0,0.0,0.0,0.0,180.0
58.0,2.0,0.0,2.0,1.0,1.0,5.0,6.0,1.0,12.0,5.0,2.0,0.0,0.0,0.0,0.0,0.0,0.0,0.0,0.0,0.0,0.0,0.0,0.0,179.0
52.0,5.0,2.0,1.0,2.0,0.0,6.0,1.0,7.0,14.0,2.0,0.0,0.0,0.0,0.0,0.0,0.0,0.0,0.0,0.0,0.0,0.0,0.0,0.0,179.0
34.0,4.0,2.0,0.0,2.0,0.0,2.0,1.0,3.0,12.0,3.0,0.0,0.0,0.0,0.0,0.0,0.0,0.0,0.0,0.0,0.0,0.0,0.0,0.0,146.0
9.0,1.0,1.0,0.0,0.0,1.0,1.0,1.0,1.0,4.0,1.0,0.0,0.0,0.0,0.0,0.0,0.0,0.0,0.0,0.0,0.0,0.0,0.0,0.0,59.0
33.0,4.0,2.0,3.0,1.0,1.0,0.0,0.0,2.0,14.0,3.0,0.0,0.0,0.0,0.0,0.0,0.0,0.0,0.0,0.0,0.0,0.0,0.0,0.0,119.0
63.0,8.0,4.0,5.0,2.0,3.0,4.0,5.0,5.0,14.0,6.0,0.0,0.0,0.0,0.0,0.0,0.0,0.0,0.0,0.0,0.0,0.0,0.0,0.0,209.0
66.0,5.0,4.0,3.0,1.0,2.0,1.0,1.0,8.0,23.0,6.0,0.0,0.0,0.0,0.0,0.0,0.0,0.0,0.0,0.0,0.0,0.0,0.0,0.0,210.0
56.0,3.0,3.0,3.0,1.0,2.0,1.0,2.0,4.0,21.0,4.0,0.0,0.0,0.0,0.0,0.0,0.0,0.0,0.0,0.0,0.0,0.0,0.0,0.0,178.0
65.0,7.0,6.0,3.0,2.0,3.0,0.0,2.0,4.0,22.0,7.0,0.0,0.0,0.0,0.0,0.0,0.0,0.0,0.0,0.0,0.0,0.0,0.0,0.0,210.0
56.0,7.0,2.0,4.0,4.0,3.0,2.0,0.0,1.0,10.0,8.0,0.0,0.0,0.0,0.0,0.0,0.0,0.0,0.0,0.0,0.0,0.0,0.0,0.0,180.0
55.0,4.0,2.0,1.0,0.0,2.0,2.0,1.0,1.0,20.0,6.0,0.0,0.0,0.0,0.0,0.0,0.0,0.0,0.0,0.0,0.0,0.0,0.0,0.0,179.0
47.0,5.0,1.0,2.0,1.0,0.0,1.0,5.0,3.0,10.0,6.0,0.0,0.0,0.0,0.0,0.0,0.0,0.0,0.0,0.0,0.0,0.0,0.0,0.0,149.0
42.0,3.0,3.0,0.0,5.0,1.0,4.0,2.0,6.0,16.0,3.0,0.0,0.0,0.0,0.0,0.0,0.0,0.0,0.0,0.0,0.0,0.0,0.0,0.0,149.0
37.0,1.0,3.0,3.0,1.0,1.0,2.0,2.0,3.0,17.0,2.0,0.0,0.0,0.0,0.0,0.0,0.0,0.0,0.0,0.0,0.0,0.0,0.0,0.0,150.0
35.0,0.0,3.0,3.0,2.0,2.0,1.0,0.0,3.0,13.0,4.0,0.0,0.0,0.0,0.0,0.0,0.0,0.0,0.0,0.0,0.0,0.0,0.0,0.0,148.0
37.0,5.0,0.0,3.0,2.0,2.0,2.0,2.0,3.0,12.0,3.0,0.0,0.0,0.0,0.0,0.0,0.0,0.0,0.0,0.0,0.0,0.0,0.0,0.0,149.0
34.0,1.0,0.0,1.0,0.0,3.0,2.0,2.0,5.0,15.0,6.0,0.0,0.0,0.0,0.0,0.0,0.0,0.0,0.0,0.0,0.0,0.0,0.0,0.0,148.0
29.0,2.0,2.0,1.0,1.0,2.0,2.0,0.0,3.0,7.0,4.0,1.0,0.0,0.0,0.0,0.0,0.0,0.0,0.0,0.0,0.0,0.0,0.0,0.0,149.0
27.0,2.0,0.0,3.0,3.0,1.0,0.0,0.0,2.0,7.0,2.0,0.0,0.0,0.0,0.0,0.0,0.0,0.0,0.0,0.0,0.0,0.0,0.0,0.0,119.0
22.0,3.0,1.0,2.0,0.0,0.0,1.0,3.0,4.0,8.0,4.0,0.0,0.0,0.0,0.0,0.0,0.0,0.0,0.0,0.0,0.0,0.0,0.0,0.0,146.0
22.0,6.0,3.0,1.0,4.0,0.0,0.0,1.0,2.0,10.0,4.0,0.0,0.0,0.0,0.0,0.0,0.0,0.0,0.0,0.0,0.0,0.0,0.0,0.0,117.0
15.0,4.0,2.0,1.0,1.0,0.0,0.0,1.0,4.0,9.0,4.0,0.0,0.0,0.0,0.0,0.0,0.0,0.0,0.0,0.0,0.0,0.0,0.0,0.0,100.0
20.0,1.0,0.0,1.0,0.0,3.0,1.0,2.0,4.0,11.0,0.0,0.0,0.0,0.0,0.0,0.0,0.0,0.0,0.0,0.0,0.0,0.0,0.0,0.0,119.0
26.0,1.0,2.0,0.0,1.0,1.0,0.0,1.0,4.0,6.0,2.0,0.0,0.0,0.0,0.0,0.0,0.0,0.0,0.0,0.0,0.0,0.0,0.0,0.0,120.0
17.0,0.0,0.0,0.0,0.0,1.0,1.0,0.0,1.0,3.0,1.0,0.0,0.0,0.0,0.0,0.0,0.0,0.0,0.0,0.0,0.0,0.0,0.0,0.0,65.0
32.0,4.0,1.0,0.0,2.0,2.0,1.0,0.0,3.0,7.0,1.0,0.0,0.0,0.0,0.0,0.0,0.0,0.0,0.0,0.0,0.0,0.0,0.0,0.0,117.0
9.0,0.0,0.0,1.0,0.0,0.0,1.0,0.0,1.0,2.0,0.0,0.0,0.0,0.0,0.0,0.0,0.0,0.0,0.0,0.0,0.0,0.0,0.0,0.0,73.0
27.0,2.0,0.0,3.0,1.0,2.0,3.0,2.0,2.0,5.0,2.0,0.0,0.0,0.0,0.0,0.0,0.0,0.0,0.0,0.0,0.0,0.0,0.0,0.0,117.0
15.0,1.0,1.0,0.0,0.0,1.0,1.0,2.0,0.0,1.0,1.0,0.0,0.0,0.0,0.0,0.0,0.0,0.0,0.0,0.0,0.0,0.0,0.0,0.0,89.0
8.0,1.0,1.0,2.0,2.0,0.0,0.0,1.0,2.0,1.0,2.0,0.0,0.0,0.0,0.0,0.0,0.0,0.0,0.0,0.0,0.0,0.0,0.0,0.0,82.0
50.0,5.0,2.0,2.0,2.0,2.0,2.0,2.0,3.0,14.0,2.0,1.0,0.0,0.0,0.0,0.0,0.0,0.0,0.0,0.0,0.0,0.0,0.0,0.0,162.0
64.0,4.0,5.0,2.0,1.0,5.0,1.0,3.0,5.0,22.0,4.0,0.0,0.0,0.0,0.0,0.0,0.0,0.0,0.0,0.0,0.0,0.0,0.0,0.0,210.0
57.0,5.0,5.0,3.0,1.0,0.0,0.0,2.0,5.0,24.0,6.0,0.0,0.0,0.0,0.0,0.0,0.0,0.0,0.0,0.0,0.0,0.0,0.0,0.0,179.0
69.0,0.0,3.0,2.0,3.0,1.0,1.0,4.0,5.0,28.0,2.0,0.0,0.0,0.0,0.0,0.0,0.0,0.0,0.0,0.0,0.0,0.0,0.0,0.0,209.0
54.0,1.0,5.0,0.0,4.0,3.0,0.0,1.0,4.0,22.0,4.0,0.0,0.0,0.0,0.0,0.0,0.0,0.0,0.0,0.0,0.0,0.0,0.0,0.0,180.0
66.0,5.0,3.0,0.0,0.0,3.0,3.0,2.0,1.0,16.0,5.0,0.0,0.0,0.0,0.0,0.0,0.0,0.0,0.0,0.0,0.0,0.0,0.0,0.0,179.0
47.0,3.0,2.0,0.0,0.0,1.0,0.0,0.0,3.0,11.0,5.0,0.0,0.0,0.0,0.0,0.0,0.0,0.0,0.0,0.0,0.0,0.0,0.0,0.0,149.0
48.0,4.0,1.0,1.0,0.0,1.0,1.0,2.0,2.0,18.0,5.0,0.0,0.0,0.0,0.0,0.0,0.0,0.0,0.0,0.0,0.0,0.0,0.0,0.0,180.0
45.0,3.0,5.0,5.0,1.0,0.0,1.0,3.0,1.0,16.0,1.0,0.0,0.0,0.0,0.0,0.0,0.0,0.0,0.0,0.0,0.0,0.0,0.0,0.0,149.0
42.0,2.0,0.0,3.0,0.0,1.0,4.0,3.0,3.0,9.0,3.0,0.0,0.0,0.0,0.0,0.0,0.0,0.0,0.0,0.0,0.0,0.0,0.0,0.0,150.0
38.0,2.0,5.0,2.0,0.0,0.0,1.0,2.0,4.0,7.0,0.0,0.0,0.0,0.0,0.0,0.0,0.0,0.0,0.0,0.0,0.0,0.0,0.0,0.0,148.0
30.0,3.0,1.0,0.0,1.0,0.0,1.0,2.0,2.0,9.0,4.0,1.0,0.0,0.0,0.0,0.0,0.0,0.0,0.0,0.0,0.0,0.0,0.0,0.0,120.0
40.0,1.0,0.0,1.0,1.0,1.0,2.0,0.0,2.0,14.0,5.0,0.0,0.0,0.0,0.0,0.0,0.0,0.0,0.0,0.0,0.0,0.0,0.0,0.0,149.0
26.0,2.0,2.0,0.0,1.0,1.0,0.0,1.0,5.0,12.0,3.0,0.0,0.0,0.0,0.0,0.0,0.0,0.0,0.0,0.0,0.0,0.0,0.0,0.0,119.0
29.0,0.0,1.0,0.0,3.0,1.0,0.0,4.0,4.0,14.0,8.0,0.0,0.0,0.0,0.0,0.0,0.0,0.0,0.0,0.0,0.0,0.0,0.0,0.0,149.0
29.0,2.0,1.0,1.0,0.0,1.0,0.0,2.0,4.0,3.0,4.0,2.0,0.0,0.0,0.0,0.0,0.0,0.0,0.0,0.0,0.0,0.0,0.0,0.0,116.0
24.0,1.0,3.0,1.0,2.0,0.0,3.0,1.0,0.0,10.0,3.0,0.0,0.0,0.0,0.0,0.0,0.0,0.0,0.0,0.0,0.0,0.0,0.0,0.0,119.0
20.0,4.0,2.0,0.0,1.0,1.0,2.0,4.0,3.0,8.0,2.0,0.0,0.0,0.0,0.0,0.0,0.0,0.0,0.0,0.0,0.0,0.0,0.0,0.0,119.0
22.0,2.0,3.0,1.0,0.0,1.0,2.0,3.0,2.0,10.0,2.0,0.0,0.0,0.0,0.0,0.0,0.0,0.0,0.0,0.0,0.0,0.0,0.0,0.0,119.0
21.0,1.0,0.0,0.0,1.0,1.0,1.0,1.0,1.0,6.0,3.0,0.0,0.0,0.0,0.0,0.0,0.0,0.0,0.0,0.0,0.0,0.0,0.0,0.0,89.0
21.0,2.0,1.0,4.0,0.0,0.0,2.0,2.0,3.0,2.0,2.0,0.0,0.0,0.0,0.0,0.0,0.0,0.0,0.0,0.0,0.0,0.0,0.0,0.0,119.0
14.0,4.0,1.0,1.0,0.0,0.0,0.0,0.0,0.0,5.0,0.0,0.0,0.0,0.0,0.0,0.0,0.0,0.0,0.0,0.0,0.0,0.0,0.0,0.0,77.0
25.0,1.0,2.0,1.0,1.0,1.0,3.0,1.0,2.0,3.0,1.0,0.0,0.0,0.0,0.0,0.0,0.0,0.0,0.0,0.0,0.0,0.0,0.0,0.0,113.0
19.0,4.0,3.0,3.0,2.0,2.0,2.0,1.0,4.0,5.0,1.0,0.0,0.0,0.0,0.0,0.0,0.0,0.0,0.0,0.0,0.0,0.0,0.0,0.0,119.0
27.0,1.0,0.0,2.0,0.0,0.0,0.0,3.0,0.0,5.0,0.0,1.0,0.0,0.0,0.0,0.0,0.0,0.0,0.0,0.0,0.0,0.0,0.0,0.0,89.0
71.0,5.0,5.0,4.0,3.0,5.0,2.0,1.0,4.0,24.0,5.0,1.0,0.0,0.0,0.0,0.0,0.0,0.0,0.0,0.0,0.0,0.0,0.0,0.0,239.0
53.0,2.0,3.0,3.0,3.0,2.0,1.0,3.0,1.0,21.0,5.0,0.0,0.0,0.0,0.0,0.0,0.0,0.0,0.0,0.0,0.0,0.0,0.0,0.0,180.0
58.0,1.0,3.0,4.0,2.0,2.0,1.0,4.0,7.0,14.0,3.0,0.0,0.0,0.0,0.0,0.0,0.0,0.0,0.0,0.0,0.0,0.0,0.0,0.0,179.0
66.0,1.0,7.0,1.0,2.0,3.0,3.0,1.0,7.0,23.0,3.0,0.0,0.0,0.0,0.0,0.0,0.0,0.0,0.0,0.0,0.0,0.0,0.0,0.0,209.0
57.0,5.0,4.0,1.0,3.0,0.0,4.0,0.0,5.0,12.0,6.0,0.0,0.0,0.0,0.0,0.0,0.0,0.0,0.0,0.0,0.0,0.0,0.0,0.0,179.0
58.0,3.0,6.0,3.0,1.0,0.0,1.0,2.0,5.0,15.0,7.0,1.0,0.0,0.0,0.0,0.0,0.0,0.0,0.0,0.0,0.0,0.0,0.0,0.0,180.0
46.0,3.0,4.0,1.0,4.0,0.0,3.0,2.0,3.0,13.0,2.0,0.0,0.0,0.0,0.0,0.0,0.0,0.0,0.0,0.0,0.0,0.0,0.0,0.0,149.0
43.0,2.0,3.0,1.0,0.0,2.0,0.0,3.0,5.0,17.0,3.0,0.0,0.0,0.0,0.0,0.0,0.0,0.0,0.0,0.0,0.0,0.0,0.0,0.0,149.0