7.711548
7.106247
6.3971863
3.218048
20.586746
11.485489
20.44661
-7.6546936
14.789368
-9.376694
14.498428
14.207489
18.457123
14.649246
-2.5793152
7.2570496
0.3088684
-3.3013306
21.633804
-3.04451
-9.540451
23.649185
6.116745
12.890686
-8.363754
9.713989
-4.4755707
-14.033951
4.090866
16.96605
0.028427124
-8.106934
-6.350815
-5.9431915
-6.9326935
10.457184
-10.714691
1.9141846
-2.5922546
-2.1587524
10.610245
2.3452454
-8.236572
25.254486
-17.815948
5.521927
5.0933075
-2.8702545
17.269928
-9.413254
2.496048
1.6232452
-3.04451
-1.2754517
-10.122314
22.332367
2.20755
2.9141846
7.116745
-6.350815
-1.576889
-12.008072
6.8153076
-15.909195
-5.3378754
-4.756012
-5.350815
-0.13287354
-9.540451
-18.958511
5.2204895
-21.124695
-2.730133
-1.8678131
-2.4521332
-8.527512
-12.008072
4.4984894
10.470108
-17.085876
5.233429
-14.615814
-1.4496918
-9.831375
-24.31189
-14.745453
1.1815033
1.6232452
-39.789207
