662.0
498.0
765.0
662.0
465.0
738.0
481.0
637.0
447.0
721.0
769.0
494.0
721.0
482.0
722.0
721.0
481.0
783.0
478.0
785.0
542.0
650.0
733.0
482.0
688.0
515.0
842.0
481.0
722.0
723.0
420.0
662.0
436.0
647.0
783.0
504.0
819.0
481.0
706.0
497.0
602.0
525.0
377.0
542.0
300.0
542.0
542.0
361.0
540.0
367.0
656.0
482.0
590.0
733.0
481.0
673.0
410.0
722.0
713.0
490.0
662.0
481.0
721.0
403.0
680.0
662.0
391.0
632.0
421.0
554.0
649.0
481.0
660.0
664.0
782.0
541.0
662.0
782.0
422.0
662.0
413.0
730.0
481.0
572.0
571.0
421.0
420.0
241.0
361.0
308.0
233.0
342.0
200.0
241.0
219.0
602.0
424.0
418.0
