235.0
360.0
181.0
361.0
301.0
180.0
302.0
191.0
350.0
361.0
214.0
387.0
181.0
314.0
288.0
300.0
324.0
278.0
300.0
241.0
361.0
223.0
379.0
361.0
181.0
360.0
241.0
295.0
366.0
241.0
332.0
270.0
301.0
240.0
301.0
301.0
181.0
300.0
169.0
311.0
302.0
166.0
315.0
240.0
251.0
230.0
361.0
280.0
262.0
300.0
241.0
361.0
301.0
180.0
361.0
156.0
386.0
181.0
312.0
335.0
195.0
307.0
234.0
301.0
293.0
248.0
300.0
241.0
361.0
183.0
336.0
383.0
156.0
386.0
240.0
294.0
247.0
302.0
270.0
211.0
241.0
180.0
241.0
240.0
181.0
180.0
100.0
200.0
181.0
278.0
321.0
