-26.428772
7.534485
-30.790176
-14.995392
8.378265
27.99237
-49.886658
20.35376
-33.116364
-7.983139
53.727432
11.294037
-16.670715
34.99237
19.944885
-19.032135
6.294037
46.811646
-86.20059
-0.28482056
-19.200592
-41.56201
-18.839172
-15.621735
30.702942
-32.609467
40.160828
-32.116364
37.306305
22.71518
25.2818
-37.658478
1.9801025
-58.742706
15.345276
-15.549744
7.7871704
-12.802429
47.088837
11.450256
-5.6094666
80.57123
-7.705963
8.727432
-70.309326
-10.693695
65.18532
18.751923
7.9923706
-54.911163
2.2572937
-7.995392
19.474747
-55.032135
24.2818
35.63095
12.823914
-27.995392
25.088837
-11.718201
-27.670715
-20.549744
-24.00763
14.064331
-19.441025
51.558975
-24.911163
-12.911163
-51.381287
56.113342
-52.104126
39.558975
27.99237
-11.067368
15.908142
20.35376
-3.1515808
-30.200592
-4.163849
29.932632
-5.8866577
-17.261566
-26.356796
-22.163849
-12.911163
-23.15158
-32.00763
-8.983139
-37.513
11.306305
15.222076
14.860672
12.222076
7.764183
141.97858
33.522217
19.571228
