0.3125,20.0
0.252100840336,30.0
0.179775280899,16.0
0.225,27.0
0.23595505618,21.0
0.258426966292,23.0
0.27731092437,33.0
0.441666666667,53.0
0.476510067114,71.0
0.241379310345,14.0
0.280898876404,25.0
0.48275862069,28.0
0.188888888889,17.0
0.406779661017,24.0
0.444444444444,40.0
0.551724137931,32.0
0.404494382022,36.0
0.211111111111,19.0
0.340909090909,30.0
0.333333333333,20.0
0.157303370787,14.0
0.28813559322,17.0
0.247191011236,22.0
0.254237288136,15.0
0.494382022472,44.0
0.483333333333,29.0
0.44966442953,67.0
0.23595505618,21.0
0.303370786517,27.0
0.268907563025,32.0
0.202247191011,18.0
0.314606741573,28.0
0.491666666667,59.0
0.44966442953,67.0
0.269662921348,24.0
0.355704697987,53.0
0.292134831461,26.0
0.386554621849,46.0
0.222222222222,20.0
0.176470588235,21.0
0.23595505618,21.0
0.23595505618,21.0
0.478991596639,57.0
0.327731092437,39.0
0.18487394958,22.0
0.283333333333,34.0
0.337078651685,30.0
0.314606741573,28.0
0.226890756303,27.0
0.247191011236,22.0
0.4,36.0
0.204545454545,18.0
0.241666666667,29.0
0.292134831461,26.0
0.337078651685,30.0
0.247191011236,22.0
0.269662921348,24.0
0.422818791946,63.0
0.475,57.0
0.449152542373,53.0
0.25,30.0
0.243697478992,29.0
0.247191011236,22.0
0.191011235955,17.0
0.224719101124,20.0
0.446666666667,67.0
0.302521008403,36.0
0.338983050847,20.0
0.280898876404,25.0
0.428571428571,51.0
0.294117647059,35.0
0.111111111111,10.0
0.202247191011,18.0
0.436974789916,52.0
0.268907563025,32.0
0.325842696629,29.0
0.294117647059,35.0
0.211111111111,19.0
0.261363636364,23.0
0.191011235955,17.0
0.449152542373,53.0
0.224719101124,20.0
0.255555555556,23.0
0.336134453782,40.0
0.359550561798,32.0
0.216666666667,13.0
0.428571428571,12.0
0.241379310345,7.0
0.241379310345,7.0
0.275862068966,8.0
0.379310344828,11.0
0.633333333333,19.0
0.321428571429,9.0
0.172413793103,5.0
0.633333333333,19.0
-0.25,-1.0
