0.459459459459,17.0
-0.137931034483,-4.0
0.271186440678,16.0
-0.0112359550562,-1.0
0.47191011236,42.0
0.421052631579,32.0
0.370786516854,33.0
0.222222222222,20.0
0.254237288136,15.0
0.372881355932,22.0
0.539325842697,48.0
0.607655502392,127.0
0.0333333333333,3.0
0.494382022472,44.0
0.448275862069,26.0
0.211111111111,19.0
0.112359550562,10.0
0.318181818182,28.0
-0.0666666666667,-4.0
0.449438202247,40.0
0.431818181818,38.0
0.457627118644,27.0
0.539325842697,48.0
0.0,0.0
-0.593220338983,-35.0
0.271186440678,16.0
0.255555555556,23.0
0.0795454545455,7.0
0.428571428571,51.0
-0.426966292135,-38.0
-0.372881355932,-22.0
0.46218487395,55.0
0.420168067227,50.0
-0.533333333333,-32.0
0.406779661017,48.0
0.45,27.0
0.445378151261,53.0
0.470588235294,56.0
0.4,36.0
0.386554621849,46.0
0.386363636364,34.0
0.477777777778,43.0
-0.179775280899,-16.0
0.0674157303371,6.0
0.325,39.0
-0.38202247191,-34.0
0.293103448276,17.0
0.444444444444,40.0
0.426966292135,38.0
0.411764705882,49.0
0.433333333333,39.0
0.454545454545,40.0
0.14606741573,13.0
-0.202247191011,-18.0
0.47191011236,42.0
0.438202247191,39.0
0.123595505618,11.0
0.0224719101124,2.0
0.422222222222,38.0
0.0795454545455,7.0
-0.359550561798,-32.0
0.449438202247,40.0
0.393258426966,35.0
-0.28813559322,-17.0
0.38202247191,34.0
0.495798319328,59.0
0.409090909091,36.0
0.460674157303,41.0
-0.134831460674,-12.0
0.325842696629,29.0
-0.166666666667,-15.0
0.271186440678,16.0
0.36974789916,44.0
-0.103448275862,-6.0
0.525,126.0
0.586206896552,17.0
0.494382022472,44.0
0.495798319328,59.0
0.372881355932,22.0
0.466666666667,42.0
0.483146067416,43.0
0.386554621849,46.0
0.5,14.0
0.23595505618,21.0
-0.51724137931,-15.0
-0.51724137931,-15.0
0.508333333333,61.0
0.379310344828,11.0
0.448275862069,13.0
0.551724137931,16.0
-0.0338983050847,-2.0
-0.724137931034,-21.0
-0.379310344828,-11.0
-0.214285714286,-6.0
0.393258426966,35.0
0.448275862069,13.0
0.285714285714,8.0
0.586206896552,17.0
0.428571428571,3.0
0.592592592593,16.0
-0.220338983051,-13.0
0.366666666667,11.0
0.5,43.0
0.280898876404,25.0
-0.457627118644,-27.0
-0.388888888889,-35.0
0.0786516853933,7.0
0.949579831933,113.0
-0.0898876404494,-8.0
-0.516666666667,-31.0
-0.272727272727,-24.0
-0.0898876404494,-8.0
0.0111111111111,1.0
0.505617977528,45.0
-0.117647058824,-14.0
-0.47191011236,-42.0
-0.406779661017,-24.0
0.134831460674,12.0
-0.366666666667,-33.0
0.389830508475,46.0
0.359550561798,32.0
0.488888888889,44.0
0.361344537815,43.0
0.494382022472,44.0
0.566666666667,68.0
0.47191011236,42.0
0.542372881356,64.0
0.134831460674,12.0
-0.544444444444,-49.0
-0.534482758621,-31.0
0.903765690377,216.0
0.305084745763,18.0
-0.416666666667,-25.0
-0.423728813559,-25.0
0.168539325843,15.0
0.314606741573,28.0
0.546218487395,65.0
0.662921348315,59.0
0.533333333333,32.0
0.348314606742,31.0
0.491525423729,29.0
0.470588235294,56.0
0.157303370787,14.0
0.773109243697,184.0
0.322033898305,19.0
0.416666666667,25.0
-0.0340909090909,-3.0
0.460674157303,41.0
0.0674157303371,6.0
0.751677852349,112.0
0.35,21.0
-0.0847457627119,-5.0
-0.0449438202247,-4.0
0.14606741573,13.0
-0.465909090909,-41.0
-0.433333333333,-26.0
-0.224719101124,-20.0
0.6,108.0
0.35593220339,21.0
0.477272727273,42.0
0.522727272727,46.0
0.478991596639,57.0
-0.35593220339,-21.0
0.168539325843,15.0
0.0337078651685,3.0
0.2,12.0
0.389830508475,23.0
0.261363636364,23.0
0.0561797752809,5.0
0.544444444444,49.0
0.508474576271,30.0
0.478991596639,57.0
-0.169491525424,-10.0
-0.483146067416,-43.0
0.477777777778,43.0
0.460674157303,41.0
0.460674157303,41.0
0.483146067416,43.0
0.409090909091,36.0
0.393258426966,35.0
0.444444444444,40.0
0.415730337079,37.0
0.478991596639,57.0
0.494382022472,44.0
0.0898876404494,8.0
-0.5,-15.0
-0.392857142857,-11.0
-0.48275862069,-14.0
0.0666666666667,2.0
0.357142857143,10.0
0.448275862069,13.0
0.238636363636,21.0
-0.571428571429,-16.0
-0.833333333333,-5.0
