Battery Duration ActorCount
0.78 19 75
0.77 1154 125
0.9 99 412
0.89 150 660
0.88 121 515
0.87 120 460
0.86 120 500
0.85 120 481
0.84 150 606
0.83 121 526
0.82 150 609
0.81 120 503
0.8 150 556
0.79 120 446
0.78 120 406
0.77 121 384
0.76 90 333
0.75 150 517
0.74 90 264
0.73 90 321
0.72 150 596
0.71 120 518
0.7 121 490
0.69 150 587
0.68 120 471
0.67 121 512
0.66 150 665
0.65 150 559
0.64 121 514
0.63 149 504
0.62 120 527
0.61 151 592
0.6 149 620
0.59 121 424
0.58 120 342
0.57 150 470
0.56 150 418
0.55 120 349
0.54 121 346
0.53 120 328
0.52 120 364
0.51 151 493
0.5 119 371
0.49 120 318
0.48 152 494
0.47 119 381
0.46 150 475
0.45 150 489
0.44 121 391
0.43 120 396
0.42 149 571
0.41 121 400
0.4 90 320
0.39 151 654
0.38 120 378
0.37 120 498
0.36 120 416
0.35 120 527
0.34 121 480
0.33 150 588
0.32 120 459
0.31 150 583
0.3 121 475
0.29 119 446
0.28 121 496
0.27 149 584
0.26 153 630
0.25 118 434
0.24 150 660
0.23 122 521
0.22 148 655
0.21 151 656
0.2 121 448
0.19 150 649
0.18 149 551
