Battery Duration
0.93 1
0.92 331
0.91 692
0.9 660
0.89 691
0.88 662
0.87 661
0.86 691
0.85 662
0.84 690
0.83 752
0.82 751
0.81 750
0.8 723
0.79 750
0.78 722
0.77 721
0.76 661
0.75 691
0.74 692
0.73 661
0.72 661
0.71 631
0.7 661
0.69 631
0.68 662
0.67 630
0.66 541
0.65 270
0.64 271
0.63 270
0.62 241
0.61 270
0.6 271
0.59 240
0.58 271
0.57 270
0.56 271
0.55 240
0.54 271
0.53 270
0.52 241
0.51 269
0.5 241
0.49 270
0.48 240
0.47 271
0.46 270
0.45 241
0.44 270
0.43 271
0.42 240
0.41 271
0.4 270
0.39 241
0.38 270
0.37 241
0.36 240
0.35 271
0.34 240
0.33 240
0.32 270
0.31 210
0.3 241
0.29 240
0.28 211
0.27 240
0.26 241
