examples.ping.Ping_1,examples.ping.Ping_2,examples.ping.Ping_3,examples.ping.Ping_4,examples.ping.Ping_5,examples.ping.Ping_6,examples.ping.Ping_7,examples.ping.Ping_8,examples.ping.Ping_9,examples.ping.Ping_10,examples.ping.Ping_11,examples.ping.Ping_12,examples.ping.Ping_13,examples.ping.Ping_14,examples.ping.Ping_15,examples.ping.Ping_16,examples.ping.Ping_17,examples.ping.Ping_18,examples.ping.Ping_19,examples.ping.Ping_20,examples.ping.Ping_21,examples.ping.Ping_22,examples.ping.Ping_23,examples.ping.Ping_24,BatteryDropTime
0.0,4.0,0.0,51.0,8.0,60.0,23.0,48.0,9.0,9.0,5.0,4.0,12.0,6.0,4.0,5.0,2.0,2.0,0.0,1.0,0.0,0.0,0.0,0.0,351.0
11.0,0.0,0.0,44.0,29.0,14.0,40.0,52.0,8.0,25.0,21.0,4.0,20.0,6.0,4.0,5.0,2.0,2.0,1.0,1.0,0.0,0.0,0.0,0.0,361.0
0.0,0.0,0.0,36.0,6.0,10.0,18.0,11.0,3.0,15.0,3.0,3.0,2.0,1.0,5.0,12.0,10.0,0.0,0.0,0.0,0.0,0.0,0.0,0.0,182.0
0.0,0.0,0.0,30.0,9.0,15.0,39.0,13.0,14.0,13.0,8.0,3.0,9.0,1.0,2.0,0.0,1.0,0.0,0.0,0.0,0.0,0.0,0.0,0.0,179.0
13.0,1.0,1.0,36.0,26.0,22.0,33.0,48.0,17.0,18.0,12.0,6.0,4.0,17.0,0.0,4.0,1.0,4.0,0.0,0.0,0.0,0.0,0.0,0.0,340.0
1.0,0.0,4.0,45.0,30.0,26.0,46.0,44.0,2.0,7.0,29.0,4.0,1.0,4.0,2.0,0.0,1.0,2.0,0.0,0.0,0.0,0.0,0.0,0.0,313.0
3.0,1.0,0.0,19.0,24.0,27.0,11.0,40.0,18.0,34.0,7.0,6.0,3.0,31.0,23.0,2.0,0.0,1.0,1.0,0.0,0.0,0.0,0.0,0.0,307.0
0.0,0.0,0.0,100.0,26.0,29.0,12.0,22.0,14.0,6.0,25.0,6.0,10.0,2.0,16.0,2.0,4.0,1.0,0.0,1.0,0.0,0.0,0.0,0.0,355.0
12.0,1.0,0.0,60.0,20.0,13.0,25.0,35.0,15.0,21.0,13.0,4.0,6.0,2.0,3.0,1.0,2.0,0.0,1.0,0.0,0.0,0.0,0.0,0.0,304.0
0.0,0.0,0.0,54.0,9.0,40.0,26.0,21.0,35.0,21.0,10.0,29.0,17.0,2.0,12.0,3.0,15.0,0.0,0.0,0.0,1.0,0.0,0.0,0.0,360.0
1.0,1.0,1.0,32.0,15.0,26.0,45.0,43.0,27.0,11.0,9.0,6.0,11.0,13.0,0.0,12.0,0.0,1.0,0.0,0.0,0.0,0.0,0.0,0.0,299.0
0.0,0.0,0.0,41.0,42.0,23.0,25.0,69.0,35.0,8.0,26.0,30.0,1.0,9.0,1.0,3.0,1.0,0.0,1.0,1.0,0.0,0.0,0.0,0.0,360.0
13.0,0.0,16.0,20.0,27.0,35.0,27.0,50.0,50.0,49.0,8.0,5.0,7.0,5.0,13.0,0.0,2.0,4.0,0.0,0.0,0.0,0.0,0.0,0.0,406.0
1.0,0.0,21.0,11.0,3.0,3.0,4.0,7.0,1.0,15.0,0.0,5.0,0.0,0.0,0.0,1.0,0.0,0.0,0.0,0.0,0.0,0.0,0.0,0.0,134.0
0.0,0.0,0.0,40.0,24.0,12.0,16.0,24.0,9.0,2.0,3.0,0.0,0.0,0.0,0.0,0.0,0.0,0.0,0.0,0.0,0.0,0.0,0.0,0.0,179.0
0.0,0.0,1.0,14.0,6.0,6.0,4.0,5.0,3.0,0.0,1.0,0.0,0.0,0.0,0.0,0.0,0.0,0.0,0.0,0.0,0.0,0.0,0.0,0.0,53.0
0.0,0.0,0.0,41.0,19.0,19.0,18.0,21.0,7.0,9.0,2.0,0.0,1.0,1.0,0.0,0.0,0.0,0.0,0.0,0.0,0.0,0.0,0.0,0.0,185.0
0.0,0.0,0.0,30.0,13.0,7.0,11.0,13.0,7.0,5.0,2.0,0.0,0.0,0.0,0.0,0.0,0.0,0.0,0.0,0.0,0.0,0.0,0.0,0.0,120.0
0.0,0.0,0.0,24.0,15.0,12.0,12.0,10.0,3.0,6.0,0.0,0.0,0.0,0.0,0.0,0.0,0.0,0.0,0.0,0.0,0.0,0.0,0.0,0.0,112.0
0.0,0.0,0.0,41.0,11.0,11.0,20.0,18.0,8.0,5.0,2.0,0.0,0.0,0.0,0.0,0.0,0.0,0.0,0.0,0.0,0.0,0.0,0.0,0.0,159.0
0.0,0.0,0.0,21.0,6.0,11.0,13.0,12.0,5.0,2.0,4.0,0.0,0.0,0.0,0.0,0.0,0.0,0.0,0.0,0.0,0.0,0.0,0.0,0.0,100.0
0.0,0.0,0.0,28.0,12.0,17.0,16.0,18.0,12.0,9.0,3.0,1.0,0.0,0.0,0.0,0.0,0.0,0.0,0.0,0.0,0.0,0.0,0.0,0.0,156.0
0.0,0.0,0.0,27.0,5.0,8.0,15.0,17.0,5.0,6.0,1.0,0.0,0.0,0.0,0.0,0.0,0.0,0.0,0.0,0.0,0.0,0.0,0.0,0.0,111.0
0.0,0.0,0.0,40.0,8.0,16.0,17.0,20.0,11.0,8.0,4.0,0.0,0.0,0.0,0.0,0.0,0.0,0.0,0.0,0.0,0.0,0.0,0.0,0.0,169.0
0.0,0.0,0.0,29.0,5.0,12.0,15.0,16.0,6.0,2.0,2.0,1.0,0.0,0.0,0.0,0.0,0.0,0.0,0.0,0.0,0.0,0.0,0.0,0.0,119.0
1.0,0.0,0.0,22.0,12.0,10.0,13.0,21.0,6.0,8.0,3.0,1.0,1.0,1.0,0.0,0.0,0.0,0.0,0.0,0.0,0.0,0.0,0.0,0.0,134.0
0.0,0.0,0.0,26.0,19.0,13.0,17.0,25.0,11.0,13.0,7.0,2.0,0.0,1.0,0.0,0.0,0.0,0.0,0.0,0.0,0.0,0.0,0.0,0.0,179.0
0.0,0.0,0.0,24.0,6.0,4.0,11.0,15.0,7.0,6.0,5.0,1.0,0.0,0.0,0.0,0.0,0.0,0.0,0.0,0.0,0.0,0.0,0.0,0.0,108.0
0.0,0.0,0.0,34.0,17.0,11.0,11.0,28.0,12.0,13.0,7.0,4.0,0.0,0.0,0.0,0.0,0.0,0.0,0.0,0.0,0.0,0.0,0.0,0.0,184.0
0.0,0.0,0.0,23.0,6.0,12.0,12.0,13.0,10.0,6.0,2.0,1.0,2.0,0.0,0.0,0.0,0.0,0.0,0.0,0.0,0.0,0.0,0.0,0.0,119.0
0.0,1.0,0.0,39.0,12.0,15.0,16.0,22.0,14.0,11.0,8.0,1.0,0.0,0.0,0.0,0.0,0.0,0.0,0.0,0.0,0.0,0.0,0.0,0.0,193.0
0.0,0.0,0.0,44.0,14.0,11.0,16.0,34.0,15.0,14.0,6.0,5.0,0.0,0.0,0.0,0.0,0.0,0.0,0.0,0.0,0.0,0.0,0.0,0.0,214.0
0.0,0.0,0.0,15.0,3.0,6.0,2.0,8.0,6.0,5.0,2.0,0.0,0.0,1.0,0.0,0.0,0.0,0.0,0.0,0.0,0.0,0.0,0.0,0.0,65.0
0.0,0.0,1.0,31.0,5.0,20.0,15.0,25.0,7.0,14.0,6.0,1.0,2.0,0.0,0.0,0.0,0.0,0.0,0.0,0.0,0.0,0.0,0.0,0.0,174.0
0.0,0.0,0.0,22.0,9.0,7.0,10.0,13.0,15.0,9.0,2.0,1.0,0.0,0.0,0.0,0.0,0.0,0.0,0.0,0.0,0.0,0.0,0.0,0.0,117.0
1.0,0.0,0.0,35.0,8.0,13.0,17.0,35.0,7.0,9.0,4.0,5.0,0.0,1.0,0.0,0.0,0.0,0.0,0.0,0.0,0.0,0.0,0.0,0.0,179.0
0.0,0.0,0.0,26.0,8.0,8.0,14.0,19.0,6.0,6.0,5.0,4.0,1.0,0.0,1.0,0.0,0.0,0.0,0.0,0.0,0.0,0.0,0.0,0.0,133.0
2.0,2.0,0.0,20.0,9.0,11.0,17.0,23.0,5.0,17.0,5.0,4.0,2.0,2.0,0.0,0.0,0.0,0.0,0.0,0.0,0.0,0.0,0.0,0.0,159.0
0.0,0.0,0.0,28.0,8.0,9.0,15.0,28.0,12.0,6.0,7.0,6.0,1.0,0.0,0.0,1.0,0.0,0.0,0.0,0.0,0.0,0.0,0.0,0.0,166.0
1.0,0.0,0.0,20.0,7.0,11.0,11.0,17.0,13.0,6.0,4.0,0.0,0.0,0.0,0.0,0.0,0.0,0.0,0.0,0.0,0.0,0.0,0.0,0.0,116.0
0.0,0.0,1.0,29.0,10.0,8.0,22.0,28.0,11.0,18.0,6.0,7.0,0.0,1.0,0.0,0.0,0.0,0.0,0.0,0.0,0.0,0.0,0.0,0.0,187.0
1.0,0.0,0.0,24.0,4.0,7.0,11.0,22.0,11.0,7.0,2.0,1.0,1.0,0.0,0.0,0.0,0.0,0.0,0.0,0.0,0.0,0.0,0.0,0.0,123.0
0.0,0.0,0.0,28.0,16.0,14.0,12.0,27.0,9.0,13.0,11.0,7.0,2.0,0.0,0.0,0.0,0.0,0.0,0.0,0.0,0.0,0.0,0.0,0.0,184.0
2.0,3.0,0.0,23.0,8.0,7.0,10.0,18.0,11.0,4.0,10.0,1.0,0.0,0.0,0.0,0.0,0.0,0.0,0.0,0.0,0.0,0.0,0.0,0.0,132.0
0.0,0.0,0.0,20.0,8.0,14.0,12.0,21.0,11.0,6.0,4.0,5.0,0.0,0.0,0.0,0.0,0.0,0.0,0.0,0.0,0.0,0.0,0.0,0.0,135.0
3.0,2.0,3.0,29.0,15.0,13.0,14.0,36.0,20.0,26.0,10.0,6.0,1.0,2.0,0.0,0.0,0.0,0.0,0.0,0.0,0.0,0.0,0.0,0.0,239.0
2.0,0.0,0.0,9.0,4.0,11.0,7.0,5.0,11.0,7.0,3.0,2.0,2.0,0.0,1.0,0.0,0.0,0.0,0.0,0.0,0.0,0.0,0.0,0.0,89.0
0.0,0.0,0.0,40.0,17.0,16.0,22.0,32.0,12.0,15.0,10.0,3.0,0.0,1.0,0.0,0.0,0.0,0.0,0.0,0.0,0.0,0.0,0.0,0.0,228.0
3.0,0.0,0.0,15.0,4.0,16.0,15.0,12.0,4.0,7.0,6.0,2.0,2.0,1.0,0.0,0.0,0.0,0.0,0.0,0.0,0.0,0.0,0.0,0.0,119.0
0.0,0.0,0.0,28.0,7.0,11.0,21.0,26.0,11.0,5.0,9.0,3.0,0.0,0.0,0.0,0.0,0.0,0.0,0.0,0.0,0.0,0.0,0.0,0.0,158.0
0.0,0.0,0.0,24.0,11.0,17.0,26.0,32.0,21.0,8.0,6.0,2.0,2.0,4.0,0.0,0.0,0.0,0.0,0.0,0.0,0.0,0.0,0.0,0.0,201.0
5.0,0.0,0.0,31.0,10.0,9.0,17.0,29.0,17.0,10.0,7.0,2.0,1.0,0.0,0.0,0.0,0.0,0.0,0.0,0.0,0.0,0.0,0.0,0.0,180.0
1.0,0.0,0.0,24.0,15.0,19.0,20.0,19.0,12.0,7.0,12.0,5.0,1.0,0.0,1.0,0.0,0.0,0.0,0.0,0.0,0.0,0.0,0.0,0.0,176.0
1.0,0.0,0.0,29.0,11.0,18.0,13.0,31.0,11.0,8.0,7.0,6.0,1.0,3.0,1.0,0.0,0.0,0.0,0.0,0.0,0.0,0.0,0.0,0.0,182.0
0.0,0.0,4.0,20.0,6.0,13.0,19.0,31.0,14.0,13.0,4.0,7.0,1.0,0.0,0.0,0.0,0.0,0.0,0.0,0.0,0.0,0.0,0.0,0.0,178.0
0.0,0.0,0.0,26.0,7.0,10.0,21.0,34.0,21.0,9.0,10.0,5.0,3.0,0.0,0.0,0.0,0.0,0.0,0.0,0.0,0.0,0.0,0.0,0.0,187.0
3.0,0.0,0.0,30.0,18.0,8.0,9.0,24.0,10.0,10.0,6.0,3.0,6.0,0.0,0.0,1.0,0.0,0.0,0.0,0.0,0.0,0.0,0.0,0.0,173.0
0.0,0.0,0.0,17.0,7.0,11.0,12.0,17.0,10.0,6.0,8.0,5.0,0.0,0.0,0.0,0.0,0.0,0.0,0.0,0.0,0.0,0.0,0.0,0.0,120.0
1.0,0.0,1.0,48.0,14.0,14.0,22.0,30.0,15.0,10.0,16.0,5.0,1.0,0.0,1.0,1.0,0.0,0.0,0.0,0.0,0.0,0.0,0.0,0.0,240.0
0.0,0.0,0.0,23.0,5.0,9.0,11.0,15.0,5.0,1.0,3.0,0.0,0.0,0.0,0.0,0.0,0.0,0.0,0.0,0.0,0.0,0.0,0.0,0.0,91.0
1.0,0.0,0.0,27.0,14.0,9.0,19.0,30.0,14.0,7.0,11.0,1.0,3.0,1.0,2.0,0.0,0.0,0.0,0.0,0.0,0.0,0.0,0.0,0.0,179.0
6.0,0.0,0.0,17.0,13.0,11.0,27.0,24.0,6.0,15.0,10.0,3.0,0.0,0.0,2.0,0.0,0.0,0.0,0.0,0.0,0.0,0.0,0.0,0.0,171.0
0.0,0.0,0.0,45.0,10.0,20.0,13.0,29.0,25.0,14.0,14.0,6.0,6.0,2.0,0.0,0.0,0.0,0.0,0.0,0.0,0.0,0.0,0.0,0.0,248.0
0.0,0.0,0.0,40.0,11.0,13.0,19.0,19.0,21.0,12.0,10.0,2.0,1.0,0.0,0.0,0.0,0.0,0.0,0.0,0.0,0.0,0.0,0.0,0.0,179.0
0.0,0.0,0.0,14.0,11.0,11.0,12.0,21.0,12.0,12.0,3.0,3.0,0.0,0.0,0.0,1.0,0.0,0.0,0.0,0.0,0.0,0.0,0.0,0.0,126.0
0.0,0.0,0.0,44.0,7.0,24.0,31.0,31.0,8.0,17.0,15.0,4.0,2.0,1.0,1.0,0.0,0.0,0.0,0.0,0.0,0.0,0.0,0.0,0.0,233.0
4.0,4.0,1.0,34.0,16.0,21.0,35.0,26.0,17.0,22.0,4.0,4.0,0.0,1.0,0.0,0.0,0.0,0.0,0.0,0.0,0.0,0.0,0.0,0.0,238.0
1.0,0.0,0.0,15.0,17.0,6.0,15.0,17.0,7.0,6.0,5.0,0.0,0.0,0.0,1.0,0.0,0.0,0.0,0.0,0.0,0.0,0.0,0.0,0.0,119.0
4.0,5.0,0.0,23.0,11.0,8.0,22.0,31.0,16.0,11.0,5.0,5.0,1.0,0.0,1.0,0.0,1.0,0.0,0.0,0.0,0.0,0.0,0.0,0.0,180.0
0.0,0.0,2.0,17.0,4.0,6.0,17.0,16.0,11.0,8.0,9.0,4.0,1.0,0.0,0.0,0.0,0.0,0.0,0.0,0.0,0.0,0.0,0.0,0.0,125.0
0.0,0.0,2.0,41.0,10.0,23.0,32.0,30.0,13.0,5.0,8.0,19.0,1.0,1.0,0.0,0.0,0.0,0.0,0.0,0.0,0.0,0.0,0.0,0.0,231.0
