0.0,0.0,0.0,0.0,0.0,0.0,0.0,0.0,0.0,0.0,0.0,0.0,0.0,0.0,0.0,0.0,0.0,0.0,0.0,0.0,0.0,0.0,0.0,0.0,0.0,0.0,0.0,0.0,0.0,9.0,3.0,2.0,3.0,4.0,5.0,9.0,8.0,7.0,3.0,2.0,3.0,2.0,5.0,5.0,0.0,1.0,1.0,1.0,106.0
0.0,0.0,0.0,0.0,0.0,0.0,0.0,0.0,0.0,0.0,0.0,0.0,0.0,0.0,0.0,0.0,0.0,0.0,0.0,0.0,0.0,0.0,0.0,0.0,0.0,0.0,0.0,0.0,0.0,12.0,3.0,3.0,5.0,5.0,4.0,16.0,8.0,9.0,8.0,5.0,10.0,7.0,8.0,7.0,8.0,4.0,1.0,3.0,185.0
0.0,0.0,0.0,0.0,0.0,0.0,0.0,0.0,0.0,0.0,0.0,0.0,0.0,0.0,0.0,0.0,0.0,0.0,0.0,0.0,0.0,0.0,0.0,0.0,0.0,0.0,0.0,0.0,0.0,7.0,1.0,1.0,4.0,0.0,3.0,8.0,10.0,3.0,8.0,6.0,1.0,3.0,6.0,3.0,2.0,3.0,4.0,4.0,112.0
0.0,0.0,0.0,0.0,0.0,0.0,0.0,0.0,0.0,0.0,0.0,0.0,0.0,0.0,0.0,0.0,0.0,0.0,0.0,0.0,0.0,0.0,0.0,0.0,0.0,0.0,0.0,0.0,2.0,16.0,3.0,2.0,4.0,3.0,7.0,14.0,8.0,7.0,10.0,8.0,5.0,9.0,6.0,6.0,7.0,3.0,1.0,1.0,178.0
0.0,0.0,0.0,0.0,0.0,0.0,0.0,0.0,0.0,0.0,0.0,0.0,0.0,0.0,0.0,0.0,0.0,0.0,0.0,0.0,0.0,0.0,0.0,0.0,0.0,0.0,0.0,0.0,0.0,8.0,3.0,2.0,1.0,3.0,7.0,4.0,5.0,10.0,6.0,9.0,4.0,5.0,3.0,2.0,3.0,2.0,2.0,6.0,122.0
0.0,0.0,0.0,0.0,0.0,0.0,0.0,0.0,0.0,0.0,0.0,0.0,0.0,0.0,0.0,0.0,0.0,0.0,0.0,0.0,0.0,0.0,0.0,0.0,0.0,0.0,0.0,2.0,0.0,9.0,2.0,5.0,3.0,2.0,5.0,7.0,3.0,5.0,7.0,9.0,9.0,4.0,10.0,6.0,3.0,4.0,4.0,3.0,151.0
0.0,0.0,0.0,0.0,0.0,0.0,0.0,0.0,0.0,0.0,0.0,0.0,0.0,0.0,0.0,0.0,0.0,0.0,0.0,0.0,0.0,0.0,0.0,0.0,0.0,0.0,0.0,0.0,0.0,5.0,2.0,4.0,11.0,4.0,4.0,7.0,4.0,4.0,3.0,3.0,4.0,7.0,3.0,5.0,6.0,0.0,3.0,4.0,119.0
0.0,0.0,0.0,0.0,0.0,0.0,0.0,0.0,0.0,0.0,0.0,0.0,0.0,0.0,0.0,0.0,0.0,0.0,0.0,0.0,0.0,0.0,0.0,0.0,0.0,0.0,0.0,0.0,0.0,12.0,0.0,3.0,7.0,6.0,9.0,11.0,9.0,9.0,9.0,10.0,8.0,9.0,9.0,11.0,8.0,4.0,3.0,1.0,200.0
1.0,0.0,0.0,0.0,0.0,0.0,0.0,0.0,0.0,0.0,0.0,0.0,0.0,0.0,0.0,0.0,0.0,0.0,0.0,0.0,0.0,0.0,0.0,0.0,0.0,0.0,0.0,0.0,0.0,8.0,4.0,5.0,3.0,2.0,2.0,10.0,4.0,5.0,7.0,11.0,8.0,7.0,7.0,5.0,2.0,3.0,2.0,2.0,137.0
0.0,0.0,0.0,0.0,0.0,0.0,0.0,0.0,0.0,0.0,0.0,0.0,0.0,0.0,0.0,0.0,0.0,0.0,0.0,0.0,0.0,0.0,0.0,0.0,0.0,0.0,0.0,0.0,0.0,6.0,1.0,2.0,3.0,3.0,1.0,11.0,6.0,4.0,4.0,9.0,5.0,1.0,4.0,4.0,2.0,4.0,2.0,5.0,108.0
0.0,0.0,0.0,0.0,0.0,0.0,0.0,0.0,0.0,0.0,0.0,0.0,0.0,0.0,0.0,0.0,0.0,0.0,0.0,0.0,0.0,0.0,0.0,0.0,0.0,0.0,0.0,0.0,0.0,11.0,1.0,2.0,12.0,7.0,6.0,15.0,9.0,10.0,8.0,5.0,7.0,6.0,5.0,4.0,6.0,3.0,6.0,2.0,178.0
0.0,0.0,0.0,0.0,0.0,0.0,0.0,0.0,0.0,0.0,0.0,0.0,0.0,0.0,0.0,0.0,0.0,0.0,0.0,0.0,0.0,0.0,0.0,0.0,0.0,0.0,0.0,0.0,0.0,8.0,2.0,3.0,4.0,3.0,3.0,7.0,9.0,5.0,7.0,6.0,6.0,0.0,5.0,2.0,4.0,2.0,1.0,5.0,118.0
0.0,0.0,0.0,0.0,0.0,0.0,0.0,0.0,0.0,0.0,0.0,0.0,0.0,0.0,0.0,0.0,0.0,0.0,0.0,0.0,0.0,0.0,0.0,0.0,0.0,0.0,0.0,0.0,0.0,9.0,4.0,4.0,5.0,7.0,11.0,11.0,7.0,9.0,5.0,7.0,9.0,7.0,10.0,5.0,3.0,6.0,1.0,5.0,177.0
0.0,0.0,0.0,0.0,0.0,0.0,0.0,0.0,0.0,0.0,0.0,0.0,0.0,0.0,0.0,0.0,0.0,0.0,0.0,0.0,0.0,0.0,0.0,0.0,0.0,0.0,0.0,0.0,0.0,6.0,2.0,2.0,11.0,5.0,4.0,9.0,2.0,5.0,8.0,3.0,4.0,2.0,6.0,1.0,1.0,1.0,0.0,0.0,101.0
0.0,0.0,0.0,0.0,0.0,0.0,0.0,0.0,0.0,0.0,0.0,0.0,0.0,0.0,0.0,0.0,0.0,0.0,0.0,0.0,0.0,0.0,0.0,0.0,0.0,0.0,0.0,0.0,0.0,13.0,1.0,2.0,4.0,10.0,6.0,6.0,11.0,5.0,9.0,8.0,8.0,4.0,11.0,9.0,7.0,6.0,5.0,2.0,185.0
0.0,0.0,0.0,0.0,0.0,0.0,0.0,0.0,0.0,0.0,0.0,0.0,0.0,0.0,0.0,0.0,0.0,0.0,0.0,0.0,0.0,0.0,0.0,0.0,0.0,0.0,0.0,0.0,0.0,11.0,7.0,6.0,3.0,7.0,9.0,13.0,15.0,12.0,7.0,12.0,15.0,16.0,5.0,5.0,4.0,2.0,0.0,3.0,213.0
0.0,0.0,0.0,0.0,0.0,0.0,0.0,0.0,0.0,0.0,0.0,0.0,0.0,0.0,0.0,0.0,0.0,0.0,0.0,0.0,0.0,0.0,0.0,0.0,0.0,0.0,1.0,0.0,0.0,7.0,4.0,1.0,1.0,9.0,7.0,8.0,10.0,9.0,16.0,7.0,8.0,9.0,9.0,6.0,5.0,0.0,1.0,2.0,173.0
0.0,0.0,0.0,0.0,0.0,0.0,0.0,0.0,0.0,0.0,0.0,0.0,0.0,0.0,0.0,0.0,0.0,0.0,0.0,0.0,0.0,0.0,0.0,0.0,0.0,0.0,0.0,2.0,0.0,9.0,3.0,2.0,2.0,7.0,6.0,15.0,11.0,16.0,12.0,8.0,10.0,4.0,9.0,5.0,3.0,2.0,3.0,4.0,185.0
0.0,0.0,0.0,0.0,0.0,0.0,0.0,0.0,0.0,0.0,0.0,0.0,0.0,0.0,0.0,0.0,0.0,0.0,0.0,0.0,0.0,0.0,0.0,0.0,0.0,0.0,0.0,0.0,0.0,6.0,3.0,2.0,3.0,4.0,3.0,10.0,9.0,8.0,5.0,7.0,5.0,2.0,6.0,6.0,3.0,4.0,2.0,0.0,119.0
0.0,0.0,0.0,0.0,0.0,0.0,0.0,0.0,0.0,0.0,0.0,0.0,0.0,0.0,0.0,0.0,0.0,0.0,0.0,0.0,0.0,0.0,0.0,0.0,0.0,0.0,0.0,0.0,0.0,8.0,6.0,2.0,1.0,4.0,5.0,6.0,8.0,6.0,10.0,12.0,7.0,5.0,6.0,7.0,5.0,1.0,4.0,2.0,145.0
0.0,0.0,0.0,0.0,0.0,0.0,0.0,0.0,0.0,0.0,0.0,0.0,0.0,0.0,0.0,0.0,0.0,0.0,0.0,0.0,0.0,0.0,0.0,0.0,0.0,0.0,0.0,0.0,0.0,7.0,1.0,3.0,0.0,4.0,4.0,16.0,8.0,4.0,12.0,9.0,12.0,11.0,6.0,3.0,6.0,2.0,2.0,1.0,149.0
0.0,0.0,0.0,0.0,0.0,0.0,0.0,0.0,0.0,0.0,0.0,0.0,0.0,0.0,0.0,0.0,0.0,0.0,0.0,0.0,0.0,0.0,0.0,0.0,0.0,0.0,0.0,0.0,1.0,7.0,4.0,2.0,3.0,4.0,12.0,4.0,13.0,15.0,8.0,12.0,13.0,8.0,10.0,3.0,6.0,1.0,1.0,0.0,179.0
0.0,0.0,0.0,0.0,0.0,0.0,0.0,0.0,0.0,0.0,0.0,0.0,0.0,0.0,0.0,0.0,0.0,0.0,0.0,0.0,0.0,0.0,0.0,0.0,0.0,0.0,0.0,0.0,0.0,7.0,1.0,1.0,5.0,4.0,7.0,6.0,8.0,6.0,6.0,8.0,5.0,3.0,5.0,4.0,4.0,2.0,0.0,1.0,119.0
0.0,0.0,0.0,0.0,0.0,0.0,0.0,0.0,0.0,0.0,0.0,0.0,0.0,0.0,0.0,0.0,0.0,0.0,0.0,0.0,0.0,0.0,0.0,0.0,0.0,0.0,0.0,0.0,2.0,9.0,1.0,1.0,3.0,9.0,9.0,12.0,11.0,4.0,6.0,15.0,11.0,6.0,4.0,3.0,8.0,3.0,4.0,5.0,180.0
0.0,0.0,0.0,0.0,0.0,0.0,0.0,0.0,0.0,0.0,0.0,0.0,0.0,0.0,0.0,0.0,0.0,0.0,0.0,0.0,0.0,0.0,0.0,0.0,0.0,0.0,0.0,1.0,0.0,6.0,5.0,2.0,1.0,2.0,4.0,8.0,5.0,5.0,9.0,8.0,11.0,7.0,7.0,2.0,4.0,1.0,2.0,5.0,140.0
0.0,0.0,0.0,0.0,0.0,0.0,0.0,0.0,0.0,0.0,0.0,0.0,0.0,0.0,0.0,0.0,0.0,0.0,0.0,0.0,0.0,0.0,0.0,0.0,0.0,0.0,0.0,0.0,0.0,6.0,1.0,0.0,3.0,2.0,6.0,4.0,9.0,5.0,6.0,9.0,3.0,11.0,6.0,6.0,4.0,0.0,3.0,4.0,124.0
0.0,0.0,0.0,0.0,0.0,0.0,0.0,0.0,0.0,0.0,0.0,0.0,0.0,0.0,0.0,0.0,0.0,0.0,0.0,0.0,0.0,0.0,0.0,0.0,0.0,1.0,0.0,0.0,0.0,8.0,4.0,5.0,2.0,5.0,9.0,15.0,9.0,11.0,12.0,13.0,11.0,4.0,5.0,7.0,6.0,1.0,1.0,0.0,179.0
0.0,0.0,0.0,0.0,0.0,0.0,0.0,0.0,0.0,0.0,0.0,0.0,0.0,0.0,0.0,0.0,0.0,0.0,0.0,0.0,0.0,0.0,0.0,0.0,0.0,0.0,0.0,0.0,0.0,4.0,1.0,0.0,2.0,6.0,5.0,9.0,8.0,5.0,9.0,5.0,8.0,4.0,3.0,4.0,0.0,0.0,0.0,0.0,98.0
0.0,0.0,0.0,0.0,0.0,0.0,0.0,0.0,0.0,0.0,0.0,0.0,0.0,0.0,0.0,0.0,0.0,0.0,0.0,0.0,0.0,0.0,0.0,0.0,0.0,1.0,0.0,1.0,0.0,13.0,2.0,5.0,6.0,5.0,10.0,17.0,10.0,13.0,11.0,17.0,6.0,10.0,9.0,3.0,6.0,1.0,1.0,2.0,209.0
0.0,0.0,0.0,0.0,0.0,0.0,0.0,0.0,0.0,0.0,0.0,0.0,0.0,0.0,0.0,0.0,0.0,0.0,0.0,0.0,0.0,0.0,0.0,0.0,2.0,0.0,0.0,0.0,0.0,4.0,3.0,3.0,10.0,3.0,8.0,9.0,12.0,8.0,16.0,14.0,11.0,14.0,6.0,1.0,2.0,1.0,1.0,0.0,173.0
0.0,0.0,0.0,0.0,0.0,0.0,0.0,0.0,0.0,0.0,0.0,0.0,0.0,0.0,0.0,0.0,0.0,0.0,0.0,0.0,0.0,0.0,0.0,0.0,1.0,2.0,0.0,0.0,0.0,5.0,4.0,2.0,0.0,5.0,11.0,7.0,11.0,11.0,3.0,7.0,4.0,4.0,3.0,1.0,0.0,1.0,0.0,4.0,114.0
0.0,0.0,0.0,0.0,0.0,0.0,0.0,0.0,0.0,0.0,0.0,0.0,0.0,0.0,0.0,0.0,0.0,0.0,0.0,0.0,0.0,0.0,0.0,0.0,1.0,0.0,0.0,1.0,0.0,11.0,5.0,4.0,9.0,4.0,6.0,13.0,6.0,6.0,15.0,11.0,9.0,12.0,12.0,2.0,6.0,2.0,3.0,4.0,194.0
0.0,0.0,0.0,0.0,0.0,0.0,0.0,0.0,0.0,0.0,0.0,0.0,0.0,0.0,0.0,0.0,0.0,0.0,0.0,0.0,0.0,0.0,0.0,0.0,0.0,0.0,0.0,0.0,0.0,7.0,3.0,0.0,2.0,5.0,3.0,19.0,11.0,7.0,7.0,7.0,4.0,3.0,5.0,1.0,2.0,0.0,0.0,0.0,119.0
0.0,0.0,0.0,0.0,0.0,0.0,0.0,0.0,0.0,0.0,0.0,0.0,0.0,0.0,0.0,0.0,0.0,0.0,0.0,0.0,0.0,0.0,0.0,0.0,0.0,0.0,0.0,0.0,0.0,7.0,5.0,0.0,5.0,7.0,14.0,13.0,11.0,16.0,15.0,5.0,5.0,10.0,9.0,3.0,3.0,2.0,0.0,0.0,174.0
0.0,0.0,0.0,0.0,0.0,0.0,0.0,0.0,0.0,0.0,0.0,0.0,0.0,0.0,0.0,0.0,0.0,0.0,0.0,0.0,0.0,0.0,0.0,0.0,0.0,0.0,0.0,0.0,0.0,8.0,0.0,3.0,2.0,8.0,5.0,8.0,6.0,7.0,7.0,7.0,9.0,3.0,4.0,3.0,7.0,2.0,1.0,3.0,135.0
0.0,0.0,0.0,0.0,0.0,0.0,0.0,0.0,0.0,0.0,0.0,0.0,0.0,0.0,0.0,0.0,0.0,0.0,0.0,0.0,0.0,0.0,0.0,0.0,0.0,1.0,0.0,0.0,0.0,6.0,12.0,3.0,2.0,7.0,7.0,10.0,21.0,6.0,13.0,14.0,6.0,8.0,6.0,2.0,0.0,6.0,4.0,5.0,183.0
0.0,0.0,0.0,0.0,0.0,0.0,0.0,0.0,0.0,0.0,0.0,0.0,0.0,0.0,0.0,0.0,0.0,0.0,0.0,0.0,0.0,0.0,0.0,0.0,2.0,0.0,0.0,0.0,1.0,5.0,4.0,4.0,6.0,4.0,7.0,9.0,13.0,8.0,11.0,12.0,5.0,5.0,6.0,6.0,6.0,1.0,4.0,4.0,167.0
0.0,0.0,0.0,0.0,0.0,0.0,0.0,0.0,0.0,0.0,0.0,0.0,0.0,0.0,0.0,0.0,0.0,0.0,0.0,0.0,0.0,0.0,0.0,0.0,0.0,0.0,0.0,0.0,1.0,6.0,0.0,0.0,2.0,5.0,7.0,9.0,5.0,18.0,14.0,9.0,5.0,8.0,5.0,1.0,2.0,4.0,1.0,0.0,130.0
0.0,0.0,0.0,0.0,0.0,0.0,0.0,0.0,0.0,0.0,0.0,0.0,0.0,0.0,0.0,0.0,0.0,0.0,0.0,0.0,0.0,0.0,0.0,0.0,0.0,0.0,0.0,0.0,1.0,8.0,3.0,8.0,5.0,8.0,9.0,20.0,14.0,7.0,7.0,14.0,9.0,7.0,5.0,2.0,3.0,4.0,1.0,2.0,185.0
0.0,0.0,0.0,0.0,0.0,0.0,0.0,0.0,0.0,0.0,0.0,0.0,0.0,0.0,0.0,0.0,0.0,0.0,0.0,0.0,0.0,0.0,0.0,0.0,0.0,0.0,0.0,0.0,1.0,2.0,4.0,3.0,5.0,1.0,6.0,5.0,4.0,6.0,4.0,6.0,8.0,5.0,10.0,5.0,4.0,0.0,0.0,2.0,109.0
0.0,0.0,0.0,0.0,0.0,0.0,0.0,0.0,0.0,0.0,0.0,0.0,0.0,0.0,0.0,0.0,0.0,0.0,0.0,0.0,0.0,0.0,0.0,0.0,1.0,0.0,0.0,0.0,0.0,7.0,4.0,7.0,7.0,12.0,6.0,9.0,12.0,6.0,14.0,10.0,9.0,5.0,3.0,5.0,5.0,2.0,0.0,1.0,170.0
0.0,0.0,0.0,0.0,0.0,0.0,0.0,0.0,0.0,0.0,0.0,0.0,0.0,0.0,0.0,0.0,0.0,0.0,0.0,0.0,0.0,0.0,0.0,0.0,0.0,0.0,0.0,0.0,0.0,5.0,1.0,3.0,7.0,9.0,7.0,19.0,12.0,10.0,19.0,17.0,8.0,9.0,8.0,1.0,2.0,0.0,0.0,0.0,184.0
0.0,0.0,0.0,0.0,0.0,0.0,0.0,0.0,0.0,0.0,0.0,0.0,0.0,0.0,0.0,0.0,0.0,0.0,0.0,0.0,0.0,0.0,0.0,0.0,0.0,0.0,0.0,0.0,2.0,4.0,1.0,1.0,1.0,3.0,5.0,2.0,4.0,11.0,4.0,6.0,8.0,6.0,7.0,9.0,4.0,1.0,0.0,1.0,109.0
0.0,0.0,0.0,0.0,0.0,0.0,0.0,0.0,0.0,0.0,0.0,0.0,0.0,0.0,0.0,0.0,0.0,0.0,0.0,0.0,0.0,0.0,0.0,0.0,0.0,0.0,0.0,0.0,0.0,12.0,2.0,4.0,4.0,2.0,11.0,16.0,16.0,19.0,8.0,18.0,3.0,9.0,9.0,4.0,2.0,2.0,1.0,1.0,188.0
0.0,0.0,0.0,0.0,0.0,0.0,0.0,0.0,0.0,0.0,0.0,0.0,0.0,0.0,0.0,0.0,0.0,0.0,0.0,0.0,0.0,0.0,0.0,0.0,0.0,0.0,0.0,0.0,0.0,7.0,1.0,3.0,0.0,0.0,9.0,4.0,4.0,4.0,11.0,8.0,7.0,9.0,0.0,3.0,1.0,2.0,0.0,0.0,105.0
0.0,0.0,0.0,0.0,0.0,0.0,0.0,0.0,0.0,0.0,0.0,0.0,0.0,0.0,0.0,0.0,0.0,0.0,0.0,0.0,0.0,0.0,0.0,0.0,0.0,1.0,0.0,0.0,0.0,8.0,4.0,1.0,8.0,18.0,12.0,16.0,12.0,9.0,12.0,18.0,10.0,9.0,9.0,7.0,7.0,12.0,7.0,37.0,291.0
0.0,0.0,0.0,0.0,0.0,0.0,0.0,0.0,0.0,0.0,0.0,0.0,0.0,0.0,0.0,0.0,0.0,0.0,0.0,0.0,0.0,0.0,0.0,0.0,2.0,1.0,1.0,0.0,0.0,5.0,3.0,4.0,1.0,4.0,5.0,13.0,2.0,1.0,5.0,4.0,6.0,6.0,2.0,2.0,7.0,6.0,6.0,40.0,178.0
0.0,0.0,0.0,0.0,0.0,0.0,0.0,0.0,0.0,0.0,0.0,0.0,0.0,0.0,0.0,0.0,0.0,0.0,0.0,0.0,0.0,0.0,0.0,0.0,3.0,3.0,2.0,0.0,1.0,25.0,10.0,1.0,5.0,12.0,5.0,18.0,19.0,5.0,7.0,5.0,3.0,7.0,5.0,2.0,13.0,14.0,1.0,101.0,335.0
0.0,0.0,0.0,0.0,0.0,0.0,0.0,0.0,0.0,0.0,0.0,0.0,0.0,0.0,0.0,0.0,0.0,0.0,0.0,0.0,0.0,0.0,0.0,0.0,2.0,1.0,0.0,0.0,0.0,3.0,7.0,6.0,3.0,0.0,7.0,1.0,3.0,7.0,7.0,6.0,8.0,4.0,3.0,1.0,2.0,9.0,7.0,116.0,240.0
0.0,0.0,0.0,0.0,0.0,0.0,0.0,0.0,0.0,0.0,0.0,0.0,0.0,0.0,0.0,0.0,0.0,0.0,0.0,0.0,0.0,0.0,0.0,0.0,2.0,2.0,0.0,0.0,1.0,15.0,5.0,8.0,13.0,7.0,5.0,9.0,2.0,6.0,3.0,6.0,16.0,2.0,3.0,0.0,0.0,5.0,6.0,120.0,276.0
0.0,0.0,0.0,0.0,0.0,0.0,0.0,0.0,0.0,0.0,0.0,0.0,0.0,0.0,0.0,0.0,0.0,0.0,0.0,0.0,0.0,0.0,0.0,0.0,0.0,1.0,1.0,1.0,0.0,12.0,17.0,4.0,3.0,10.0,5.0,9.0,6.0,4.0,8.0,4.0,3.0,6.0,13.0,3.0,3.0,4.0,2.0,80.0,263.0
0.0,0.0,0.0,0.0,0.0,0.0,0.0,0.0,0.0,0.0,0.0,0.0,0.0,0.0,0.0,0.0,0.0,0.0,0.0,0.0,0.0,0.0,0.0,0.0,7.0,1.0,1.0,3.0,1.0,20.0,13.0,3.0,2.0,12.0,16.0,9.0,21.0,8.0,4.0,4.0,6.0,12.0,7.0,3.0,13.0,8.0,7.0,119.0,360.0
0.0,0.0,0.0,0.0,0.0,0.0,0.0,0.0,0.0,0.0,0.0,0.0,0.0,0.0,0.0,0.0,0.0,0.0,0.0,0.0,0.0,0.0,0.0,0.0,0.0,2.0,5.0,10.0,1.0,8.0,9.0,12.0,9.0,6.0,9.0,9.0,13.0,8.0,9.0,4.0,11.0,2.0,7.0,5.0,10.0,7.0,3.0,86.0,303.0
0.0,0.0,0.0,0.0,0.0,0.0,0.0,0.0,0.0,0.0,0.0,0.0,0.0,0.0,0.0,0.0,0.0,0.0,0.0,0.0,0.0,0.0,0.0,0.0,5.0,6.0,0.0,0.0,3.0,7.0,4.0,4.0,11.0,6.0,6.0,7.0,8.0,10.0,15.0,1.0,5.0,2.0,8.0,6.0,7.0,14.0,2.0,105.0,297.0
0.0,0.0,0.0,0.0,0.0,0.0,0.0,0.0,0.0,0.0,0.0,0.0,0.0,0.0,0.0,0.0,0.0,0.0,0.0,0.0,0.0,0.0,0.0,0.0,0.0,0.0,1.0,2.0,7.0,11.0,11.0,3.0,5.0,7.0,3.0,11.0,23.0,21.0,3.0,0.0,2.0,7.0,9.0,12.0,17.0,16.0,9.0,113.0,360.0
0.0,0.0,0.0,0.0,0.0,0.0,0.0,0.0,0.0,0.0,0.0,0.0,0.0,0.0,0.0,0.0,0.0,0.0,0.0,0.0,0.0,0.0,0.0,0.0,1.0,0.0,7.0,0.0,1.0,10.0,4.0,18.0,17.0,4.0,16.0,7.0,6.0,11.0,8.0,7.0,2.0,5.0,9.0,4.0,7.0,2.0,13.0,97.0,300.0
0.0,0.0,0.0,0.0,0.0,0.0,0.0,0.0,0.0,0.0,0.0,0.0,0.0,0.0,0.0,0.0,0.0,0.0,0.0,0.0,0.0,0.0,0.0,0.0,2.0,0.0,0.0,0.0,0.0,8.0,4.0,11.0,2.0,13.0,47.0,6.0,1.0,15.0,6.0,1.0,1.0,10.0,6.0,4.0,0.0,8.0,4.0,97.0,299.0
0.0,0.0,0.0,0.0,0.0,0.0,0.0,0.0,0.0,0.0,0.0,0.0,0.0,0.0,0.0,0.0,0.0,0.0,0.0,0.0,0.0,0.0,0.0,0.0,3.0,0.0,0.0,3.0,5.0,6.0,6.0,2.0,14.0,7.0,9.0,2.0,8.0,16.0,9.0,16.0,5.0,6.0,2.0,2.0,6.0,10.0,13.0,97.0,290.0
0.0,0.0,0.0,0.0,0.0,0.0,0.0,0.0,0.0,0.0,0.0,0.0,0.0,0.0,0.0,0.0,0.0,0.0,0.0,0.0,0.0,0.0,0.0,0.0,3.0,3.0,15.0,17.0,7.0,6.0,8.0,10.0,13.0,8.0,10.0,13.0,13.0,7.0,14.0,6.0,6.0,6.0,12.0,1.0,14.0,6.0,9.0,106.0,370.0
0.0,0.0,0.0,0.0,0.0,0.0,0.0,0.0,0.0,0.0,0.0,0.0,0.0,0.0,0.0,0.0,0.0,0.0,0.0,0.0,0.0,0.0,0.0,0.0,1.0,3.0,0.0,4.0,4.0,16.0,15.0,7.0,3.0,9.0,6.0,22.0,9.0,10.0,5.0,20.0,23.0,5.0,3.0,11.0,9.0,10.0,5.0,156.0,421.0
0.0,0.0,0.0,0.0,0.0,0.0,0.0,0.0,0.0,0.0,0.0,0.0,0.0,0.0,0.0,0.0,0.0,0.0,0.0,0.0,0.0,0.0,0.0,0.0,2.0,3.0,0.0,3.0,0.0,4.0,2.0,8.0,5.0,9.0,13.0,12.0,43.0,7.0,12.0,1.0,6.0,1.0,0.0,9.0,4.0,4.0,9.0,77.0,269.0
0.0,0.0,0.0,0.0,0.0,0.0,0.0,0.0,0.0,0.0,0.0,0.0,0.0,0.0,0.0,0.0,0.0,0.0,0.0,0.0,0.0,0.0,0.0,0.0,6.0,0.0,0.0,0.0,0.0,12.0,51.0,11.0,17.0,3.0,3.0,7.0,8.0,15.0,24.0,5.0,10.0,12.0,14.0,8.0,23.0,7.0,7.0,146.0,450.0
0.0,0.0,0.0,0.0,0.0,0.0,0.0,0.0,0.0,0.0,0.0,0.0,0.0,0.0,0.0,0.0,0.0,0.0,0.0,0.0,0.0,0.0,0.0,0.0,2.0,0.0,0.0,0.0,0.0,2.0,1.0,1.0,3.0,5.0,16.0,9.0,8.0,6.0,5.0,70.0,231.0,1.0,6.0,8.0,7.0,3.0,86.0,61.0,578.0
0.0,0.0,0.0,0.0,0.0,0.0,0.0,0.0,0.0,0.0,0.0,0.0,0.0,0.0,0.0,0.0,0.0,0.0,0.0,0.0,0.0,0.0,0.0,0.0,0.0,0.0,0.0,0.0,0.0,0.0,0.0,0.0,0.0,0.0,0.0,0.0,0.0,0.0,33.0,502.0,0.0,0.0,0.0,0.0,0.0,0.0,0.0,0.0,562.0
0.0,0.0,0.0,0.0,0.0,0.0,0.0,0.0,0.0,0.0,0.0,0.0,0.0,0.0,0.0,0.0,0.0,0.0,0.0,0.0,0.0,0.0,0.0,0.0,0.0,0.0,0.0,0.0,0.0,0.0,0.0,0.0,0.0,0.0,0.0,261.0,1.0,0.0,82.0,0.0,0.0,0.0,0.0,0.0,0.0,0.0,0.0,0.0,361.0
0.0,0.0,0.0,0.0,0.0,0.0,0.0,0.0,0.0,0.0,0.0,0.0,0.0,0.0,0.0,0.0,0.0,0.0,0.0,0.0,0.0,0.0,0.0,0.0,0.0,0.0,0.0,0.0,0.0,0.0,0.0,0.0,0.0,0.0,0.0,496.0,0.0,0.0,0.0,0.0,0.0,0.0,0.0,0.0,0.0,0.0,0.0,0.0,521.0
0.0,0.0,0.0,0.0,0.0,0.0,0.0,0.0,0.0,0.0,0.0,0.0,0.0,0.0,0.0,0.0,0.0,0.0,0.0,0.0,0.0,0.0,0.0,0.0,0.0,0.0,0.0,0.0,0.0,0.0,0.0,0.0,0.0,0.0,0.0,361.0,0.0,0.0,0.0,0.0,0.0,0.0,0.0,0.0,0.0,0.0,0.0,0.0,379.0
0.0,0.0,0.0,0.0,0.0,0.0,0.0,0.0,0.0,0.0,0.0,0.0,0.0,0.0,0.0,0.0,0.0,0.0,0.0,0.0,0.0,0.0,0.0,0.0,0.0,0.0,0.0,0.0,0.0,0.0,0.0,0.0,0.0,0.0,0.0,573.0,0.0,0.0,0.0,0.0,0.0,0.0,0.0,0.0,0.0,0.0,0.0,0.0,601.0
0.0,0.0,0.0,0.0,0.0,0.0,0.0,0.0,0.0,0.0,0.0,0.0,0.0,0.0,0.0,0.0,0.0,0.0,0.0,0.0,0.0,0.0,0.0,0.0,0.0,0.0,0.0,0.0,0.0,0.0,0.0,0.0,0.0,0.0,0.0,400.0,0.0,0.0,0.0,0.0,0.0,0.0,0.0,0.0,0.0,0.0,0.0,0.0,420.0
0.0,0.0,0.0,0.0,0.0,0.0,0.0,0.0,0.0,0.0,0.0,0.0,0.0,0.0,0.0,0.0,0.0,0.0,0.0,0.0,0.0,0.0,0.0,0.0,0.0,0.0,0.0,0.0,0.0,0.0,0.0,0.0,0.0,0.0,215.0,300.0,0.0,0.0,0.0,0.0,0.0,0.0,0.0,0.0,0.0,0.0,0.0,0.0,540.0
0.0,0.0,0.0,0.0,0.0,0.0,0.0,0.0,0.0,0.0,0.0,0.0,0.0,0.0,0.0,0.0,0.0,0.0,0.0,0.0,0.0,0.0,0.0,0.0,0.0,0.0,0.0,0.0,0.0,0.0,133.0,0.0,0.0,0.0,440.0,0.0,0.0,0.0,0.0,0.0,0.0,0.0,0.0,0.0,0.0,0.0,0.0,0.0,601.0
0.0,0.0,0.0,0.0,0.0,0.0,0.0,0.0,0.0,0.0,0.0,0.0,0.0,0.0,0.0,0.0,0.0,0.0,0.0,0.0,0.0,0.0,0.0,0.0,0.0,0.0,0.0,0.0,0.0,0.0,401.0,0.0,0.0,0.0,0.0,0.0,0.0,0.0,0.0,0.0,0.0,0.0,0.0,0.0,0.0,0.0,0.0,0.0,420.0
0.0,0.0,0.0,0.0,0.0,0.0,0.0,0.0,0.0,0.0,0.0,0.0,0.0,0.0,0.0,0.0,0.0,0.0,0.0,0.0,0.0,0.0,0.0,0.0,0.0,0.0,0.0,0.0,0.0,0.0,515.0,0.0,0.0,0.0,0.0,0.0,0.0,0.0,0.0,0.0,0.0,0.0,0.0,0.0,0.0,0.0,0.0,0.0,541.0
0.0,0.0,0.0,0.0,0.0,0.0,0.0,0.0,0.0,0.0,0.0,0.0,0.0,0.0,0.0,0.0,0.0,0.0,0.0,0.0,0.0,0.0,0.0,0.0,0.0,0.0,0.0,0.0,0.0,1.0,144.0,0.0,0.0,1.0,2.0,1.0,1.0,2.0,3.0,0.0,1.0,0.0,1.0,1.0,1.0,0.0,0.0,8.0,188.0
0.0,0.0,0.0,0.0,0.0,0.0,0.0,0.0,0.0,0.0,0.0,0.0,0.0,0.0,0.0,0.0,0.0,0.0,0.0,0.0,0.0,0.0,0.0,0.0,1.0,2.0,1.0,6.0,3.0,17.0,1.0,4.0,7.0,7.0,14.0,8.0,9.0,8.0,11.0,3.0,3.0,6.0,7.0,13.0,4.0,7.0,8.0,90.0,291.0
0.0,0.0,0.0,0.0,0.0,0.0,0.0,0.0,0.0,0.0,0.0,0.0,0.0,0.0,0.0,0.0,0.0,0.0,0.0,0.0,0.0,0.0,0.0,0.0,4.0,0.0,0.0,0.0,0.0,3.0,3.0,0.0,5.0,7.0,15.0,17.0,13.0,11.0,10.0,6.0,6.0,16.0,4.0,3.0,8.0,0.0,2.0,63.0,231.0
0.0,0.0,0.0,0.0,0.0,0.0,0.0,0.0,0.0,0.0,0.0,0.0,0.0,0.0,0.0,0.0,0.0,0.0,0.0,0.0,0.0,0.0,0.0,0.0,2.0,0.0,0.0,0.0,5.0,14.0,8.0,8.0,16.0,7.0,14.0,19.0,20.0,6.0,4.0,14.0,1.0,14.0,8.0,6.0,5.0,5.0,20.0,91.0,344.0
0.0,0.0,0.0,0.0,0.0,0.0,0.0,0.0,0.0,0.0,0.0,0.0,0.0,0.0,0.0,0.0,0.0,0.0,0.0,0.0,0.0,0.0,0.0,0.0,5.0,1.0,5.0,3.0,3.0,6.0,23.0,8.0,21.0,29.0,6.0,17.0,26.0,38.0,3.0,6.0,9.0,4.0,15.0,16.0,11.0,13.0,28.0,180.0,564.0
0.0,0.0,0.0,0.0,0.0,0.0,0.0,0.0,0.0,0.0,0.0,0.0,0.0,0.0,0.0,0.0,0.0,0.0,0.0,0.0,0.0,0.0,0.0,0.0,2.0,5.0,1.0,1.0,3.0,21.0,2.0,12.0,12.0,15.0,19.0,2.0,2.0,13.0,10.0,6.0,9.0,14.0,14.0,15.0,1.0,3.0,7.0,116.0,361.0
0.0,0.0,0.0,0.0,0.0,0.0,0.0,0.0,0.0,0.0,0.0,0.0,0.0,0.0,0.0,0.0,0.0,0.0,0.0,0.0,0.0,0.0,0.0,0.0,7.0,0.0,0.0,1.0,0.0,11.0,13.0,7.0,2.0,7.0,13.0,17.0,7.0,21.0,6.0,8.0,4.0,8.0,3.0,21.0,8.0,6.0,0.0,79.0,287.0
0.0,0.0,0.0,0.0,0.0,0.0,0.0,0.0,0.0,0.0,0.0,0.0,0.0,0.0,0.0,0.0,0.0,0.0,0.0,0.0,0.0,0.0,0.0,0.0,1.0,5.0,0.0,0.0,1.0,1.0,3.0,2.0,4.0,2.0,3.0,13.0,16.0,14.0,4.0,1.0,8.0,5.0,4.0,6.0,13.0,4.0,6.0,50.0,192.0
0.0,0.0,0.0,0.0,0.0,0.0,0.0,0.0,0.0,0.0,0.0,0.0,0.0,0.0,0.0,0.0,0.0,0.0,0.0,0.0,0.0,0.0,0.0,0.0,7.0,2.0,0.0,4.0,1.0,5.0,3.0,8.0,2.0,12.0,8.0,2.0,13.0,9.0,8.0,6.0,2.0,2.0,1.0,9.0,1.0,3.0,0.0,92.0,240.0
0.0,0.0,0.0,0.0,0.0,0.0,0.0,0.0,0.0,0.0,0.0,0.0,0.0,0.0,0.0,0.0,0.0,0.0,0.0,0.0,0.0,0.0,0.0,0.0,1.0,0.0,0.0,0.0,0.0,5.0,4.0,4.0,6.0,7.0,13.0,14.0,3.0,4.0,8.0,6.0,10.0,1.0,1.0,8.0,11.0,4.0,4.0,73.0,229.0
0.0,0.0,0.0,0.0,0.0,0.0,0.0,0.0,0.0,0.0,0.0,0.0,0.0,0.0,0.0,0.0,0.0,0.0,0.0,0.0,0.0,0.0,0.0,0.0,0.0,0.0,0.0,0.0,0.0,4.0,0.0,0.0,4.0,6.0,22.0,7.0,7.0,39.0,25.0,2.0,0.0,3.0,7.0,7.0,1.0,4.0,9.0,66.0,250.0
0.0,0.0,0.0,0.0,0.0,0.0,0.0,0.0,0.0,0.0,0.0,0.0,0.0,0.0,0.0,0.0,0.0,0.0,0.0,0.0,0.0,0.0,0.0,0.0,2.0,4.0,0.0,0.0,0.0,1.0,3.0,5.0,0.0,3.0,6.0,5.0,20.0,33.0,4.0,3.0,3.0,8.0,0.0,4.0,12.0,17.0,2.0,72.0,240.0
0.0,0.0,0.0,0.0,0.0,0.0,0.0,0.0,0.0,0.0,0.0,0.0,0.0,0.0,0.0,0.0,0.0,0.0,0.0,0.0,0.0,0.0,0.0,0.0,0.0,0.0,0.0,0.0,0.0,3.0,4.0,5.0,10.0,3.0,21.0,4.0,6.0,0.0,5.0,4.0,6.0,2.0,1.0,7.0,13.0,0.0,0.0,56.0,179.0
0.0,0.0,0.0,0.0,0.0,0.0,0.0,0.0,0.0,0.0,0.0,0.0,0.0,0.0,0.0,0.0,0.0,0.0,0.0,0.0,0.0,0.0,0.0,0.0,2.0,0.0,0.0,0.0,0.0,1.0,2.0,2.0,11.0,0.0,0.0,2.0,7.0,16.0,2.0,11.0,0.0,6.0,8.0,0.0,7.0,2.0,13.0,65.0,179.0
0.0,0.0,0.0,0.0,0.0,0.0,0.0,0.0,0.0,0.0,0.0,0.0,0.0,0.0,0.0,0.0,0.0,0.0,0.0,0.0,0.0,0.0,0.0,0.0,1.0,3.0,1.0,2.0,3.0,5.0,3.0,9.0,1.0,5.0,2.0,7.0,2.0,8.0,10.0,2.0,3.0,0.0,4.0,12.0,7.0,7.0,2.0,119.0,257.0
0.0,0.0,0.0,0.0,0.0,0.0,0.0,0.0,0.0,0.0,0.0,0.0,0.0,0.0,0.0,0.0,0.0,0.0,0.0,0.0,0.0,0.0,0.0,0.0,0.0,9.0,0.0,0.0,0.0,1.0,5.0,10.0,1.0,0.0,1.0,6.0,1.0,4.0,1.0,1.0,8.0,1.0,1.0,4.0,0.0,6.0,1.0,71.0,161.0
