examples.ping.Ping_1,examples.ping.Ping_2,examples.ping.Ping_3,examples.ping.Ping_4,examples.ping.Ping_5,examples.ping.Ping_6,examples.ping.Ping_7,examples.ping.Ping_8,examples.ping.Ping_9,examples.ping.Ping_10,examples.ping.Ping_11,examples.ping.Ping_12,examples.ping.Ping_13,examples.ping.Ping_14,examples.ping.Ping_15,examples.ping.Ping_16,examples.ping.Ping_17,examples.ping.Ping_18,examples.ping.Ping_19,examples.ping.Ping_20,examples.ping.Ping_21,examples.ping.Ping_22,examples.ping.Ping_23,examples.ping.Ping_24,gc.serverGC.GCAgent_1,gc.serverGC.GCAgent_2,gc.serverGC.GCAgent_3,gc.serverGC.GCAgent_4,gc.serverGC.GCAgent_5,gc.serverGC.GCAgent_6,gc.serverGC.GCAgent_7,gc.serverGC.GCAgent_8,gc.serverGC.GCAgent_9,gc.serverGC.GCAgent_10,gc.serverGC.GCAgent_11,gc.serverGC.GCAgent_12,gc.serverGC.GCAgent_13,gc.serverGC.GCAgent_14,gc.serverGC.GCAgent_15,gc.serverGC.GCAgent_16,gc.serverGC.GCAgent_17,gc.serverGC.GCAgent_18,gc.serverGC.GCAgent_19,gc.serverGC.GCAgent_20,gc.serverGC.GCAgent_21,gc.serverGC.GCAgent_22,gc.serverGC.GCAgent_23,gc.serverGC.GCAgent_24,wwc.messaging.WWCSystem_1,wwc.messaging.WWCSystem_2,wwc.messaging.WWCSystem_3,wwc.messaging.WWCSystem_4,wwc.messaging.WWCSystem_5,wwc.messaging.WWCSystem_6,wwc.messaging.WWCSystem_7,wwc.messaging.WWCSystem_8,wwc.messaging.WWCSystem_9,wwc.messaging.WWCSystem_10,wwc.messaging.WWCSystem_11,wwc.messaging.WWCSystem_12,wwc.messaging.WWCSystem_13,wwc.messaging.WWCSystem_14,wwc.messaging.WWCSystem_15,wwc.messaging.WWCSystem_16,wwc.messaging.WWCSystem_17,wwc.messaging.WWCSystem_18,wwc.messaging.WWCSystem_19,wwc.messaging.WWCSystem_20,wwc.messaging.WWCSystem_21,wwc.messaging.WWCSystem_22,wwc.messaging.WWCSystem_23,wwc.messaging.WWCSystem_24,BatteryDropTime
0.0,0.0,0.0,0.0,0.0,9.0,1.0,0.0,5.0,4.0,9.0,11.0,5.0,9.0,6.0,6.0,8.0,5.0,6.0,8.0,8.0,2.0,1.0,2.0,0.0,0.0,0.0,0.0,0.0,0.0,0.0,0.0,0.0,0.0,0.0,0.0,0.0,0.0,0.0,0.0,0.0,0.0,0.0,0.0,0.0,0.0,0.0,0.0,0.0,0.0,0.0,0.0,0.0,0.0,0.0,0.0,0.0,0.0,0.0,0.0,0.0,0.0,0.0,0.0,0.0,0.0,0.0,0.0,0.0,0.0,0.0,0.0,152.0
0.0,0.0,0.0,0.0,0.0,12.0,2.0,2.0,3.0,4.0,5.0,17.0,6.0,9.0,10.0,13.0,5.0,8.0,7.0,5.0,6.0,3.0,1.0,1.0,0.0,0.0,0.0,0.0,0.0,0.0,0.0,0.0,0.0,0.0,0.0,0.0,0.0,0.0,0.0,0.0,0.0,0.0,0.0,0.0,0.0,0.0,0.0,0.0,0.0,0.0,0.0,0.0,0.0,0.0,0.0,0.0,0.0,0.0,0.0,0.0,0.0,0.0,0.0,0.0,0.0,0.0,0.0,0.0,0.0,0.0,0.0,0.0,179.0
0.0,0.0,0.0,1.0,0.0,14.0,4.0,1.0,2.0,3.0,9.0,9.0,8.0,5.0,13.0,6.0,10.0,7.0,8.0,2.0,5.0,3.0,1.0,0.0,0.0,0.0,0.0,0.0,0.0,0.0,0.0,0.0,0.0,0.0,0.0,0.0,0.0,0.0,0.0,0.0,0.0,0.0,0.0,0.0,0.0,0.0,0.0,0.0,0.0,0.0,0.0,0.0,0.0,0.0,0.0,0.0,0.0,0.0,0.0,0.0,0.0,0.0,0.0,0.0,0.0,0.0,0.0,0.0,0.0,0.0,0.0,0.0,165.0
0.0,0.0,0.0,0.0,0.0,6.0,1.0,2.0,6.0,3.0,6.0,10.0,6.0,5.0,6.0,10.0,7.0,8.0,4.0,7.0,3.0,1.0,3.0,1.0,0.0,0.0,0.0,0.0,0.0,0.0,0.0,0.0,0.0,0.0,0.0,0.0,0.0,0.0,0.0,0.0,0.0,0.0,0.0,0.0,0.0,0.0,0.0,0.0,0.0,0.0,0.0,0.0,0.0,0.0,0.0,0.0,0.0,0.0,0.0,0.0,0.0,0.0,0.0,0.0,0.0,0.0,0.0,0.0,0.0,0.0,0.0,0.0,134.0
0.0,0.0,0.0,0.0,0.0,16.0,2.0,3.0,6.0,7.0,12.0,17.0,15.0,9.0,17.0,10.0,12.0,7.0,8.0,6.0,4.0,2.0,3.0,3.0,0.0,0.0,0.0,0.0,0.0,0.0,0.0,0.0,0.0,0.0,0.0,0.0,0.0,0.0,0.0,0.0,0.0,0.0,0.0,0.0,0.0,0.0,0.0,0.0,0.0,0.0,0.0,0.0,0.0,0.0,0.0,0.0,0.0,0.0,0.0,0.0,0.0,0.0,0.0,0.0,0.0,0.0,0.0,0.0,0.0,0.0,0.0,0.0,236.0
0.0,0.0,0.0,0.0,1.0,7.0,2.0,2.0,2.0,2.0,9.0,6.0,7.0,5.0,5.0,5.0,6.0,4.0,5.0,2.0,3.0,3.0,2.0,2.0,0.0,0.0,0.0,0.0,0.0,0.0,0.0,0.0,0.0,0.0,0.0,0.0,0.0,0.0,0.0,0.0,0.0,0.0,0.0,0.0,0.0,0.0,0.0,0.0,0.0,0.0,0.0,0.0,0.0,0.0,0.0,0.0,0.0,0.0,0.0,0.0,0.0,0.0,0.0,0.0,0.0,0.0,0.0,0.0,0.0,0.0,0.0,0.0,119.0
0.0,0.0,0.0,0.0,0.0,11.0,3.0,5.0,4.0,9.0,10.0,13.0,8.0,3.0,11.0,6.0,1.0,11.0,7.0,6.0,5.0,1.0,5.0,4.0,0.0,0.0,0.0,0.0,0.0,0.0,0.0,0.0,0.0,0.0,0.0,0.0,0.0,0.0,0.0,0.0,0.0,0.0,0.0,0.0,0.0,0.0,0.0,0.0,0.0,0.0,0.0,0.0,0.0,0.0,0.0,0.0,0.0,0.0,0.0,0.0,0.0,0.0,0.0,0.0,0.0,0.0,0.0,0.0,0.0,0.0,0.0,0.0,179.0
0.0,0.0,0.0,0.0,0.0,10.0,3.0,0.0,1.0,4.0,6.0,6.0,2.0,4.0,10.0,10.0,3.0,2.0,2.0,3.0,4.0,2.0,1.0,3.0,0.0,0.0,0.0,0.0,0.0,0.0,0.0,0.0,0.0,0.0,0.0,0.0,0.0,0.0,0.0,0.0,0.0,0.0,0.0,0.0,0.0,0.0,0.0,0.0,0.0,0.0,0.0,0.0,0.0,0.0,0.0,0.0,0.0,0.0,0.0,0.0,0.0,0.0,0.0,0.0,0.0,0.0,0.0,0.0,0.0,0.0,0.0,0.0,120.0
0.0,0.0,0.0,0.0,0.0,7.0,3.0,1.0,1.0,4.0,5.0,11.0,0.0,8.0,5.0,8.0,5.0,2.0,2.0,4.0,7.0,1.0,4.0,3.0,1.0,0.0,0.0,0.0,0.0,0.0,0.0,0.0,0.0,0.0,0.0,0.0,0.0,0.0,0.0,0.0,0.0,0.0,0.0,0.0,0.0,0.0,0.0,0.0,0.0,0.0,0.0,0.0,0.0,0.0,0.0,0.0,0.0,0.0,0.0,0.0,0.0,0.0,0.0,0.0,0.0,0.0,0.0,0.0,0.0,0.0,0.0,0.0,114.0
0.0,0.0,0.0,0.0,0.0,10.0,3.0,4.0,3.0,9.0,5.0,10.0,7.0,7.0,2.0,10.0,8.0,4.0,12.0,6.0,4.0,1.0,4.0,2.0,0.0,0.0,0.0,0.0,0.0,0.0,0.0,0.0,0.0,0.0,0.0,0.0,0.0,0.0,0.0,0.0,0.0,0.0,0.0,0.0,0.0,0.0,0.0,0.0,0.0,0.0,0.0,0.0,0.0,0.0,0.0,0.0,0.0,0.0,0.0,0.0,0.0,0.0,0.0,0.0,0.0,0.0,0.0,0.0,0.0,0.0,0.0,0.0,159.0
0.0,0.0,0.0,0.0,0.0,6.0,1.0,4.0,3.0,5.0,5.0,5.0,5.0,10.0,2.0,5.0,3.0,4.0,6.0,2.0,1.0,2.0,0.0,1.0,0.0,0.0,0.0,0.0,0.0,0.0,0.0,0.0,0.0,0.0,0.0,0.0,0.0,0.0,0.0,0.0,0.0,0.0,0.0,0.0,0.0,0.0,0.0,0.0,0.0,0.0,0.0,0.0,0.0,0.0,0.0,0.0,0.0,0.0,0.0,0.0,0.0,0.0,0.0,0.0,0.0,0.0,0.0,0.0,0.0,0.0,0.0,0.0,103.0
0.0,0.0,0.0,0.0,0.0,11.0,1.0,6.0,4.0,3.0,5.0,14.0,4.0,6.0,9.0,9.0,12.0,5.0,6.0,6.0,3.0,4.0,4.0,1.0,0.0,0.0,0.0,0.0,0.0,0.0,0.0,0.0,0.0,0.0,0.0,0.0,0.0,0.0,0.0,0.0,0.0,0.0,0.0,0.0,0.0,0.0,0.0,0.0,0.0,0.0,0.0,0.0,0.0,0.0,0.0,0.0,0.0,0.0,0.0,0.0,0.0,0.0,0.0,0.0,0.0,0.0,0.0,0.0,0.0,0.0,0.0,0.0,161.0
0.0,0.0,0.0,1.0,0.0,10.0,5.0,6.0,5.0,6.0,9.0,4.0,6.0,16.0,10.0,6.0,7.0,8.0,2.0,3.0,4.0,2.0,1.0,3.0,0.0,0.0,0.0,0.0,0.0,0.0,0.0,0.0,0.0,0.0,0.0,0.0,0.0,0.0,0.0,0.0,0.0,0.0,0.0,0.0,0.0,0.0,0.0,0.0,0.0,0.0,0.0,0.0,0.0,0.0,0.0,0.0,0.0,0.0,0.0,0.0,0.0,0.0,0.0,0.0,0.0,0.0,0.0,0.0,0.0,0.0,0.0,0.0,168.0
0.0,0.0,0.0,0.0,0.0,5.0,2.0,2.0,4.0,6.0,3.0,8.0,5.0,2.0,13.0,11.0,2.0,4.0,3.0,4.0,1.0,0.0,0.0,0.0,0.0,0.0,0.0,0.0,0.0,0.0,0.0,0.0,0.0,0.0,0.0,0.0,0.0,0.0,0.0,0.0,0.0,0.0,0.0,0.0,0.0,0.0,0.0,0.0,0.0,0.0,0.0,0.0,0.0,0.0,0.0,0.0,0.0,0.0,0.0,0.0,0.0,0.0,0.0,0.0,0.0,0.0,0.0,0.0,0.0,0.0,0.0,0.0,105.0
0.0,0.0,0.0,0.0,0.0,7.0,5.0,0.0,2.0,7.0,9.0,9.0,10.0,4.0,6.0,9.0,10.0,10.0,4.0,5.0,6.0,1.0,2.0,2.0,0.0,0.0,0.0,0.0,0.0,0.0,0.0,0.0,0.0,0.0,0.0,0.0,0.0,0.0,0.0,0.0,0.0,0.0,0.0,0.0,0.0,0.0,0.0,0.0,0.0,0.0,0.0,0.0,0.0,0.0,0.0,0.0,0.0,0.0,0.0,0.0,0.0,0.0,0.0,0.0,0.0,0.0,0.0,0.0,0.0,0.0,0.0,0.0,156.0
0.0,0.0,0.0,0.0,0.0,9.0,1.0,2.0,2.0,4.0,5.0,7.0,7.0,3.0,7.0,6.0,2.0,5.0,7.0,5.0,0.0,6.0,0.0,4.0,0.0,0.0,0.0,0.0,0.0,0.0,0.0,0.0,0.0,0.0,0.0,0.0,0.0,0.0,0.0,0.0,0.0,0.0,0.0,0.0,0.0,0.0,0.0,0.0,0.0,0.0,0.0,0.0,0.0,0.0,0.0,0.0,0.0,0.0,0.0,0.0,0.0,0.0,0.0,0.0,0.0,0.0,0.0,0.0,0.0,0.0,0.0,0.0,119.0
0.0,0.0,0.0,0.0,1.0,9.0,2.0,2.0,1.0,4.0,6.0,8.0,11.0,4.0,8.0,7.0,9.0,4.0,8.0,4.0,6.0,4.0,5.0,4.0,0.0,0.0,0.0,0.0,0.0,0.0,0.0,0.0,0.0,0.0,0.0,0.0,0.0,0.0,0.0,0.0,0.0,0.0,0.0,0.0,0.0,0.0,0.0,0.0,0.0,0.0,0.0,0.0,0.0,0.0,0.0,0.0,0.0,0.0,0.0,0.0,0.0,0.0,0.0,0.0,0.0,0.0,0.0,0.0,0.0,0.0,0.0,0.0,159.0
0.0,0.0,0.0,0.0,0.0,6.0,1.0,0.0,3.0,2.0,8.0,3.0,3.0,6.0,9.0,8.0,5.0,7.0,3.0,3.0,3.0,4.0,1.0,0.0,0.0,0.0,0.0,0.0,0.0,0.0,0.0,0.0,0.0,0.0,0.0,0.0,0.0,0.0,0.0,0.0,0.0,0.0,0.0,0.0,0.0,0.0,0.0,0.0,0.0,0.0,0.0,0.0,0.0,0.0,0.0,0.0,0.0,0.0,0.0,0.0,0.0,0.0,0.0,0.0,0.0,0.0,0.0,0.0,0.0,0.0,0.0,0.0,107.0
0.0,1.0,0.0,0.0,0.0,8.0,3.0,4.0,1.0,4.0,11.0,13.0,7.0,8.0,11.0,11.0,10.0,11.0,6.0,4.0,3.0,7.0,0.0,1.0,0.0,0.0,0.0,0.0,0.0,0.0,0.0,0.0,0.0,0.0,0.0,0.0,0.0,0.0,0.0,0.0,0.0,0.0,0.0,0.0,0.0,0.0,0.0,0.0,0.0,0.0,0.0,0.0,0.0,0.0,0.0,0.0,0.0,0.0,0.0,0.0,0.0,0.0,0.0,0.0,0.0,0.0,0.0,0.0,0.0,0.0,0.0,0.0,180.0
0.0,0.0,0.0,0.0,0.0,7.0,1.0,0.0,4.0,7.0,7.0,7.0,11.0,5.0,14.0,9.0,5.0,7.0,8.0,6.0,6.0,2.0,1.0,1.0,0.0,0.0,0.0,0.0,0.0,0.0,0.0,0.0,0.0,0.0,0.0,0.0,0.0,0.0,0.0,0.0,0.0,0.0,0.0,0.0,0.0,0.0,0.0,0.0,0.0,0.0,0.0,0.0,0.0,0.0,0.0,0.0,0.0,0.0,0.0,0.0,0.0,0.0,0.0,0.0,0.0,0.0,0.0,0.0,0.0,0.0,0.0,0.0,154.0
0.0,0.0,0.0,0.0,0.0,8.0,0.0,3.0,1.0,4.0,5.0,8.0,6.0,4.0,8.0,6.0,6.0,0.0,3.0,2.0,4.0,4.0,2.0,1.0,0.0,0.0,0.0,0.0,0.0,0.0,0.0,0.0,0.0,0.0,0.0,0.0,0.0,0.0,0.0,0.0,0.0,0.0,0.0,0.0,0.0,0.0,0.0,0.0,0.0,0.0,0.0,0.0,0.0,0.0,0.0,0.0,0.0,0.0,0.0,0.0,0.0,0.0,0.0,0.0,0.0,0.0,0.0,0.0,0.0,0.0,0.0,0.0,108.0
0.0,0.0,0.0,0.0,0.0,9.0,3.0,1.0,1.0,4.0,8.0,13.0,12.0,10.0,12.0,16.0,7.0,6.0,7.0,4.0,1.0,2.0,3.0,0.0,0.0,0.0,0.0,0.0,0.0,0.0,0.0,0.0,0.0,0.0,0.0,0.0,0.0,0.0,0.0,0.0,0.0,0.0,0.0,0.0,0.0,0.0,0.0,0.0,0.0,0.0,0.0,0.0,0.0,0.0,0.0,0.0,0.0,0.0,0.0,0.0,0.0,0.0,0.0,0.0,0.0,0.0,0.0,0.0,0.0,0.0,0.0,0.0,174.0
0.0,0.0,1.0,1.0,0.0,3.0,5.0,2.0,1.0,2.0,5.0,8.0,5.0,6.0,5.0,6.0,5.0,4.0,1.0,4.0,1.0,3.0,0.0,1.0,0.0,0.0,0.0,0.0,0.0,0.0,0.0,0.0,0.0,0.0,0.0,0.0,0.0,0.0,0.0,0.0,0.0,0.0,0.0,0.0,0.0,0.0,0.0,0.0,0.0,0.0,0.0,0.0,0.0,0.0,0.0,0.0,0.0,0.0,0.0,0.0,0.0,0.0,0.0,0.0,0.0,0.0,0.0,0.0,0.0,0.0,0.0,0.0,100.0
0.0,0.0,0.0,0.0,0.0,14.0,1.0,5.0,6.0,8.0,4.0,8.0,13.0,5.0,10.0,7.0,6.0,4.0,12.0,8.0,2.0,2.0,1.0,2.0,0.0,0.0,0.0,0.0,0.0,0.0,0.0,0.0,0.0,0.0,0.0,0.0,0.0,0.0,0.0,0.0,0.0,0.0,0.0,0.0,0.0,0.0,0.0,0.0,0.0,0.0,0.0,0.0,0.0,0.0,0.0,0.0,0.0,0.0,0.0,0.0,0.0,0.0,0.0,0.0,0.0,0.0,0.0,0.0,0.0,0.0,0.0,0.0,173.0
0.0,0.0,0.0,1.0,0.0,4.0,3.0,0.0,1.0,5.0,3.0,6.0,10.0,7.0,7.0,7.0,6.0,5.0,2.0,1.0,4.0,1.0,0.0,0.0,0.0,0.0,0.0,0.0,0.0,0.0,0.0,0.0,0.0,0.0,0.0,0.0,0.0,0.0,0.0,0.0,0.0,0.0,0.0,0.0,0.0,0.0,0.0,0.0,0.0,0.0,0.0,0.0,0.0,0.0,0.0,0.0,0.0,0.0,0.0,0.0,0.0,0.0,0.0,0.0,0.0,0.0,0.0,0.0,0.0,0.0,0.0,0.0,102.0
0.0,0.0,0.0,0.0,0.0,11.0,2.0,3.0,0.0,8.0,8.0,7.0,11.0,9.0,6.0,8.0,12.0,8.0,7.0,2.0,5.0,3.0,4.0,7.0,0.0,0.0,0.0,0.0,0.0,0.0,0.0,0.0,0.0,0.0,0.0,0.0,0.0,0.0,0.0,0.0,0.0,0.0,0.0,0.0,0.0,0.0,0.0,0.0,0.0,0.0,0.0,0.0,0.0,0.0,0.0,0.0,0.0,0.0,0.0,0.0,0.0,0.0,0.0,0.0,0.0,0.0,0.0,0.0,0.0,0.0,0.0,0.0,172.0
0.0,0.0,0.0,0.0,1.0,8.0,4.0,4.0,1.0,6.0,8.0,7.0,10.0,7.0,8.0,13.0,9.0,9.0,7.0,9.0,4.0,3.0,1.0,1.0,0.0,0.0,0.0,0.0,0.0,0.0,0.0,0.0,0.0,0.0,0.0,0.0,0.0,0.0,0.0,0.0,0.0,0.0,0.0,0.0,0.0,0.0,0.0,0.0,0.0,0.0,0.0,0.0,0.0,0.0,0.0,0.0,0.0,0.0,0.0,0.0,0.0,0.0,0.0,0.0,0.0,0.0,0.0,0.0,0.0,0.0,0.0,0.0,167.0
0.0,0.0,0.0,0.0,0.0,8.0,2.0,1.0,0.0,3.0,3.0,3.0,8.0,11.0,6.0,9.0,6.0,4.0,3.0,5.0,3.0,1.0,2.0,3.0,0.0,0.0,0.0,0.0,0.0,0.0,0.0,0.0,0.0,0.0,0.0,0.0,0.0,0.0,0.0,0.0,0.0,0.0,0.0,0.0,0.0,0.0,0.0,0.0,0.0,0.0,0.0,0.0,0.0,0.0,0.0,0.0,0.0,0.0,0.0,0.0,0.0,0.0,0.0,0.0,0.0,0.0,0.0,0.0,0.0,0.0,0.0,0.0,109.0
0.0,0.0,0.0,0.0,0.0,10.0,3.0,5.0,4.0,11.0,7.0,12.0,3.0,15.0,8.0,12.0,10.0,7.0,10.0,8.0,5.0,1.0,0.0,0.0,0.0,0.0,0.0,0.0,0.0,0.0,0.0,0.0,0.0,0.0,0.0,0.0,0.0,0.0,0.0,0.0,0.0,0.0,0.0,0.0,0.0,0.0,0.0,0.0,0.0,0.0,0.0,0.0,0.0,0.0,0.0,0.0,0.0,0.0,0.0,0.0,0.0,0.0,0.0,0.0,0.0,0.0,0.0,0.0,0.0,0.0,0.0,0.0,181.0
0.0,0.0,0.0,0.0,0.0,6.0,6.0,1.0,2.0,1.0,5.0,3.0,9.0,10.0,7.0,10.0,7.0,1.0,4.0,1.0,0.0,2.0,0.0,0.0,0.0,0.0,0.0,0.0,0.0,0.0,0.0,0.0,0.0,0.0,0.0,0.0,0.0,0.0,0.0,0.0,0.0,0.0,0.0,0.0,0.0,0.0,0.0,0.0,0.0,0.0,0.0,0.0,0.0,0.0,0.0,0.0,0.0,0.0,0.0,0.0,0.0,0.0,0.0,0.0,0.0,0.0,0.0,0.0,0.0,0.0,0.0,0.0,105.0
1.0,0.0,0.0,0.0,0.0,9.0,5.0,2.0,2.0,4.0,7.0,9.0,4.0,7.0,4.0,9.0,7.0,9.0,12.0,8.0,6.0,7.0,4.0,3.0,0.0,0.0,0.0,0.0,0.0,0.0,0.0,0.0,0.0,0.0,0.0,0.0,0.0,0.0,0.0,0.0,0.0,0.0,0.0,0.0,0.0,0.0,0.0,0.0,0.0,0.0,0.0,0.0,0.0,0.0,0.0,0.0,0.0,0.0,0.0,0.0,0.0,0.0,0.0,0.0,0.0,0.0,0.0,0.0,0.0,0.0,0.0,0.0,173.0
0.0,1.0,0.0,0.0,0.0,8.0,5.0,2.0,4.0,2.0,6.0,16.0,10.0,6.0,9.0,10.0,14.0,4.0,9.0,10.0,5.0,1.0,3.0,2.0,0.0,0.0,0.0,0.0,0.0,0.0,0.0,0.0,0.0,0.0,0.0,0.0,0.0,0.0,0.0,0.0,0.0,0.0,0.0,0.0,0.0,0.0,0.0,0.0,0.0,0.0,0.0,0.0,0.0,0.0,0.0,0.0,0.0,0.0,0.0,0.0,0.0,0.0,0.0,0.0,0.0,0.0,0.0,0.0,0.0,0.0,0.0,0.0,178.0
0.0,0.0,0.0,0.0,0.0,7.0,3.0,2.0,2.0,1.0,5.0,5.0,15.0,1.0,10.0,10.0,3.0,7.0,4.0,3.0,4.0,1.0,0.0,0.0,0.0,0.0,0.0,0.0,0.0,0.0,0.0,0.0,0.0,0.0,0.0,0.0,0.0,0.0,0.0,0.0,0.0,0.0,0.0,0.0,0.0,0.0,0.0,0.0,0.0,0.0,0.0,0.0,0.0,0.0,0.0,0.0,0.0,0.0,0.0,0.0,0.0,0.0,0.0,0.0,0.0,0.0,0.0,0.0,0.0,0.0,0.0,0.0,118.0
0.0,0.0,0.0,0.0,1.0,9.0,2.0,8.0,1.0,1.0,4.0,12.0,8.0,6.0,7.0,4.0,6.0,7.0,3.0,9.0,3.0,7.0,3.0,5.0,0.0,0.0,0.0,0.0,0.0,0.0,0.0,0.0,0.0,0.0,0.0,0.0,0.0,0.0,0.0,0.0,0.0,0.0,0.0,0.0,0.0,0.0,0.0,0.0,0.0,0.0,0.0,0.0,0.0,0.0,0.0,0.0,0.0,0.0,0.0,0.0,0.0,0.0,0.0,0.0,0.0,0.0,0.0,0.0,0.0,0.0,0.0,0.0,168.0
0.0,0.0,0.0,0.0,0.0,5.0,0.0,3.0,1.0,4.0,5.0,7.0,6.0,3.0,7.0,3.0,2.0,5.0,3.0,4.0,2.0,3.0,2.0,1.0,0.0,0.0,0.0,0.0,0.0,0.0,0.0,0.0,0.0,0.0,0.0,0.0,0.0,0.0,0.0,0.0,0.0,0.0,0.0,0.0,0.0,0.0,0.0,0.0,0.0,0.0,0.0,0.0,0.0,0.0,0.0,0.0,0.0,0.0,0.0,0.0,0.0,0.0,0.0,0.0,0.0,0.0,0.0,0.0,0.0,0.0,0.0,0.0,95.0
0.0,0.0,0.0,0.0,0.0,9.0,4.0,2.0,5.0,4.0,6.0,7.0,6.0,12.0,6.0,7.0,6.0,7.0,7.0,3.0,1.0,3.0,4.0,3.0,0.0,0.0,0.0,0.0,0.0,0.0,0.0,0.0,0.0,0.0,0.0,0.0,0.0,0.0,0.0,0.0,0.0,0.0,0.0,0.0,0.0,0.0,0.0,0.0,0.0,0.0,0.0,0.0,0.0,0.0,0.0,0.0,0.0,0.0,0.0,0.0,0.0,0.0,0.0,0.0,0.0,0.0,0.0,0.0,0.0,0.0,0.0,0.0,152.0
0.0,0.0,0.0,0.0,0.0,11.0,3.0,2.0,2.0,2.0,4.0,10.0,6.0,3.0,4.0,12.0,6.0,6.0,3.0,8.0,3.0,4.0,3.0,4.0,0.0,0.0,0.0,0.0,0.0,0.0,0.0,0.0,0.0,0.0,0.0,0.0,0.0,0.0,0.0,0.0,0.0,0.0,0.0,0.0,0.0,0.0,0.0,0.0,0.0,0.0,0.0,0.0,0.0,0.0,0.0,0.0,0.0,0.0,0.0,0.0,0.0,0.0,0.0,0.0,0.0,0.0,0.0,0.0,0.0,0.0,0.0,0.0,143.0
0.0,0.0,0.0,0.0,0.0,14.0,2.0,2.0,3.0,5.0,3.0,12.0,3.0,7.0,8.0,10.0,9.0,6.0,5.0,7.0,3.0,4.0,1.0,5.0,0.0,0.0,0.0,0.0,0.0,0.0,0.0,0.0,0.0,0.0,0.0,0.0,0.0,0.0,0.0,0.0,0.0,0.0,0.0,0.0,0.0,0.0,0.0,0.0,0.0,0.0,0.0,0.0,0.0,0.0,0.0,0.0,0.0,0.0,0.0,0.0,0.0,0.0,0.0,0.0,0.0,0.0,0.0,0.0,0.0,0.0,0.0,0.0,160.0
0.0,0.0,0.0,0.0,0.0,6.0,1.0,1.0,2.0,0.0,3.0,6.0,4.0,2.0,3.0,2.0,4.0,2.0,4.0,5.0,1.0,5.0,0.0,2.0,0.0,0.0,0.0,0.0,0.0,0.0,0.0,0.0,0.0,0.0,0.0,0.0,0.0,0.0,0.0,0.0,0.0,0.0,0.0,0.0,0.0,0.0,0.0,0.0,0.0,0.0,0.0,0.0,0.0,0.0,0.0,0.0,0.0,0.0,0.0,0.0,0.0,0.0,0.0,0.0,0.0,0.0,0.0,0.0,0.0,0.0,0.0,0.0,84.0
0.0,0.0,0.0,0.0,0.0,5.0,2.0,3.0,0.0,3.0,4.0,9.0,3.0,7.0,2.0,5.0,6.0,7.0,4.0,2.0,4.0,1.0,1.0,10.0,0.0,0.0,0.0,0.0,0.0,0.0,0.0,0.0,0.0,0.0,0.0,0.0,0.0,0.0,0.0,0.0,0.0,0.0,0.0,0.0,0.0,0.0,0.0,0.0,0.0,0.0,0.0,0.0,0.0,0.0,0.0,0.0,0.0,0.0,0.0,0.0,0.0,0.0,0.0,0.0,0.0,0.0,0.0,0.0,0.0,0.0,0.0,0.0,119.0
0.0,0.0,0.0,0.0,0.0,10.0,2.0,2.0,5.0,4.0,5.0,12.0,5.0,1.0,10.0,5.0,4.0,7.0,15.0,5.0,3.0,2.0,2.0,0.0,0.0,0.0,0.0,0.0,0.0,0.0,0.0,0.0,0.0,0.0,0.0,0.0,0.0,0.0,0.0,0.0,0.0,0.0,0.0,0.0,0.0,0.0,0.0,0.0,0.0,0.0,0.0,0.0,0.0,0.0,0.0,0.0,0.0,0.0,0.0,0.0,0.0,0.0,0.0,0.0,0.0,0.0,0.0,0.0,0.0,0.0,0.0,0.0,145.0
0.0,0.0,0.0,0.0,0.0,8.0,3.0,2.0,1.0,1.0,0.0,7.0,4.0,3.0,3.0,2.0,4.0,3.0,2.0,3.0,1.0,2.0,2.0,6.0,0.0,0.0,0.0,0.0,0.0,0.0,0.0,0.0,0.0,0.0,0.0,0.0,0.0,0.0,0.0,0.0,0.0,0.0,0.0,0.0,0.0,0.0,0.0,0.0,0.0,0.0,0.0,0.0,0.0,0.0,0.0,0.0,0.0,0.0,0.0,0.0,0.0,0.0,0.0,0.0,0.0,0.0,0.0,0.0,0.0,0.0,0.0,0.0,82.0
0.0,0.0,0.0,0.0,0.0,13.0,5.0,4.0,2.0,5.0,1.0,11.0,5.0,6.0,9.0,5.0,3.0,8.0,10.0,7.0,12.0,6.0,2.0,4.0,0.0,0.0,0.0,0.0,0.0,0.0,0.0,0.0,0.0,0.0,0.0,0.0,0.0,0.0,0.0,0.0,0.0,0.0,0.0,0.0,0.0,0.0,0.0,0.0,0.0,0.0,0.0,0.0,0.0,0.0,0.0,0.0,0.0,0.0,0.0,0.0,0.0,0.0,0.0,0.0,0.0,0.0,0.0,0.0,0.0,0.0,0.0,0.0,177.0
0.0,0.0,0.0,0.0,0.0,6.0,4.0,4.0,1.0,2.0,4.0,8.0,5.0,5.0,7.0,6.0,6.0,10.0,3.0,5.0,3.0,1.0,2.0,3.0,0.0,0.0,0.0,0.0,0.0,0.0,0.0,0.0,0.0,0.0,0.0,0.0,0.0,0.0,0.0,0.0,0.0,0.0,0.0,0.0,0.0,0.0,0.0,0.0,0.0,0.0,0.0,0.0,0.0,0.0,0.0,0.0,0.0,0.0,0.0,0.0,0.0,0.0,0.0,0.0,0.0,0.0,0.0,0.0,0.0,0.0,0.0,0.0,118.0
0.0,0.0,0.0,0.0,0.0,9.0,3.0,0.0,2.0,4.0,4.0,3.0,3.0,5.0,5.0,4.0,6.0,3.0,10.0,3.0,2.0,1.0,0.0,3.0,0.0,0.0,0.0,0.0,0.0,0.0,0.0,0.0,0.0,0.0,0.0,0.0,0.0,0.0,0.0,0.0,0.0,0.0,0.0,0.0,0.0,0.0,0.0,0.0,0.0,0.0,0.0,0.0,0.0,0.0,0.0,0.0,0.0,0.0,0.0,0.0,0.0,0.0,0.0,0.0,0.0,0.0,0.0,0.0,0.0,0.0,0.0,0.0,98.0
0.0,0.0,0.0,0.0,0.0,11.0,2.0,3.0,2.0,9.0,5.0,13.0,5.0,10.0,11.0,11.0,4.0,7.0,6.0,4.0,2.0,5.0,3.0,5.0,0.0,0.0,0.0,0.0,0.0,0.0,0.0,0.0,0.0,0.0,0.0,0.0,0.0,0.0,0.0,0.0,0.0,0.0,0.0,0.0,0.0,0.0,0.0,0.0,0.0,0.0,0.0,0.0,0.0,0.0,0.0,0.0,0.0,0.0,0.0,0.0,0.0,0.0,0.0,0.0,0.0,0.0,0.0,0.0,0.0,0.0,0.0,0.0,177.0
0.0,0.0,0.0,0.0,0.0,11.0,2.0,4.0,1.0,6.0,4.0,4.0,7.0,3.0,2.0,7.0,2.0,7.0,4.0,3.0,11.0,3.0,4.0,4.0,0.0,0.0,0.0,0.0,0.0,0.0,0.0,0.0,0.0,0.0,0.0,0.0,0.0,0.0,0.0,0.0,0.0,0.0,0.0,0.0,0.0,0.0,0.0,0.0,0.0,0.0,0.0,0.0,0.0,0.0,0.0,0.0,0.0,0.0,0.0,0.0,0.0,0.0,0.0,0.0,0.0,0.0,0.0,0.0,0.0,0.0,0.0,0.0,130.0
0.0,0.0,0.0,0.0,0.0,7.0,2.0,2.0,4.0,5.0,7.0,10.0,7.0,4.0,4.0,1.0,3.0,4.0,3.0,6.0,3.0,3.0,1.0,1.0,0.0,0.0,0.0,0.0,0.0,0.0,0.0,0.0,0.0,0.0,0.0,0.0,0.0,0.0,0.0,0.0,0.0,0.0,0.0,0.0,0.0,0.0,0.0,0.0,0.0,0.0,0.0,0.0,0.0,0.0,0.0,0.0,0.0,0.0,0.0,0.0,0.0,0.0,0.0,0.0,0.0,0.0,0.0,0.0,0.0,0.0,0.0,0.0,108.0
0.0,0.0,0.0,0.0,0.0,7.0,1.0,0.0,2.0,0.0,3.0,6.0,7.0,3.0,4.0,8.0,6.0,7.0,2.0,1.0,4.0,4.0,0.0,0.0,0.0,0.0,0.0,0.0,0.0,0.0,0.0,0.0,0.0,0.0,0.0,0.0,0.0,0.0,0.0,0.0,0.0,0.0,0.0,0.0,0.0,0.0,0.0,0.0,0.0,0.0,0.0,0.0,0.0,0.0,0.0,0.0,0.0,0.0,0.0,0.0,0.0,0.0,0.0,0.0,0.0,0.0,0.0,0.0,0.0,0.0,0.0,0.0,90.0
0.0,0.0,0.0,1.0,0.0,8.0,3.0,3.0,4.0,3.0,7.0,5.0,7.0,13.0,9.0,6.0,14.0,6.0,0.0,7.0,5.0,2.0,1.0,3.0,0.0,0.0,0.0,0.0,0.0,0.0,0.0,0.0,0.0,0.0,0.0,0.0,0.0,0.0,0.0,0.0,0.0,0.0,0.0,0.0,0.0,0.0,0.0,0.0,0.0,0.0,0.0,0.0,0.0,0.0,0.0,0.0,0.0,0.0,0.0,0.0,0.0,0.0,0.0,0.0,0.0,0.0,0.0,0.0,0.0,0.0,0.0,0.0,157.0
0.0,0.0,0.0,0.0,0.0,13.0,2.0,2.0,9.0,7.0,17.0,3.0,12.0,8.0,10.0,10.0,5.0,5.0,2.0,5.0,4.0,1.0,0.0,1.0,0.0,0.0,0.0,0.0,0.0,0.0,0.0,0.0,0.0,0.0,0.0,0.0,0.0,0.0,0.0,0.0,0.0,0.0,0.0,0.0,0.0,0.0,0.0,0.0,0.0,0.0,0.0,0.0,0.0,0.0,0.0,0.0,0.0,0.0,0.0,0.0,0.0,0.0,0.0,0.0,0.0,0.0,0.0,0.0,0.0,0.0,0.0,0.0,164.0
0.0,0.0,0.0,0.0,0.0,6.0,1.0,3.0,4.0,2.0,3.0,9.0,2.0,5.0,1.0,11.0,7.0,5.0,5.0,2.0,2.0,2.0,1.0,4.0,0.0,0.0,0.0,0.0,0.0,0.0,0.0,0.0,0.0,0.0,0.0,0.0,0.0,0.0,0.0,0.0,0.0,0.0,0.0,0.0,0.0,0.0,0.0,0.0,0.0,0.0,0.0,0.0,0.0,0.0,0.0,0.0,0.0,0.0,0.0,0.0,0.0,0.0,0.0,0.0,0.0,0.0,0.0,0.0,0.0,0.0,0.0,0.0,108.0
1.0,0.0,0.0,0.0,0.0,9.0,3.0,4.0,2.0,4.0,8.0,11.0,6.0,7.0,5.0,13.0,14.0,10.0,6.0,12.0,4.0,2.0,2.0,2.0,0.0,0.0,0.0,0.0,0.0,0.0,0.0,0.0,0.0,0.0,0.0,0.0,0.0,0.0,0.0,0.0,0.0,0.0,0.0,0.0,0.0,0.0,0.0,0.0,0.0,0.0,0.0,0.0,0.0,0.0,0.0,0.0,0.0,0.0,0.0,0.0,0.0,0.0,0.0,0.0,0.0,0.0,0.0,0.0,0.0,0.0,0.0,0.0,176.0
0.0,0.0,0.0,0.0,0.0,5.0,3.0,1.0,2.0,3.0,3.0,4.0,3.0,5.0,4.0,5.0,7.0,5.0,8.0,4.0,0.0,2.0,1.0,0.0,0.0,0.0,0.0,0.0,0.0,0.0,0.0,0.0,0.0,0.0,0.0,0.0,0.0,0.0,0.0,0.0,0.0,0.0,0.0,0.0,0.0,0.0,0.0,0.0,0.0,0.0,0.0,0.0,0.0,0.0,0.0,0.0,0.0,0.0,0.0,0.0,0.0,0.0,0.0,0.0,0.0,0.0,0.0,0.0,0.0,0.0,0.0,0.0,88.0
0.0,0.0,0.0,0.0,0.0,10.0,3.0,7.0,4.0,3.0,3.0,10.0,9.0,8.0,10.0,10.0,13.0,8.0,8.0,6.0,1.0,2.0,4.0,0.0,0.0,0.0,0.0,0.0,0.0,0.0,0.0,0.0,0.0,0.0,0.0,0.0,0.0,0.0,0.0,0.0,0.0,0.0,0.0,0.0,0.0,0.0,0.0,0.0,0.0,0.0,0.0,0.0,0.0,0.0,0.0,0.0,0.0,0.0,0.0,0.0,0.0,0.0,0.0,0.0,0.0,0.0,0.0,0.0,0.0,0.0,0.0,0.0,168.0
0.0,0.0,0.0,0.0,0.0,12.0,5.0,0.0,1.0,5.0,8.0,15.0,7.0,12.0,6.0,11.0,9.0,8.0,5.0,3.0,7.0,1.0,1.0,2.0,0.0,0.0,0.0,0.0,0.0,0.0,0.0,0.0,0.0,0.0,0.0,0.0,0.0,0.0,0.0,0.0,0.0,0.0,0.0,0.0,0.0,0.0,0.0,0.0,0.0,0.0,0.0,0.0,0.0,0.0,0.0,0.0,0.0,0.0,0.0,0.0,0.0,0.0,0.0,0.0,0.0,0.0,0.0,0.0,0.0,0.0,0.0,0.0,162.0
0.0,0.0,0.0,0.0,0.0,7.0,0.0,2.0,0.0,4.0,6.0,8.0,12.0,5.0,8.0,5.0,3.0,6.0,7.0,1.0,0.0,0.0,0.0,1.0,0.0,0.0,0.0,0.0,0.0,0.0,0.0,0.0,0.0,0.0,0.0,0.0,0.0,0.0,0.0,0.0,0.0,0.0,0.0,0.0,0.0,0.0,0.0,0.0,0.0,0.0,0.0,0.0,0.0,0.0,0.0,0.0,0.0,0.0,0.0,0.0,0.0,0.0,0.0,0.0,0.0,0.0,0.0,0.0,0.0,0.0,0.0,0.0,104.0
0.0,0.0,0.0,0.0,0.0,11.0,4.0,4.0,7.0,8.0,4.0,18.0,8.0,5.0,7.0,5.0,6.0,10.0,9.0,2.0,6.0,3.0,1.0,3.0,0.0,0.0,0.0,0.0,0.0,0.0,0.0,0.0,0.0,0.0,0.0,0.0,0.0,0.0,0.0,0.0,0.0,0.0,0.0,0.0,0.0,0.0,0.0,0.0,0.0,0.0,0.0,0.0,0.0,0.0,0.0,0.0,0.0,0.0,0.0,0.0,0.0,0.0,0.0,0.0,0.0,0.0,0.0,0.0,0.0,0.0,0.0,0.0,165.0
0.0,0.0,0.0,0.0,0.0,6.0,3.0,2.0,3.0,2.0,8.0,11.0,8.0,4.0,4.0,4.0,8.0,7.0,2.0,4.0,3.0,1.0,0.0,0.0,0.0,0.0,0.0,0.0,0.0,0.0,0.0,0.0,0.0,0.0,0.0,0.0,0.0,0.0,0.0,0.0,0.0,0.0,0.0,0.0,0.0,0.0,0.0,0.0,0.0,0.0,0.0,0.0,0.0,0.0,0.0,0.0,0.0,0.0,0.0,0.0,0.0,0.0,0.0,0.0,0.0,0.0,0.0,0.0,0.0,0.0,0.0,0.0,116.0
0.0,0.0,0.0,0.0,0.0,13.0,2.0,1.0,2.0,1.0,8.0,13.0,7.0,7.0,10.0,5.0,6.0,8.0,9.0,3.0,2.0,2.0,1.0,1.0,0.0,0.0,0.0,0.0,0.0,0.0,0.0,0.0,0.0,0.0,0.0,0.0,0.0,0.0,0.0,0.0,0.0,0.0,0.0,0.0,0.0,0.0,0.0,0.0,0.0,0.0,0.0,0.0,0.0,0.0,0.0,0.0,0.0,0.0,0.0,0.0,0.0,0.0,0.0,0.0,0.0,0.0,0.0,0.0,0.0,0.0,0.0,0.0,155.0
0.0,0.0,0.0,0.0,0.0,7.0,4.0,2.0,2.0,1.0,0.0,8.0,7.0,2.0,6.0,4.0,6.0,3.0,3.0,7.0,2.0,5.0,1.0,6.0,0.0,0.0,0.0,0.0,0.0,0.0,0.0,0.0,0.0,0.0,0.0,0.0,0.0,0.0,0.0,0.0,0.0,0.0,0.0,0.0,0.0,0.0,0.0,0.0,0.0,0.0,0.0,0.0,0.0,0.0,0.0,0.0,0.0,0.0,0.0,0.0,0.0,0.0,0.0,0.0,0.0,0.0,0.0,0.0,0.0,0.0,0.0,0.0,109.0
0.0,0.0,0.0,0.0,0.0,11.0,6.0,5.0,2.0,5.0,4.0,8.0,8.0,3.0,7.0,7.0,3.0,8.0,8.0,4.0,6.0,4.0,1.0,8.0,0.0,0.0,0.0,0.0,0.0,0.0,0.0,0.0,0.0,0.0,0.0,0.0,0.0,0.0,0.0,0.0,0.0,0.0,0.0,0.0,0.0,0.0,0.0,0.0,0.0,0.0,0.0,0.0,0.0,0.0,0.0,0.0,0.0,0.0,0.0,0.0,0.0,0.0,0.0,0.0,0.0,0.0,0.0,0.0,0.0,0.0,0.0,0.0,162.0
0.0,0.0,0.0,0.0,0.0,10.0,3.0,3.0,3.0,6.0,5.0,9.0,6.0,6.0,5.0,12.0,4.0,12.0,8.0,10.0,6.0,3.0,2.0,1.0,0.0,0.0,0.0,0.0,0.0,0.0,0.0,0.0,0.0,0.0,0.0,0.0,0.0,0.0,0.0,0.0,0.0,0.0,0.0,0.0,0.0,0.0,0.0,0.0,0.0,0.0,0.0,0.0,0.0,0.0,0.0,0.0,0.0,0.0,0.0,0.0,0.0,0.0,0.0,0.0,0.0,0.0,0.0,0.0,0.0,0.0,0.0,0.0,166.0
0.0,0.0,0.0,1.0,1.0,7.0,0.0,3.0,1.0,2.0,3.0,6.0,2.0,6.0,4.0,4.0,4.0,5.0,4.0,8.0,4.0,1.0,2.0,5.0,0.0,0.0,0.0,0.0,0.0,0.0,0.0,0.0,0.0,0.0,0.0,0.0,0.0,0.0,0.0,0.0,0.0,0.0,0.0,0.0,0.0,0.0,0.0,0.0,0.0,0.0,0.0,0.0,0.0,0.0,0.0,0.0,0.0,0.0,0.0,0.0,0.0,0.0,0.0,0.0,0.0,0.0,0.0,0.0,0.0,0.0,0.0,0.0,108.0
0.0,0.0,0.0,0.0,0.0,11.0,2.0,3.0,2.0,3.0,4.0,8.0,6.0,4.0,5.0,9.0,13.0,7.0,7.0,4.0,4.0,1.0,0.0,2.0,0.0,0.0,0.0,0.0,0.0,0.0,0.0,0.0,0.0,0.0,0.0,0.0,0.0,0.0,0.0,0.0,0.0,0.0,0.0,0.0,0.0,0.0,0.0,0.0,0.0,0.0,0.0,0.0,0.0,0.0,0.0,0.0,0.0,0.0,0.0,0.0,0.0,0.0,0.0,0.0,0.0,0.0,0.0,0.0,0.0,0.0,0.0,0.0,135.0
0.0,0.0,0.0,0.0,0.0,11.0,1.0,1.0,1.0,2.0,5.0,8.0,10.0,7.0,2.0,11.0,6.0,10.0,5.0,4.0,5.0,1.0,3.0,1.0,0.0,0.0,0.0,0.0,0.0,0.0,0.0,0.0,0.0,0.0,0.0,0.0,0.0,0.0,0.0,0.0,0.0,0.0,0.0,0.0,0.0,0.0,0.0,0.0,0.0,0.0,0.0,0.0,0.0,0.0,0.0,0.0,0.0,0.0,0.0,0.0,0.0,0.0,0.0,0.0,0.0,0.0,0.0,0.0,0.0,0.0,0.0,0.0,138.0
0.0,0.0,0.0,0.0,0.0,13.0,3.0,3.0,3.0,5.0,8.0,15.0,7.0,8.0,5.0,14.0,9.0,9.0,6.0,9.0,5.0,5.0,4.0,2.0,0.0,0.0,0.0,0.0,0.0,0.0,0.0,0.0,0.0,0.0,0.0,0.0,0.0,0.0,0.0,0.0,0.0,0.0,0.0,0.0,0.0,0.0,0.0,0.0,0.0,0.0,0.0,0.0,0.0,0.0,0.0,0.0,0.0,0.0,0.0,0.0,0.0,0.0,0.0,0.0,0.0,0.0,0.0,0.0,0.0,0.0,0.0,0.0,192.0
0.0,0.0,0.0,0.0,0.0,5.0,2.0,2.0,2.0,1.0,5.0,4.0,5.0,6.0,6.0,6.0,3.0,3.0,4.0,1.0,0.0,0.0,0.0,0.0,0.0,0.0,0.0,0.0,0.0,0.0,0.0,0.0,0.0,0.0,0.0,0.0,0.0,0.0,0.0,0.0,0.0,0.0,0.0,0.0,0.0,0.0,0.0,0.0,0.0,0.0,0.0,0.0,0.0,0.0,0.0,0.0,0.0,0.0,0.0,0.0,0.0,0.0,0.0,0.0,0.0,0.0,0.0,0.0,0.0,0.0,0.0,0.0,76.0
0.0,0.0,0.0,0.0,0.0,7.0,3.0,2.0,5.0,1.0,5.0,11.0,3.0,7.0,3.0,6.0,3.0,6.0,7.0,4.0,6.0,6.0,1.0,2.0,0.0,0.0,0.0,0.0,0.0,0.0,0.0,0.0,0.0,0.0,0.0,0.0,0.0,0.0,0.0,0.0,0.0,0.0,0.0,0.0,0.0,0.0,0.0,0.0,0.0,0.0,0.0,0.0,0.0,0.0,0.0,0.0,0.0,0.0,0.0,0.0,0.0,0.0,0.0,0.0,0.0,0.0,0.0,0.0,0.0,0.0,0.0,0.0,132.0
0.0,0.0,0.0,0.0,0.0,11.0,0.0,3.0,6.0,4.0,8.0,11.0,7.0,9.0,5.0,13.0,9.0,3.0,7.0,12.0,5.0,7.0,6.0,1.0,0.0,0.0,0.0,0.0,0.0,0.0,0.0,0.0,0.0,0.0,0.0,0.0,0.0,0.0,0.0,0.0,0.0,0.0,0.0,0.0,0.0,0.0,0.0,0.0,0.0,0.0,0.0,0.0,0.0,0.0,0.0,0.0,0.0,0.0,0.0,0.0,0.0,0.0,0.0,0.0,0.0,0.0,0.0,0.0,0.0,0.0,0.0,0.0,181.0
0.0,0.0,0.0,0.0,0.0,4.0,2.0,1.0,0.0,1.0,1.0,8.0,2.0,3.0,4.0,7.0,4.0,0.0,1.0,2.0,0.0,0.0,0.0,0.0,0.0,0.0,0.0,0.0,0.0,0.0,0.0,0.0,0.0,0.0,0.0,0.0,0.0,0.0,0.0,0.0,0.0,0.0,0.0,0.0,0.0,0.0,0.0,0.0,0.0,0.0,0.0,0.0,0.0,0.0,0.0,0.0,0.0,0.0,0.0,0.0,0.0,0.0,0.0,0.0,0.0,0.0,0.0,0.0,0.0,0.0,0.0,0.0,58.0
0.0,0.0,0.0,0.0,0.0,12.0,2.0,4.0,3.0,4.0,8.0,15.0,2.0,7.0,10.0,11.0,14.0,8.0,9.0,7.0,4.0,0.0,1.0,3.0,0.0,0.0,0.0,0.0,0.0,0.0,0.0,0.0,0.0,0.0,0.0,0.0,0.0,0.0,0.0,0.0,0.0,0.0,0.0,0.0,0.0,0.0,0.0,0.0,0.0,0.0,0.0,0.0,0.0,0.0,0.0,0.0,0.0,0.0,0.0,0.0,0.0,0.0,0.0,0.0,0.0,0.0,0.0,0.0,0.0,0.0,0.0,0.0,180.0
0.0,0.0,0.0,0.0,0.0,6.0,2.0,0.0,0.0,1.0,8.0,8.0,5.0,8.0,2.0,6.0,4.0,4.0,2.0,2.0,0.0,1.0,0.0,0.0,0.0,0.0,0.0,0.0,0.0,0.0,0.0,0.0,0.0,0.0,0.0,0.0,0.0,0.0,0.0,0.0,0.0,0.0,0.0,0.0,0.0,0.0,0.0,0.0,0.0,0.0,0.0,0.0,0.0,0.0,0.0,0.0,0.0,0.0,0.0,0.0,0.0,0.0,0.0,0.0,0.0,0.0,0.0,0.0,0.0,0.0,0.0,0.0,82.0
0.0,0.0,0.0,0.0,0.0,10.0,4.0,4.0,5.0,3.0,8.0,12.0,7.0,12.0,5.0,7.0,11.0,12.0,6.0,2.0,10.0,1.0,4.0,12.0,0.0,0.0,0.0,0.0,0.0,0.0,0.0,0.0,0.0,0.0,0.0,0.0,0.0,0.0,0.0,0.0,0.0,0.0,0.0,0.0,0.0,0.0,0.0,0.0,1.0,0.0,0.0,0.0,0.0,0.0,0.0,0.0,0.0,0.0,0.0,0.0,0.0,0.0,0.0,0.0,0.0,0.0,0.0,0.0,0.0,0.0,0.0,0.0,200.0
0.0,0.0,0.0,0.0,0.0,9.0,2.0,4.0,1.0,7.0,7.0,7.0,9.0,8.0,10.0,8.0,7.0,4.0,4.0,3.0,7.0,2.0,1.0,0.0,0.0,0.0,0.0,0.0,0.0,0.0,0.0,0.0,0.0,0.0,0.0,0.0,0.0,0.0,0.0,0.0,0.0,0.0,0.0,0.0,0.0,0.0,0.0,0.0,0.0,0.0,0.0,0.0,0.0,0.0,0.0,0.0,0.0,0.0,0.0,0.0,0.0,0.0,0.0,0.0,0.0,0.0,0.0,0.0,0.0,0.0,0.0,0.0,144.0
0.0,0.0,0.0,1.0,0.0,5.0,0.0,1.0,3.0,2.0,2.0,1.0,3.0,5.0,1.0,2.0,3.0,5.0,2.0,3.0,2.0,2.0,1.0,2.0,0.0,0.0,0.0,0.0,0.0,0.0,0.0,0.0,0.0,0.0,0.0,0.0,0.0,0.0,0.0,0.0,0.0,0.0,0.0,0.0,0.0,0.0,0.0,0.0,0.0,0.0,0.0,0.0,0.0,0.0,0.0,0.0,0.0,0.0,0.0,0.0,0.0,0.0,0.0,0.0,0.0,0.0,0.0,0.0,0.0,0.0,0.0,0.0,66.0
