examples.nqueens.Nqueens_1,examples.nqueens.Nqueens_2,examples.nqueens.Nqueens_3,examples.nqueens.Nqueens_4,examples.nqueens.Nqueens_5,examples.nqueens.Nqueens_6,examples.nqueens.Nqueens_7,examples.nqueens.Nqueens_8,examples.nqueens.Nqueens_9,examples.nqueens.Nqueens_10,examples.nqueens.Nqueens_11,examples.nqueens.Nqueens_12,examples.nqueens.Nqueens_13,examples.nqueens.Nqueens_14,examples.nqueens.Nqueens_15,examples.nqueens.Nqueens_16,examples.nqueens.Nqueens_17,examples.nqueens.Nqueens_18,examples.nqueens.Nqueens_19,examples.nqueens.Nqueens_20,examples.nqueens.Nqueens_21,examples.nqueens.Nqueens_22,examples.nqueens.Nqueens_23,examples.nqueens.Nqueens_24,BatteryDropTime
51.0,4.0,2.0,2.0,2.0,0.0,3.0,1.0,6.0,22.0,3.0,0.0,0.0,0.0,0.0,0.0,0.0,0.0,0.0,0.0,0.0,0.0,0.0,0.0,171
52.0,4.0,2.0,6.0,1.0,0.0,0.0,3.0,6.0,13.0,4.0,1.0,0.0,0.0,0.0,0.0,0.0,0.0,0.0,0.0,0.0,0.0,0.0,0.0,178
72.0,5.0,4.0,2.0,2.0,2.0,0.0,3.0,4.0,25.0,9.0,0.0,0.0,0.0,0.0,0.0,0.0,0.0,0.0,0.0,0.0,0.0,0.0,0.0,208
71.0,3.0,3.0,0.0,1.0,6.0,2.0,7.0,6.0,22.0,6.0,0.0,0.0,0.0,0.0,0.0,0.0,0.0,0.0,0.0,0.0,0.0,0.0,0.0,209
65.0,2.0,7.0,3.0,1.0,0.0,0.0,2.0,5.0,10.0,4.0,0.0,0.0,0.0,0.0,0.0,0.0,0.0,0.0,0.0,0.0,0.0,0.0,0.0,178
51.0,4.0,0.0,4.0,2.0,0.0,2.0,2.0,3.0,21.0,5.0,0.0,0.0,0.0,0.0,0.0,0.0,0.0,0.0,0.0,0.0,0.0,0.0,0.0,178
58.0,2.0,0.0,2.0,1.0,1.0,5.0,6.0,1.0,12.0,5.0,2.0,0.0,0.0,0.0,0.0,0.0,0.0,0.0,0.0,0.0,0.0,0.0,0.0,178
52.0,5.0,2.0,1.0,2.0,0.0,6.0,1.0,7.0,14.0,2.0,0.0,0.0,0.0,0.0,0.0,0.0,0.0,0.0,0.0,0.0,0.0,0.0,0.0,175
34.0,4.0,2.0,0.0,2.0,0.0,2.0,1.0,3.0,12.0,3.0,0.0,0.0,0.0,0.0,0.0,0.0,0.0,0.0,0.0,0.0,0.0,0.0,0.0,133
9.0,1.0,1.0,0.0,0.0,1.0,1.0,1.0,1.0,4.0,1.0,0.0,0.0,0.0,0.0,0.0,0.0,0.0,0.0,0.0,0.0,0.0,0.0,0.0,58
33.0,4.0,2.0,3.0,1.0,1.0,0.0,0.0,2.0,14.0,3.0,0.0,0.0,0.0,0.0,0.0,0.0,0.0,0.0,0.0,0.0,0.0,0.0,0.0,111
63.0,8.0,4.0,5.0,2.0,3.0,4.0,5.0,5.0,14.0,6.0,0.0,0.0,0.0,0.0,0.0,0.0,0.0,0.0,0.0,0.0,0.0,0.0,0.0,208
66.0,5.0,4.0,3.0,1.0,2.0,1.0,1.0,8.0,23.0,6.0,0.0,0.0,0.0,0.0,0.0,0.0,0.0,0.0,0.0,0.0,0.0,0.0,0.0,208
56.0,3.0,3.0,3.0,1.0,2.0,1.0,2.0,4.0,21.0,4.0,0.0,0.0,0.0,0.0,0.0,0.0,0.0,0.0,0.0,0.0,0.0,0.0,0.0,178
65.0,7.0,6.0,3.0,2.0,3.0,0.0,2.0,4.0,22.0,7.0,0.0,0.0,0.0,0.0,0.0,0.0,0.0,0.0,0.0,0.0,0.0,0.0,0.0,207
56.0,7.0,2.0,4.0,4.0,3.0,2.0,0.0,1.0,10.0,8.0,0.0,0.0,0.0,0.0,0.0,0.0,0.0,0.0,0.0,0.0,0.0,0.0,0.0,175
55.0,4.0,2.0,1.0,0.0,2.0,2.0,1.0,1.0,20.0,6.0,0.0,0.0,0.0,0.0,0.0,0.0,0.0,0.0,0.0,0.0,0.0,0.0,0.0,178
47.0,5.0,1.0,2.0,1.0,0.0,1.0,5.0,3.0,10.0,6.0,0.0,0.0,0.0,0.0,0.0,0.0,0.0,0.0,0.0,0.0,0.0,0.0,0.0,146
42.0,3.0,3.0,0.0,5.0,1.0,4.0,2.0,6.0,16.0,3.0,0.0,0.0,0.0,0.0,0.0,0.0,0.0,0.0,0.0,0.0,0.0,0.0,0.0,146
37.0,1.0,3.0,3.0,1.0,1.0,2.0,2.0,3.0,17.0,2.0,0.0,0.0,0.0,0.0,0.0,0.0,0.0,0.0,0.0,0.0,0.0,0.0,0.0,142
35.0,0.0,3.0,3.0,2.0,2.0,1.0,0.0,3.0,13.0,4.0,0.0,0.0,0.0,0.0,0.0,0.0,0.0,0.0,0.0,0.0,0.0,0.0,0.0,133
37.0,5.0,0.0,3.0,2.0,2.0,2.0,2.0,3.0,12.0,3.0,0.0,0.0,0.0,0.0,0.0,0.0,0.0,0.0,0.0,0.0,0.0,0.0,0.0,136
34.0,1.0,0.0,1.0,0.0,3.0,2.0,2.0,5.0,15.0,6.0,0.0,0.0,0.0,0.0,0.0,0.0,0.0,0.0,0.0,0.0,0.0,0.0,0.0,125
29.0,2.0,2.0,1.0,1.0,2.0,2.0,0.0,3.0,7.0,4.0,1.0,0.0,0.0,0.0,0.0,0.0,0.0,0.0,0.0,0.0,0.0,0.0,0.0,115
27.0,2.0,0.0,3.0,3.0,1.0,0.0,0.0,2.0,7.0,2.0,0.0,0.0,0.0,0.0,0.0,0.0,0.0,0.0,0.0,0.0,0.0,0.0,0.0,90
22.0,3.0,1.0,2.0,0.0,0.0,1.0,3.0,4.0,8.0,4.0,0.0,0.0,0.0,0.0,0.0,0.0,0.0,0.0,0.0,0.0,0.0,0.0,0.0,98
22.0,6.0,3.0,1.0,4.0,0.0,0.0,1.0,2.0,10.0,4.0,0.0,0.0,0.0,0.0,0.0,0.0,0.0,0.0,0.0,0.0,0.0,0.0,0.0,107
15.0,4.0,2.0,1.0,1.0,0.0,0.0,1.0,4.0,9.0,4.0,0.0,0.0,0.0,0.0,0.0,0.0,0.0,0.0,0.0,0.0,0.0,0.0,0.0,79
20.0,1.0,0.0,1.0,0.0,3.0,1.0,2.0,4.0,11.0,0.0,0.0,0.0,0.0,0.0,0.0,0.0,0.0,0.0,0.0,0.0,0.0,0.0,0.0,97
26.0,1.0,2.0,0.0,1.0,1.0,0.0,1.0,4.0,6.0,2.0,0.0,0.0,0.0,0.0,0.0,0.0,0.0,0.0,0.0,0.0,0.0,0.0,0.0,81
17.0,0.0,0.0,0.0,0.0,1.0,1.0,0.0,1.0,3.0,1.0,0.0,0.0,0.0,0.0,0.0,0.0,0.0,0.0,0.0,0.0,0.0,0.0,0.0,41
32.0,4.0,1.0,0.0,2.0,2.0,1.0,0.0,3.0,7.0,1.0,0.0,0.0,0.0,0.0,0.0,0.0,0.0,0.0,0.0,0.0,0.0,0.0,0.0,93
9.0,0.0,0.0,1.0,0.0,0.0,1.0,0.0,1.0,2.0,0.0,0.0,0.0,0.0,0.0,0.0,0.0,0.0,0.0,0.0,0.0,0.0,0.0,0.0,25
27.0,2.0,0.0,3.0,1.0,2.0,3.0,2.0,2.0,5.0,2.0,0.0,0.0,0.0,0.0,0.0,0.0,0.0,0.0,0.0,0.0,0.0,0.0,0.0,87
15.0,1.0,1.0,0.0,0.0,1.0,1.0,2.0,0.0,1.0,1.0,0.0,0.0,0.0,0.0,0.0,0.0,0.0,0.0,0.0,0.0,0.0,0.0,0.0,38
8.0,1.0,1.0,2.0,2.0,0.0,0.0,1.0,2.0,1.0,2.0,0.0,0.0,0.0,0.0,0.0,0.0,0.0,0.0,0.0,0.0,0.0,0.0,0.0,28
50.0,5.0,2.0,2.0,2.0,2.0,2.0,2.0,3.0,14.0,2.0,1.0,0.0,0.0,0.0,0.0,0.0,0.0,0.0,0.0,0.0,0.0,0.0,0.0,161
64.0,4.0,5.0,2.0,1.0,5.0,1.0,3.0,5.0,22.0,4.0,0.0,0.0,0.0,0.0,0.0,0.0,0.0,0.0,0.0,0.0,0.0,0.0,0.0,209
57.0,5.0,5.0,3.0,1.0,0.0,0.0,2.0,5.0,24.0,6.0,0.0,0.0,0.0,0.0,0.0,0.0,0.0,0.0,0.0,0.0,0.0,0.0,0.0,178
69.0,0.0,3.0,2.0,3.0,1.0,1.0,4.0,5.0,28.0,2.0,0.0,0.0,0.0,0.0,0.0,0.0,0.0,0.0,0.0,0.0,0.0,0.0,0.0,208
54.0,1.0,5.0,0.0,4.0,3.0,0.0,1.0,4.0,22.0,4.0,0.0,0.0,0.0,0.0,0.0,0.0,0.0,0.0,0.0,0.0,0.0,0.0,0.0,178
66.0,5.0,3.0,0.0,0.0,3.0,3.0,2.0,1.0,16.0,5.0,0.0,0.0,0.0,0.0,0.0,0.0,0.0,0.0,0.0,0.0,0.0,0.0,0.0,177
47.0,3.0,2.0,0.0,0.0,1.0,0.0,0.0,3.0,11.0,5.0,0.0,0.0,0.0,0.0,0.0,0.0,0.0,0.0,0.0,0.0,0.0,0.0,0.0,135
48.0,4.0,1.0,1.0,0.0,1.0,1.0,2.0,2.0,18.0,5.0,0.0,0.0,0.0,0.0,0.0,0.0,0.0,0.0,0.0,0.0,0.0,0.0,0.0,162
45.0,3.0,5.0,5.0,1.0,0.0,1.0,3.0,1.0,16.0,1.0,0.0,0.0,0.0,0.0,0.0,0.0,0.0,0.0,0.0,0.0,0.0,0.0,0.0,143
42.0,2.0,0.0,3.0,0.0,1.0,4.0,3.0,3.0,9.0,3.0,0.0,0.0,0.0,0.0,0.0,0.0,0.0,0.0,0.0,0.0,0.0,0.0,0.0,135
38.0,2.0,5.0,2.0,0.0,0.0,1.0,2.0,4.0,7.0,0.0,0.0,0.0,0.0,0.0,0.0,0.0,0.0,0.0,0.0,0.0,0.0,0.0,0.0,129
30.0,3.0,1.0,0.0,1.0,0.0,1.0,2.0,2.0,9.0,4.0,1.0,0.0,0.0,0.0,0.0,0.0,0.0,0.0,0.0,0.0,0.0,0.0,0.0,105
40.0,1.0,0.0,1.0,1.0,1.0,2.0,0.0,2.0,14.0,5.0,0.0,0.0,0.0,0.0,0.0,0.0,0.0,0.0,0.0,0.0,0.0,0.0,0.0,136
26.0,2.0,2.0,0.0,1.0,1.0,0.0,1.0,5.0,12.0,3.0,0.0,0.0,0.0,0.0,0.0,0.0,0.0,0.0,0.0,0.0,0.0,0.0,0.0,111
29.0,0.0,1.0,0.0,3.0,1.0,0.0,4.0,4.0,14.0,8.0,0.0,0.0,0.0,0.0,0.0,0.0,0.0,0.0,0.0,0.0,0.0,0.0,0.0,125
29.0,2.0,1.0,1.0,0.0,1.0,0.0,2.0,4.0,3.0,4.0,2.0,0.0,0.0,0.0,0.0,0.0,0.0,0.0,0.0,0.0,0.0,0.0,0.0,102
24.0,1.0,3.0,1.0,2.0,0.0,3.0,1.0,0.0,10.0,3.0,0.0,0.0,0.0,0.0,0.0,0.0,0.0,0.0,0.0,0.0,0.0,0.0,0.0,101
20.0,4.0,2.0,0.0,1.0,1.0,2.0,4.0,3.0,8.0,2.0,0.0,0.0,0.0,0.0,0.0,0.0,0.0,0.0,0.0,0.0,0.0,0.0,0.0,86
22.0,2.0,3.0,1.0,0.0,1.0,2.0,3.0,2.0,10.0,2.0,0.0,0.0,0.0,0.0,0.0,0.0,0.0,0.0,0.0,0.0,0.0,0.0,0.0,98
21.0,1.0,0.0,0.0,1.0,1.0,1.0,1.0,1.0,6.0,3.0,0.0,0.0,0.0,0.0,0.0,0.0,0.0,0.0,0.0,0.0,0.0,0.0,0.0,63
21.0,2.0,1.0,4.0,0.0,0.0,2.0,2.0,3.0,2.0,2.0,0.0,0.0,0.0,0.0,0.0,0.0,0.0,0.0,0.0,0.0,0.0,0.0,0.0,77
14.0,4.0,1.0,1.0,0.0,0.0,0.0,0.0,0.0,5.0,0.0,0.0,0.0,0.0,0.0,0.0,0.0,0.0,0.0,0.0,0.0,0.0,0.0,0.0,50
25.0,1.0,2.0,1.0,1.0,1.0,3.0,1.0,2.0,3.0,1.0,0.0,0.0,0.0,0.0,0.0,0.0,0.0,0.0,0.0,0.0,0.0,0.0,0.0,79
19.0,4.0,3.0,3.0,2.0,2.0,2.0,1.0,4.0,5.0,1.0,0.0,0.0,0.0,0.0,0.0,0.0,0.0,0.0,0.0,0.0,0.0,0.0,0.0,77
27.0,1.0,0.0,2.0,0.0,0.0,0.0,3.0,0.0,5.0,0.0,1.0,0.0,0.0,0.0,0.0,0.0,0.0,0.0,0.0,0.0,0.0,0.0,0.0,84
71.0,5.0,5.0,4.0,3.0,5.0,2.0,1.0,4.0,24.0,5.0,1.0,0.0,0.0,0.0,0.0,0.0,0.0,0.0,0.0,0.0,0.0,0.0,0.0,238
53.0,2.0,3.0,3.0,3.0,2.0,1.0,3.0,1.0,21.0,5.0,0.0,0.0,0.0,0.0,0.0,0.0,0.0,0.0,0.0,0.0,0.0,0.0,0.0,179
58.0,1.0,3.0,4.0,2.0,2.0,1.0,4.0,7.0,14.0,3.0,0.0,0.0,0.0,0.0,0.0,0.0,0.0,0.0,0.0,0.0,0.0,0.0,0.0,178
66.0,1.0,7.0,1.0,2.0,3.0,3.0,1.0,7.0,23.0,3.0,0.0,0.0,0.0,0.0,0.0,0.0,0.0,0.0,0.0,0.0,0.0,0.0,0.0,208
57.0,5.0,4.0,1.0,3.0,0.0,4.0,0.0,5.0,12.0,6.0,0.0,0.0,0.0,0.0,0.0,0.0,0.0,0.0,0.0,0.0,0.0,0.0,0.0,178
58.0,3.0,6.0,3.0,1.0,0.0,1.0,2.0,5.0,15.0,7.0,1.0,0.0,0.0,0.0,0.0,0.0,0.0,0.0,0.0,0.0,0.0,0.0,0.0,179
46.0,3.0,4.0,1.0,4.0,0.0,3.0,2.0,3.0,13.0,2.0,0.0,0.0,0.0,0.0,0.0,0.0,0.0,0.0,0.0,0.0,0.0,0.0,0.0,144
43.0,2.0,3.0,1.0,0.0,2.0,0.0,3.0,5.0,17.0,3.0,0.0,0.0,0.0,0.0,0.0,0.0,0.0,0.0,0.0,0.0,0.0,0.0,0.0,145
28.0,3.0,1.0,1.0,1.0,4.0,0.0,1.0,1.0,5.0,1.0,1.0,0.0,0.0,0.0,0.0,0.0,0.0,0.0,0.0,0.0,0.0,0.0,0.0,81
54.0,6.0,5.0,3.0,8.0,0.0,2.0,2.0,8.0,14.0,2.0,0.0,0.0,0.0,0.0,0.0,0.0,0.0,0.0,0.0,0.0,0.0,0.0,0.0,194
18.0,0.0,1.0,0.0,0.0,1.0,0.0,0.0,2.0,7.0,0.0,0.0,0.0,0.0,0.0,0.0,0.0,0.0,0.0,0.0,0.0,0.0,0.0,0.0,58
