542.0
538.0
573.0
634.0
420.0
561.0
463.0
601.0
421.0
542.0
661.0
421.0
601.0
389.0
694.0
662.0
379.0
523.0
421.0
605.0
478.0
661.0
668.0
476.0
721.0
482.0
662.0
391.0
692.0
661.0
381.0
642.0
421.0
670.0
714.0
481.0
645.0
498.0
602.0
421.0
481.0
541.0
301.0
482.0
309.0
533.0
541.0
316.0
587.0
421.0
618.0
464.0
662.0
629.0
513.0
662.0
482.0
661.0
662.0
541.0
662.0
524.0
740.0
481.0
684.0
700.0
541.0
666.0
477.0
722.0
637.0
446.0
661.0
421.0
603.0
374.0
648.0
541.0
536.0
728.0
360.0
723.0
420.0
542.0
512.0
390.0
481.0
301.0
