804894112
400
901
3908501
1473876
782538
6955506
69546
2893814
2202534
1302837
4015180
2506
1304776
1808584
2403810
4433249
165105
4028224
339334
1304201
3237731
55123
1302912
3628680
1303121
3159520
1303624
2645141
883249
1153885
863977820
512
864
4243350
871
3260017
4236671
1032137
2709733
968618
4234322
1303908
2847583
482495
1302162
2925150
1304587
2789393
1550149
2504613
1567792
1447117
3385871
1305031
1799385
2679394
1303040
2345517
1304346
2990869
1303601
938
2832280
927243343
1036
4161969
2082572
1273
803612
5962577
3137303
4006808
1303097
2463408
1422832
2403133
1845207
1304651
3066832
250966
2450208
2108610
1302889
3566844
527486
2941534
1818295
2912165
1303548
224701
6826090
3082337
991356658
1727803
2496639
1739927
2077071
5199435
3068
1304176
3179648
2449
4289253
300619
1174073
3575364
1354
4968455
535750
1821584
3535645
2686
4499571
1075414
1523863
4690572
517489
3174764
1198
4522855
2326
806283
1055566709
2820
4749332
848554
158357
6524279
2491591
1304233
3175712
1206
2225420
3542456
31201
3205800
27945
4247274
608274
2227934
5322107
1303259
2268730
714
1011365
1960445
2471923
2360531
930856
4998613
678003
1635637
1305447
1117186987
930
3907522
3439388
3357252
732539
942509
5730616
344691
1173813
5570095
2535436
1799217
2478
3336655
1303212
1088025
3481616
91209
4402352
1198
3443296
1770425
1184857
2809684
1273
1042
3987857
2800274
1797990
930
3838924
1183635724
826
2973533
4091537
1370
2081909
5405959
1149184
3873581
616014
3498874
2271949
1295
3201932
1379
4872259
627639
498
5972766
136885
2884817
1303652
782673
1512770
2051056
2662504
1336
6009371
1300
2621971
1621837
1625
4071702
1656
3129965
323985
1253847593
1154
3906368
599704
3611767
3303360
1263878
4383294
154260
2857851
1302441
3376898
913217
426626
3434166
3665937
1303041
2496709
2026850
3452679
2288747
3806930
2190375
1654607
1620
1302554
3367883
1942
2085984
2670821
473649
5048540
542526
1321764127
1154
5651104
1524
2141215
3995243
238057
5386798
1917
5114059
186133
1225837
4664023
1302177
2778723
3022895
1553
4995280
335760
4211346
2041
2920840
2038088
677
2824261
1977533
1302629
3664796
2282
4742322
1386495886
774
3846722
510806
3920
5106762
2291524
2679276
1830091
1781
4984641
208
4470240
917917
990
1462821
1658
2763433
3336743
1694742
4604252
846710
5165137
769077
1556572
3058760
134783
2176280
1301370
1303108
4308214
683289
4294596
387220
1925019
3683866
1913167
1461664255
2471
1005
5208216
3366001
3683792
1916448
4652837
4018
4126847
1860374
2037867
2703649
1105409
199388
3430841
1303447
3177609
1302832
3117153
477841
1351527
3614399
1146
1567485
1698781
1022917
2435574
1759584
1673005
2491805
990
3025003
1690610
2961969
1531940804
918983
6176386
2909478
662
1820
110
908
3002148
1884786
3903473
796507
2604334
2834579
3239770
1304748
3186197
623780
3918730
4943496
2924197
410373
1077329
2768241
1303539
3165117
1303040
3409675
74058
1304191
3165971
1982
1165149
1495912
1302400
1600586666
1677683
3447579
3402563
1732626
2821276
2806615
2091530
1302681
4530674
2454
2660906
1585519
1146
3001827
1303823
3805946
1302639
3301359
204238
2541990
1892582
1303647
3553433
317077
1966578
3185374
202344
2262664
2817394
1664509524
722
3879124
2252025
1094
2550436
3922997
120885
2788637
2287217
2082239
2147105
2093204
990
3176797
1374281
3349692
3419095
678826
1877644
2712637
1698713
2385073
2368904
51078
3293434
1302554
67172
4244616
429169
2849174
1727417017
1895
6133407
1069056
1221
4215839
4520291
2606
1302681
6055679
82274
593797
1048458
1303737
113649
4094308
67149
3441652
2762058
1504032
1302999
3459825
557402
1303609
2738880
1304135
3088056
3794769
2350
1785243206
1258
5937060
1450407
4881149
103414
4593295
920258
2098564
3264385
1146
2534900
3002161
121273
2777868
1303053
1856971
2744592
3348556
3521764
1186997
3410592
362250
1025316
1900115
2603364
3142719
69220
4936194
130489
1421772
1854791239
1636615
4062863
3835285
359098
1333
5840833
1432637
2887955
2890
1094
4415023
1376
1725991
2730580
448201
4627224
473122
4316305
1834469
1302133
3158749
1042
1555973
1302807
1526
6147838
1200925
2983865
2691600
2711506
1923036021
222
828
5833462
2874
1675755
4656755
920397
4421517
1582
1198026
2415221
1275692
1012305
2619317
2441748
2376553
1304285
2966517
1304547
1662260
1346782
2033850
3906731
676126
3114544
3379228
438708
3535304
1304962
3178914
1302659
2930451
168366
1994470905
2429619
2197761
2016990
5201390
1304065
2720672
4735054
2121
2258335
2803750
1770780
3241481
1401808
105570
3220039
2161632
2856765
1552860
2608685
70186
2030925
3425509
1751044
3279241
1489
2723347
1304177
1729
2056802558
1090
0
0
0
0
0
0
0
0
0
0
0
-2031550711
936360
2313447
1719837
1160649
3367935
187
4392821
1250
3024108
1415892
83928
2715802
1302522
1603631
1303733
1883939
860294
417
53340380
1505
3907151
1608960
2413549
3459065
1146
5848356
2430
2626492
2840651
603448
3825833
944
2818819
1301533
1221009
2909547
397357
2744622
24984
1525959
64530
1573
2699102
2560801
2855580
692438
2800779
1304497
1146
3422240
1121962
111238273
774
3634492
1747392
3909953
990
1461856
335537
1746620
5973068
3814
1510207
3129396
1302039
3847213
3187143
2600987
2244479
1164263
3073156
1729
4325745
1378
2899496
1724849
1094
4600090
1776825
2714538
105570
1146
5181515
575764
176022335
1524
4162526
1460099
3259
5456293
57142
52
2060285
2978936
1170148
1546029
1603238
3432809
993905
1392714
3393071
265613
3289177
1066786
2714633
1949261
73789
3216706
3911790
1324
1480219
1518
2917225
1507003
130037
4744114
1469626
2852933
237326431
420787
3486314
1431
0
602
1300990
4912
276
74
1836146
3446862
2919773
1303449
1283753
313622
932
6790931
666045
4504741
2564
1630768
1685322
1324
1303601
2399352
4062672
2476
1666864
2710422
216
2342167
2482023
751257
4287909
2573
2445571
1745576
2073422
2294701
1042
299500263
1789856
2619243
1602301
4070928
1540948
2501340
2811190
414292
4954391
1028
2280096
1740621
571749
4369569
1838
4272021
1349
1323990
17042
413805
2244085
1491686
3751762
2690668
840
2504800
1517014
3432724
1124933
2762241
359755487
438
1257
5640209
901443
5396570
2975433
1723610
1511760
1608213
2992345
1591732
2228335
1369424
2317255
2883606
1490989
1220
266857
3082375
2741645
1812585
3045717
1387436
1127102
1583172
4296137
27449
1275302
4040083
4517612
37430
2933212
427867929
46287
5396015
805274
3441204
2310786
4063323
1269202
1443641
4584721
2281
4039049
1376
664158
2223241
2883132
2224444
1563
4194089
355495
1597152
3226683
988295
2332460
2471797
2603937
2542036
1593
4961335
1458
3516287
204520
492265461
2968945
1035157
1529636
3037658
1306257
2128399
2852093
3903849
1876340
2735601
1295
1518092
1042
990
2927838
2916971
1440802
523253
4465216
1786
4537186
228023
1216773
4272585
2076746
3383514
4306730
1780725
2117173
1250
7148235
240078
3677110
2257017
1177703
2017533
569875820
1859339
4663845
2666
1840511
5325666
2136616
1559949
3180945
243390
4496404
1614483
3056385
1266218
37760
3039445
2783465
1873877
1303196
3414609
749097
1893902
2979442
526709
888428
4129761
3151606
514362
1302000
3440491
1302682
3941731
13290
1303962
639712312
274
1584884
5303718
284436
2573614
117172
2912555
1285346
1685559
1922779
1126
1140
4625780
1302889
4437151
229644
1156461
3371566
1250
1835744
1304659
1198
5420188
1412
3112495
593512
5073408
2188433
2842936
1303989
1042
2409733
701262415
1491787
4455228
3910258
44940
2318570
3496263
378622
4269361
1354
1121964
4628026
1480
2729330
1787368
1226647
3592587
1302
3982620
738584
2429920
2229900
148535
4464121
168081
1303506
1594131
451716
5872642
1430
3111556
764600323
641287
3267349
105847
4749916
1140166
3412488
455209
2532698
19212
1228167
1198827
1571556
1244649
2729285
5309971
1102
1956164
949336
639574
4377269
2494
4139629
839574
610
2316155
3093585
4071128
1146
2660373
2660428
293912
4942970
288797
3807864
831673547
982
52
48265
6094730
11280
4832757
2666704
4290128
1596040
3389143
1004851
104
4859078
984502
5312962
41179
540433
3642200
156323
3421385
1386917
2671824
4923115
1525092
1229517
1250
4602487
3285242
2012996
2754614
1502
1965473
2345702
209753
4181751
908403412
227183
5401400
482
1909
3908427
1822222
2566656
2600549
1303061
5334641
1194993
2994712
1561
1273
4642005
62820
2992224
1303605
3743965
1350486
467655
2795520
2797351
3197901
1486813
541801
1500218
3624193
1584728
2696875
35658
1957718
2937752
2960857
2419
979162703
826
5198447
1877926
0
1418139
2490527
2665034
1303660
2052765
4585894
464
3230253
1304094
2928259
1412905
3189706
2859765
1455000
1302728
660601
3391994
596069
4583477
1303144
3229497
1625
1302093
1893080
1271277
3680281
4513331
158021
3575148
1049238751
1168653
5436665
1653010
1304243
1895094
1591274
3485636
1159821
2506425
1345605
2876004
1441
1306052
3158513
5490378
1887227
1788897
1625540
2373
3426013
1303780
964801
2469294
1304390
434678
3834127
1145227
2727517
232121
4633665
1303054
1112700917
1102
6151172
604738
1169
4256467
2794975
2539222
462452
8475
3052525
1304332
2541274
747505
2107455
3126480
1263264
1599193
2861100
968
4772043
1303652
1359461
891297
912985
1625127
2624443
4412574
3286
1880686
1169722847
1555827
4982707
4340
0
4058064
3252324
4744420
1528285
1436952
1318623
1102004
2308592
2604614
1163734
2071465
622154
4402497
2755403
783615
3476679
1157926
2078806
4079185
624762
1855775
2448939
578753
6088804
2324774
2982887
1838336
1239954353
1798015
3131848
643126
112
5394199
1087741
1303915
3172878
1362561
3053741
1406
1721240
5301603
570950
3227731
1310
4188094
2094953
46860
3374369
1400
1294974
3137977
4390313
2693362
1273
5693844
1209778
2682877
1445195
78763
1672406
1302906
491493
1308277762
2856152
3010278
679
0
1754431
4322459
1942
6158068
1198
1693222
2078459
340
4586532
78478
3059922
2641085
826457
3778636
1146
2930119
2246
2708013
4599168
1273
1699496
3780433
4862314
2405620
1618076
2096172
331305
1377897621
2768015
1714684
1494893
7034906
1034083
3513887
1796862
2918516
1598545
1988441
1471368
1372
4314433
1452
706405
3124952
1900214
5684652
1198
1673560
2675249
3033003
3065527
1341706
2918460
2251292
1662
2912762
1303938
4359518
2350
1321041
1448171407
826
743297
4109751
1042
1407
3905189
3849324
1126470
3797332
1042
4185819
2904446
4752378
346370
98649
4978320
2679
5516074
464934
2140676
1671442
1146
4782200
1986420
878
3913756
1258543
4622870
1419
52
2897576
1303140
1251253
1516711509
1102
75
5766767
207156
2796321
4380706
1302385
3518708
556682
1400110
2861191
164984
1580228
3425451
2743948
3900118
2937116
2990981
892353
3032196
1282
3854214
1347111
4613199
1471545
1094
3718073
1714418
2985280
2030149
1146
4498347
1634
1588582196
1355
6041203
2592
2604284
3828072
1204
4694529
1354
4399263
2480
247305
5403893
524458
2383325
2498025
2463149
4543284
3369
5398753
1495659
1854954
4236994
8090
4874595
1364119
95878
3902357
3604276
1304745
475
5322425
1665146356
1050
610
4743822
1006770
2603038
3418827
1302206
3433841
1172477
1783968
3212303
3261966
2408804
380690
4746641
1905571
1301960
3615797
1375863
3181809
251973
1216921
3646254
1169173
478360
2705485
351525
3202085
3298175
3721890
796137
2386464
1862542
1302624
4869715
2171506
1684327
1745277502
274
288513
5604369
318
1594
3906323
1651567
4712059
669921
991810
3522674
1425291
1309903
3247827
2508169
2077331
56909
2741072
1250
1410302
2614252
2957061
1429557
967
3134189
1303365
1528450
709036
1146
4230440
1997809
2997193
1805540078
326
3224563
2555909
3741616
1132734
1801290
4145715
186862
4833332
1302
4467659
2404
1073656
3424222
2026
4703286
156
3490058
2002086
742616
4161470
1169
1158433
3438055
2222
4070806
2533770
1901163
1675573
142357
4217025
1727546
1460439
1875610901
2361223
1546278
1064
1302116
1302871
6165783
1146
1921953
959412
553350
4122012
1303046
1150982
5493030
683363
2808404
543673
3113033
3131377
2832460
2044296
1094
4978759
920542
1065
4012287
631457
5276051
1865549
3125602
182104
863
3472475
964598
3204388
2040907
1950051810
274
1059081
3557047
518096
3854018
3267731
176989
5462533
1020
1511911
614116
2791040
2291708
470527
1210423
4192198
1633
4031069
1438464
2568876
1634993
1199201
3076320
2809700
3470480
1354976
1068976
4183620
1162845
1405374
2769137
1695753
3890301
1528623
1327041
2136017
1302940
2039075
4266517
2031811173
722
3728407
305673
1170
1600617
1277033
1852908
4669687
573737
3751012
2216184
1623341
2005904
464094
1577412
3162088
1303180
2889803
2035605
1146
3830094
1802573
2131960
1401479
3395439
578662
1302681
3774878
1855292
3953325
1593607
2517
2976594
1081950
1193006
1275385
2604551
1639362
2103317227
296643
4609649
2276
3197034
1493429
6169782
192392
1616076
3481323
1907
1659750
3110465
1925893
3447727
5205
2555967
1817813
1243
3971435
935307
5008506
1663188
1094
5416810
3814
1304399
3809833
250586
5348620
409951
3011098
243698
959959
2712884
2339896
4539983
2181652747
975
4455825
558596
233854
4666949
944018
2115975
4552083
536942
4760917
1526
2865008
1765388
375917
5053938
254738
4525863
424604
1094
5743310
1854
4137793
2130074
2492652
1234344
1504003
4811759
1100106
3017431
2406044
1501
4313146
43277
1892625
2256998256
774
3908650
1759855
2962
1589015
5151747
1326
2315236
2587428
1156897
4684379
170429
410860
4510257
3192888
2132882
1355
4297396
299524
2618665
2774203
227857
1793992
2064813
815097
2165501
1735121
3129326
234114
3557652
1302832
1582385
1143887
850586
2322956105
2175507
3039099
2968
52
2471354
3659660
1303662
1941781
2493952
463693
2632190
3399806
4283066
1569220
2070339
1485002
1304594
3644318
1306814
3443312
1065668
473140
3712501
107290
2497001
1012
1303150
3609443
1496499
3422061
136513
3642852
1217608
332880
3799112
1543521
3166655
1677687
1303675
2868434
2403024044
224
0
550
3909738
4187785
480731
422417
5862296
1763080
3782752
1146
3525680
2010258
2941
5223189
1993
3786127
1369810
2460940
3120477
78071
3714623
755145
253784
5760061
214293
3842804
1546921
1775768
3283565
2365908
4339219
171226
2024947
1646341
1912920
2819957
473166
2482077001
826
4062432
1019450
2843
4508295
1757985
4104404
2586
3114467
1945991
1583816
3591166
1770729
1626773
1657761
1302785
1376917
3202727
2693893
511786
3543531
1204102
2084444
2300706
1302897
3132605
1429
575
3015335
2054363
3038652
640763
2545536094
848
4266991
2204
0
647
412360
3480749
3212503
2633116
219954
2477660
949901
2695815
3984404
210454
3146017
2139810
2798952
1367940
878
3087305
2328082
553244
1719362
4223717
2235272
1359033
4587136
1627339
2541980
986162
1607133
3255144
2449472
3293018
564961
2617896108
2180927
3327723
2898
758884
3962523
1305979
3317370
1629716
2475220
131698
1702216
2810850
1052
1716961
4653799
10265
3812403
1302401
3942586
667312
2722308
2240067
1301738
1302218
2988644
1923647
2752126
1812887
2377449
1720619
2951844
489649
3571609
1818695
1303040
2067228
2435109
3904618
1482458
1520491
3700073
1302884
2041136
1146771
2603957
2711482277
2598931
2765511
504928
499
2202590
3411529
1427714
2332939
2897385
1526
5105391
47739
1303912
3080776
1785
2885881
1964500
1641764
3141380
251484
2762187
2944861
1303709
4735935
375529
967
1476716
3854028
2742768
1305997
2467956
3109336
633349
3886462
2782115098
826
3908319
75
610
1542
4163291
2596710
1303253
2560416
2369477
1166094
1477411
2424776
1879393
2677171
2195909
1509467
1302629
2593839
186070
794257
1198814
1959342
1707181
3577392
2538939
106960
3945576
2148087
2002700
2175080
1099550
3519030
2844834662
222
880
3861219
2655334
1405837
3185556
1827033
2558684
836321
2729153
2112724
45159
2754663
1156961
3280339
454210
1743865
2605060
1651640
1450429
598209
2539711
2620957
1732373
3165838
1303081
1077522
2523892
1302629
3372536
62133
1679636
3420674
1334661
1866320
1356021
2911106196
774
3911119
1640273
1624402
988120
1230245
3792829
502369
4882367
399055
2136744
2956997
530857
3500587
520621
990
1515905
2721216
3261328
1146
2479716
1915491
1434138
1620827
1139967
2780089
1765701
172284
3429024
655921
4494042
281390
2605659
1578366
1094
2977750507
533
685
622764
4027679
2586430
3558937
520525
4483996
219146
1592548
3950480
1354
2775583
1794312
2065524
3776785
1301824
1855584
2488825
1589946
321530
3543130
3425783
1079240
1839626
3061135
1456844
2078483
1635057
2776068
2447260
21161
3538975
2565733
3047237712
599919
4268435
1695
2287
4190917
426801
4385532
2010
2468816
2893546
1812599
2894181
1707302
976412
3263735
3566289
1518839
634149
3672488
2500291
2178812
1715408
2607248
1574731
2727485
2240949
1478765
1032142
1885102
1303343
4226139
1305867
3160651
1463024
170805
3118828293
1206
5036300
872511
1459
4847438
2404539
1161273
2751972
1645905
2045980
1527310
3775550
1686769
2908
2107891
2775690
1410750
3657297
1304028
3006625
1204789
2796145
1606469
1383369
1930344
1337629
2390715
1100698
2604148
1921192
3632420
3059
3186023926
1430
343288
5122048
1419553
2582874
573
1848270
4455177
893667
1198
1552822
2604523
2103569
2215612
516767
2791793
1663706
1348782
2881117
52
1891805
2700855
269674
3345735
276774
3644831
1302793
2579888
2414288
61461
3348249
1425571
1324
3090999
1303636
3749532
1436637
612068
4288165
3259439816
222
2150988
455708
278
1707133
1096070
3227646
2991413
1538703
4425552
2827
3302419
20.510155880963627
12.919375577170744
166
