0.535714285714,75.0
0.761029411765,207.0
0.711111111111,160.0
-0.031746031746,-2.0
0.762773722628,209.0
0.58064516129,90.0
0.409090909091,45.0
0.778911564626,229.0
0.444444444444,52.0
0.728033472803,174.0
0.624277456647,108.0
0.624277456647,108.0
0.525547445255,72.0
0.721030042918,168.0
0.779661016949,230.0
0.569536423841,86.0
0.22619047619,19.0
0.277777777778,25.0
0.269662921348,24.0
0.733606557377,179.0
0.656084656085,124.0
0.785478547855,238.0
0.315789473684,30.0
0.742063492063,187.0
0.744094488189,189.0
0.657894736842,125.0
0.713656387665,162.0
0.375,39.0
0.825268817204,307.0
0.814285714286,285.0
0.707207207207,157.0
0.269662921348,24.0
-0.015625,-1.0
0.826203208556,309.0
0.277777777778,25.0
0.796238244514,254.0
0.63687150838,114.0
0.713656387665,162.0
0.0625,7.0
0.472361809045,94.0
0.0789473684211,9.0
0.239130434783,33.0
0.472361809045,94.0
0.339622641509,54.0
0.192307692308,25.0
0.192307692308,25.0
0.524886877828,116.0
0.0366972477064,4.0
0.441489361702,83.0
0.53125,119.0
0.16,20.0
0.567901234568,138.0
0.635416666667,183.0
0.632867132867,181.0
0.0540540540541,6.0
0.0789473684211,9.0
0.117647058824,14.0
0.153225806452,19.0
0.117647058824,14.0
0.125,15.0
0.125,15.0
0.955357142857,107.0
0.964285714286,135.0
0.974874371859,194.0
0.981617647059,267.0
0.936708860759,74.0
0.977777777778,220.0
0.981751824818,269.0
0.956140350877,109.0
0.967741935484,150.0
0.954545454545,105.0
0.974874371859,194.0
0.932432432432,69.0
0.982993197279,289.0
0.957264957265,112.0
0.950495049505,96.0
0.979079497908,234.0
0.971098265896,168.0
0.961538461538,125.0
0.971098265896,168.0
0.961538461538,125.0
0.978540772532,228.0
0.915254237288,54.0
0.983050847458,290.0
0.966887417219,146.0
0.940476190476,79.0
0.973404255319,183.0
0.944444444444,85.0
0.977678571429,219.0
0.943820224719,84.0
0.96,120.0
0.979508196721,239.0
0.973544973545,184.0
0.983498349835,298.0
0.949494949495,94.0
0.909090909091,50.0
0.979423868313,238.0
0.980158730159,247.0
0.98031496063,249.0
0.973684210526,185.0
0.977973568282,222.0
0.951923076923,99.0
0.982638888889,283.0
0.848484848485,28.0
0.982517482517,281.0
0.852941176471,29.0
0.954954954955,106.0
0.986559139785,367.0
0.985714285714,345.0
0.910714285714,51.0
0.977477477477,217.0
0.956140350877,109.0
0.915254237288,54.0
0.957983193277,114.0
0.910714285714,51.0
0.986376021798,362.0
0.986631016043,369.0
0.905660377358,48.0
0.959677419355,119.0
0.957983193277,114.0
0.984326018809,314.0
0.958333333333,115.0
0.972067039106,174.0
0.977973568282,222.0
0.958333333333,115.0
