V1
93.23860074762712
95.93979456915928
97.04109959543487
97.60874848955133
97.94529459031962
98.17777865120534
98.40101079305013
98.57810664297966
98.72984092300003
98.81475036208694
98.88493461349384
98.95501852935215
99.02976175081932
99.06987982281184
99.1010011209024
99.13993572212799
99.17490878347623
99.20247819688585
99.22196455259581
99.24803789618875
99.27883019318452
99.30748266103316
99.34236541954246
99.36330784177318
99.37646932859678
99.40098298562539
99.42227100190662
99.43926408555772
99.45626770019531
99.47055873164425
99.48030587901239
99.48600470053184
99.49235197313789
99.49830473312224
99.50367528279622
99.50829446195353
99.5154105344433
99.5260887531319
99.53801711724729
99.5429027865392
99.54598552048809
99.55720191087552
99.56877149161646
99.57385736779321
99.58033515311577
99.58962981869476
99.59651744608976
99.60902610042979
99.62058335907605
99.6297806095956
99.63657587628032
99.63968703326057
99.64576762431376
99.6584088600288
99.65971704256737
99.66098290520745
99.66220578280362
99.66558718519146
99.67070521140585
99.67744417888362
99.68349221311969
99.6849116889798
99.68495262993707
99.6858466288765
99.6859938173878
99.68800003051757
99.69227698235096
99.69816363299334
99.69963455200195
99.70326448691011
99.70686640883937
99.70759992151453
99.70788299250724
99.70631256103516
99.70722930599945
99.70825005857736
99.70922890094796
99.71062928803113
99.71070646035551
99.71018172283561
99.71003411740674
99.71149099195326
99.71455464218602
99.71615615844726
99.71888293641986
99.7190444946289
99.71943387118253
99.72064037712254
99.72227416167388
