0.147727272727,13.0
0.581005586592,104.0
0.641148325359,134.0
0.78323699422,271.0
0.755700325733,232.0
0.36974789916,44.0
0.0506329113924,4.0
0.780058651026,266.0
0.713740458015,187.0
0.36974789916,44.0
0.749163879599,224.0
0.36974789916,44.0
0.581005586592,104.0
0.0384615384615,3.0
0.4140625,53.0
0.711538461538,185.0
0.686192468619,164.0
0.0384615384615,3.0
0.791666666667,285.0
0.0,0.0
0.790502793296,283.0
0.375,45.0
0.364406779661,43.0
0.264705882353,27.0
0.6875,165.0
0.738041002278,324.0
0.652567975831,216.0
0.454976303318,96.0
0.679665738162,244.0
0.0944881889764,12.0
0.0336134453782,4.0
0.617940199336,186.0
0.680555555556,245.0
0.597902097902,171.0
0.00862068965517,1.0
-0.00877192982456,-1.0
0.0416666666667,5.0
0.166666666667,23.0
0.267515923567,42.0
0.726840855107,306.0
0.108527131783,14.0
0.0416666666667,5.0
0.0416666666667,5.0
0.0416666666667,5.0
0.0336134453782,4.0
0.0416666666667,5.0
0.361111111111,65.0
0.520833333333,125.0
0.522821576763,126.0
0.0416666666667,5.0
0.587813620072,164.0
0.616666666667,185.0
0.680555555556,245.0
0.0336134453782,4.0
-0.0267857142857,-3.0
-0.0176991150442,-2.0
0.0336134453782,4.0
0.0336134453782,4.0
0.0254237288136,3.0
0.0336134453782,4.0
0.0336134453782,4.0
0.0416666666667,5.0
0.364640883978,66.0
0.154411764706,21.0
