V1,V2,V3,V4
37.619273675871746,1.527815119760479,1.292798741976012,170.0
46.61930037381356,1.4872899353647275,1.43229915579411,173.0
47.96989728457964,1.274222368122017,1.4532334079109843,203.0
48.520549797717436,1.5594348422496571,1.4617685218646201,164.0
48.804374244775666,1.4178181416487816,1.4661678007940226,181.0
48.97264729515981,2.129177391554151,1.468776033074977,120.0
49.08888932560267,1.4107394899633885,1.4705777845468413,181.0
49.20050539652507,1.6665543999999999,1.4723078336461386,152.0
49.28905332148983,1.2682855007859002,1.4736803264830924,200.0
49.36492046150001,1.6805388056975894,1.4748562671532501,151.0
49.40737518104347,1.6762820489408328,1.4755143153061738,150.0
49.44246730674692,1.6833965014577257,1.4760582432545772,150.0
49.47750926467607,1.5520039159843364,1.476601393602479,162.0
49.51488087540966,1.3920247055443837,1.4771806535688499,180.0
49.53493991140592,2.0811129704108016,1.4774915686267918,120.0
49.5505005604512,1.6571266435354273,1.4777327586869937,150.0
49.569967861063994,1.4305638658048632,1.478034501846492,174.0
49.58745439173811,1.3795731111749496,1.4783055430719407,180.0
49.601239098442925,2.460149678604224,1.4785192060258652,101.0
49.610982276297904,1.6435251552227903,1.4786702252826176,150.0
49.624018948094374,1.6533906705539356,1.4788722936954628,150.0
49.63941509659226,1.6366999634769905,1.47911093399718,150.0
49.65374133051658,1.6444023323615158,1.479332990623007,150.0
49.67118270977123,1.6294663531775015,1.479603332001454,150.0
49.68165392088659,2.3370868130832307,1.479765635773742,105.0
49.68823466429839,1.6243611212563915,1.479867637296625,150.0
49.700491492812695,1.6218013148283417,1.4800576181385967,150.0
49.71113550095331,1.6294023323615159,1.4802226002647765,150.0
49.71963204277886,2.413695133149679,1.4803542966630725,101.0
49.728133850097656,1.5909432,1.4804860746765136,152.0
49.73527936582212,2.206134259259259,1.480596830170243,110.0
49.740152939506196,2.0685913043478257,1.480672370562346,117.0
49.74300235026592,1.6073082085463841,1.4807165364291217,150.0
49.74617598656894,1.6118425655976676,1.4807657277918187,150.0
49.74915236656112,2.390149678604224,1.4808118616816972,101.0
49.75183764139811,1.5753976,1.4808534834416707,152.0
49.75414723097676,2.3818962350780533,1.4808892820801398,101.0
49.75770526722165,1.4458771500621024,1.4809444316419356,165.0
49.76304437656595,2.3723636363636365,1.4810271878367722,101.0
49.769008558623646,1.5977142857142856,1.4811196326586664,150.0
49.7714513932696,1.4587412908452606,1.4811574965956789,163.0
49.772992760244044,2.3615775941230486,1.4811813877837827,101.0
49.77860095543776,1.4018330166015276,1.4812683148092853,170.0
49.78438574580823,1.9812332663027867,1.4813579790600275,120.0
49.786928683896605,1.474135394968755,1.4813973946003973,161.0
49.790167576557884,1.5762712746530314,1.4814475974366472,151.0
49.79481490934738,2.355156106519743,1.4815196310948844,100.0
49.79825872304488,1.5844169096209912,1.4815730102071956,150.0
49.804513050214894,1.1810020356102966,1.481669952278331,200.0
49.810291679538025,2.370844023323615,1.4817595210328394,100.0
49.8148903047978,1.1787634569300935,1.4818307997243658,201.0
49.81828793814016,1.3482668672255271,1.4818834630411724,174.0
49.819843516630286,1.9471675729115174,1.4819075745077694,121.0
49.82288381215688,0.7823882966581446,1.4819546990884316,301.0
49.8292044300144,1.9599406779661017,1.4820526686652231,120.0
49.82985852128368,1.9599180551565645,1.4820628070798971,120.0
49.830491452603724,1.5605241508400294,1.4820726175153576,151.0
49.83110289140181,2.3322598714416896,1.482082094816728,100.0
49.83279359259573,1.5698688046647231,1.4821083006852338,150.0
49.83535260570292,2.3573112244897962,1.4821479653883953,99.0
49.83872208944181,0.9373118679357525,1.482200192386348,251.0
49.841746106559846,1.4213792866941017,1.4822470646516777,164.0
49.8424558444899,2.3470845481049563,1.4822580655895934,100.0
49.842476314968536,2.324617079889807,1.4822583828820122,101.0
49.84292331443825,1.167252389909557,1.482265311373793,200.0
49.8429969086939,2.3438374635568517,1.4822664520847555,99.0
49.844000015258786,2.2950836999999997,1.4822820002365111,102.0
49.84613849117548,0.9520537525180353,1.48231514661322,245.0
49.84908181649667,4.244290123456791,1.4823607681556985,55.0
49.84981727600098,2.33740889212828,1.4823721677780153,100.0
49.85163224345506,1.1559432966023875,1.4824002997735533,201.0
49.85343320441969,2.307435261707989,1.4824282146685053,101.0
49.853799960757264,1.5318582946714112,1.4824338993917376,151.0
49.85394149625362,1.1570140173671057,1.482436093191931,200.0
49.85315628051758,1.4676600624349634,1.4824239223480224,158.0
49.853614652999724,2.2889742883379243,1.4824310271214958,100.0
49.85412502928868,1.5191538669429305,1.4824389379539746,151.0
49.85461445047398,2.278766758494031,1.4824465239823468,101.0
49.855314644015564,2.2968957725947523,1.4824573769822411,99.0
49.855353230177755,2.270526170798898,1.4824579750677551,101.0
49.85509086141781,4.583492711370263,1.4824539083519759,50.0
49.85501705870337,2.289896501457726,1.4824527644099021,99.0
49.85574549597663,1.5187878013148282,1.4824640551876378,151.0
49.85727732109301,3.3980661157024796,1.4824877984769416,67.0
49.85807807922363,2.2377222000000003,1.4825002102279663,102.0
49.85944146820993,2.2565133149678602,1.482521342757254,100.0
49.85952224731445,1.4871976,1.482522594833374,153.0
49.859716935591265,2.2482341597796145,1.4825256125016646,100.0
49.86032018856127,2.267291545189505,1.4825349629226996,100.0
49.86113708083694,1.4970265704894081,1.4825476247529725,150.0
