v1,V2,v3,V4
48.611469393840856,1.3455416842105263,0.7575332041759618,190.0
78.66896005660769,1.1552222222222222,1.2231239073324456,219.0
81.11161800910686,1.6686527586206896,1.2633481825894322,150.0
49.22586694225188,1.5307141227380017,0.7675796472823235,164.0
51.088130811981806,1.571390267415542,0.796566027585718,158.0
48.82941156121629,1.1799149253731342,0.7603867249699967,210.0
76.1468711736548,1.6559381679389311,1.1856940604435577,150.0
83.4534390558962,1.6185231341673858,1.299345518481145,152.0
79.71940498708564,1.6626454281384189,1.2422834875802014,148.0
56.43132629848662,1.2393049242424243,0.8789099623884473,198.0
51.68895621399779,1.63296,0.8061417583799029,150.0
83.92071740404307,1.4407670757511637,1.3058768751583512,170.0
84.04904872615163,2.455036585365854,1.3114151333041306,99.0
65.39580668472662,1.5372476308839522,1.0194049223124497,157.0
49.64886650624482,1.9894553359683795,0.7757287351946209,121.0
82.66416465579056,1.5741667438628992,1.2868827411411317,153.0
81.78880816434337,1.9564765810489964,1.2740070575207734,123.0
48.02131004717158,1.3136871113623516,0.7484090413633433,183.0
79.49892850875854,2.0324494067796612,1.2393303918857574,118.0
80.5253249771741,1.9244550691244238,1.2553843738808923,124.0
81.81690419803967,1.946809146795827,1.2762267877968876,122.0
79.61979671100994,1.9633273998728547,1.2419057501195552,121.0
79.50982321354381,1.556763157894737,1.2386276984064202,152.0
77.24418032610858,1.9394908925318763,1.2060465234497446,122.0
47.1349324724891,1.9652659090909093,0.7370432715053992,120.0
48.42742988139908,1.3094659848821697,0.7547274753004141,182.0
48.48149362518674,2.1765522935779815,0.7582221988094421,109.0
49.454491773209014,1.4556237373737375,0.7711530640431813,162.0
47.36725974704908,1.9675767391304348,0.7403638304270869,120.0
49.02784268959709,1.937497879985627,0.766102866036581,121.0
49.52565561338913,1.3114276162790697,0.7717738247982291,180.0
50.11682250170872,1.9450644058136224,0.782928852224761,121.0
83.04674972020663,1.8991948874296434,1.294048659124741,123.0
80.3050377574188,1.2678591275554276,1.2494280852399913,184.0
82.44554527600606,3.8175461065573773,1.2926913684447607,61.0
78.66163799144604,1.3141176029962547,1.2245124259044504,178.0
78.53626120717902,2.3077730588848357,1.2266502066060117,101.0
64.69650980534445,1.4059099236641222,1.0082134592347474,165.0
48.80415346605558,1.5647773811223762,0.7614977120571949,149.0
70.68057526257022,1.456533922119631,1.1005822499031717,159.0
83.53829025203346,1.5550913784202374,1.3009093108723306,149.0
83.68487227757772,1.5303471854304638,1.3030296869691214,151.0
75.54190418540045,0.9226540581858612,1.1750256776644046,251.0
85.44167507125671,2.245273131360393,1.3328965660141174,103.0
81.33257004310344,1.53636,1.2667729391163793,150.0
78.89095650778876,2.2592843137254905,1.2326667703151704,102.0
77.725087975556,1.533051509433962,1.211434146639986,150.0
54.75814304795376,2.330881606765328,0.8570035428246786,99.0
47.65974929948516,1.4543446223488976,0.74342611414202,158.0
46.32073676137246,0.9343653891213389,0.7209408758682186,250.0
49.50858529408773,1.5270285596026492,0.772311544280582,151.0
44.742399210782395,2.285060222517097,0.700823682612488,101.0
70.8803999857469,2.352245867768595,1.1067109725063498,99.0
80.45067367070838,1.1532975319636154,1.2514772140478787,199.0
79.98529634475707,2.268015594059406,1.2486433433437347,101.0
73.03858159383138,2.3385964285714285,1.1439263480377198,98.0
69.32617650103214,2.299941940298507,1.0851482730794308,100.0
49.21913241325541,2.287563510638298,0.7704465524054587,100.0
46.569523563667346,1.1453134736842105,0.7255628783947387,200.0
49.26111385445846,2.2856068421052633,0.7710177910598955,100.0
79.85613611340523,1.52163375,1.243314641007781,150.0
78.30617768189003,1.5182022413793101,1.2198638575175713,150.0
79.19941804764119,1.8528636205092432,1.2351409797384385,122.0
81.71252220217922,1.500265290222049,1.2725079596799962,151.0
77.22744927477481,2.278732700135685,1.2076180010724422,99.0
74.22875219491812,2.2961769230769233,1.1614641205596925,98.0
76.3702861240932,2.305628865979381,1.195004514288524,97.0
79.41534032048406,4.467994054054054,1.2501188560485839,50.0
47.732331956370494,2.2347374157303372,0.7478253026271134,100.0
44.532896358833135,2.0234420308158625,0.6968926038422874,111.0
48.00424010020036,2.067351446718419,0.750889760014644,109.0
46.67049900442362,2.2212243193069305,0.7307854429018993,101.0
46.498220935463905,1.49601375,0.7256508967219127,150.0
51.92716860018278,2.238191052631579,0.8123416396186226,100.0
82.1702941525884,1.4795188235294117,1.2796034249113386,150.0
83.17385458334898,2.22911655011655,1.2982934639906272,99.0
82.58634767078217,4.40418,1.2969860079447428,50.0
81.91747216333317,2.2113717721518986,1.2787043628354615,100.0
79.63109107756279,2.1891626120358514,1.2442776863501106,99.0
