48.89025163650513,1.3455416842105263
78.66896005660769,1.1552222222222222
81.11161800910686,1.6686527586206896
49.22586694225188,1.5307141227380017
51.088130811981806,1.571390267415542
48.82941156121629,1.1799149253731342
76.1468711736548,1.6559381679389311
83.4534390558962,1.6185231341673858
79.71940498708564,1.6626454281384189
56.43132629848662,1.2393049242424243
51.68895621399779,1.63296
83.92071740404307,1.4407670757511637
84.04904872615163,2.455036585365854
65.39580668472662,1.5372476308839522
49.64886650624482,1.9894553359683795
82.66416465579056,1.5741667438628992
81.78880816434337,1.9564765810489964
48.02131004717158,1.3136871113623516
79.49892850875854,2.0324494067796612
80.5253249771741,1.9244550691244238
81.81690419803967,1.946809146795827
79.61979671100994,1.9633273998728547
79.50982321354381,1.556763157894737
77.24418032610858,1.9394908925318763
47.1349324724891,1.9652659090909093
48.42742988139908,1.3094659848821697
48.48149362518674,2.1765522935779815
49.454491773209014,1.4556237373737375
47.36725974704908,1.9675767391304348
49.02784268959709,1.937497879985627
49.52565561338913,1.3114276162790697
50.11682250170872,1.9450644058136224
83.04674972020663,1.8991948874296434
80.3050377574188,1.2678591275554276
82.44554527600606,3.8175461065573773
78.66163799144604,1.3141176029962547
78.53626120717902,2.3077730588848357
64.69650980534445,1.4059099236641222
48.80415346605558,1.5647773811223762
70.68057526257022,1.456533922119631
83.53829025203346,1.5550913784202374
83.68487227757772,1.5303471854304638
75.54190418540045,0.9226540581858612
85.44167507125671,2.245273131360393
81.33257004310344,1.53636
78.89095650778876,2.2592843137254905
77.725087975556,1.533051509433962
54.75814304795376,2.330881606765328
47.65974929948516,1.4543446223488976
46.32073676137246,0.9343653891213389
49.50858529408773,1.5270285596026492
44.742399210782395,2.285060222517097
70.8803999857469,2.352245867768595
80.45067367070838,1.1532975319636154
79.98529634475707,2.268015594059406
73.03858159383138,2.3385964285714285
69.32617650103214,2.299941940298507
49.21913241325541,2.287563510638298
46.569523563667346,1.1453134736842105
49.26111385445846,2.2856068421052633
79.85613611340523,1.52163375
78.30617768189003,1.5182022413793101
79.19941804764119,1.8528636205092432
81.71252220217922,1.500265290222049
77.22744927477481,2.278732700135685
74.22875219491812,2.2961769230769233
76.3702861240932,2.305628865979381
79.41534032048406,4.467994054054054
47.732331956370494,2.2347374157303372
44.532896358833135,2.0234420308158625
48.00424010020036,2.067351446718419
46.67049900442362,2.2212243193069305
46.498220935463905,1.49601375
51.92716860018278,2.238191052631579
82.1702941525884,1.4795188235294117
83.17385458334898,2.22911655011655
82.58634767078217,4.40418
81.91747216333317,2.2113717721518986
79.63109107756279,2.1891626120358514
