V1,V2,V3,V4
1,170.0,4049.9226190476193,1527.815119760479
2,173.0,4036.9298245614036,1487.2899353647276
3,203.0,4024.924623115578,1274.222368122017
4,164.0,4009.9753086419755,1559.434842249657
5,181.0,4005.8988764044943,1417.8181416487816
6,120.0,3987.9830508474574,2129.177391554151
7,181.0,3985.8988764044943,1410.7394899633885
8,152.0,3967.9866666666667,1666.5544
9,200.0,3965.9086294416243,1268.2855007859002
10,151.0,3947.9324324324325,1680.5388056975894
11,150.0,3937.9324324324325,1676.2820489408327
12,150.0,3927.925170068027,1683.3965014577257
13,162.0,3916.9622641509436,1552.0039159843363
14,180.0,3910.9265536723165,1392.0247055443838
15,120.0,3897.9576271186443,2081.1129704108016
16,150.0,3892.9324324324325,1657.1266435354273
17,174.0,3882.9590643274855,1430.563865804863
18,180.0,3875.9435028248586,1379.5731111749496
19,101.0,3865.949494949495,2460.149678604224
20,150.0,3860.9797297297296,1643.5251552227903
21,150.0,3857.91156462585,1653.3906705539357
22,150.0,3844.945945945946,1636.6999634769904
23,150.0,3836.938775510204,1644.4023323615158
24,150.0,3827.9527027027025,1629.4663531775016
25,105.0,3820.9514563106795,2337.086813083231
26,150.0,3815.9594594594596,1624.3611212563915
27,150.0,3809.945945945946,1621.8013148283417
28,150.0,3801.938775510204,1629.4023323615158
29,101.0,3792.949494949495,2413.695133149679
30,152.0,3787.96,1590.9432
31,110.0,3781.9444444444443,2206.134259259259
32,117.0,3776.0,2068.591304347826
33,150.0,3775.8986486486488,1607.308208546384
34,150.0,3760.9659863945576,1611.8425655976675
35,101.0,3755.949494949495,2390.149678604224
36,152.0,3750.9466666666667,1575.3976
37,101.0,3742.979797979798,2381.8962350780535
38,165.0,3740.920245398773,1445.8771500621024
39,101.0,3728.0,2372.3636363636365
40,150.0,3728.0,1597.7142857142856
41,163.0,3727.894409937888,1458.7412908452607
42,101.0,3711.050505050505,2361.5775941230486
43,170.0,3715.9700598802397,1401.8330166015276
44,120.0,3710.8813559322034,1981.2332663027867
45,161.0,3697.0379746835442,1474.135394968755
46,151.0,3702.9864864864867,1576.2712746530315
47,100.0,3700.959595959596,2355.156106519743
48,150.0,3696.9727891156463,1584.4169096209912
49,200.0,3692.97461928934,1181.0020356102966
50,100.0,3687.9795918367345,2370.844023323615
51,201.0,3685.97461928934,1178.7634569300935
52,174.0,3680.982558139535,1348.2668672255272
53,121.0,3677.983193277311,1947.1675729115175
54,301.0,3675.983108108108,782.3882966581446
55,120.0,3671.0,1959.9406779661017
56,120.0,3670.9576271186443,1959.9180551565644
57,151.0,3665.9932432432433,1560.5241508400293
58,100.0,3664.979797979798,2332.2598714416895
59,150.0,3663.0272108843537,1569.868804664723
60,99.0,3666.9285714285716,2357.311224489796
61,251.0,3659.979674796748,937.3118679357525
62,164.0,3654.9753086419755,1421.3792866941017
63,100.0,3651.0204081632655,2347.0845481049564
64,101.0,3652.969696969697,2324.617079889807
65,200.0,3649.979695431472,1167.252389909557
66,99.0,3645.969387755102,2343.8374635568516
67,102.0,3642.99,2295.0836999999997
68,245.0,3641.9834024896268,952.0537525180353
69,55.0,3637.962962962963,4244.290123456791
70,100.0,3635.969387755102,2337.40889212828
71,201.0,3632.9646464646466,1155.9432966023876
72,101.0,3625.969696969697,2307.435261707989
73,151.0,3622.9664429530203,1531.8582946714112
74,200.0,3617.964467005076,1157.0140173671057
75,158.0,3610.909677419355,1467.6600624349635
76,100.0,3596.959595959596,2288.9742883379245
77,151.0,3592.9194630872485,1519.1538669429306
78,101.0,3580.919191919192,2278.7667584940314
79,99.0,3572.9489795918366,2296.895772594752
80,101.0,3567.969696969697,2270.526170798898
81,50.0,3564.938775510204,4583.492711370262
82,99.0,3562.061224489796,2289.896501457726
83,151.0,3567.945945945946,1518.7878013148281
84,67.0,3559.878787878788,3398.0661157024797
85,102.0,3551.94,2237.7222
86,100.0,3545.949494949495,2256.5133149678604
87,153.0,3540.9466666666667,1487.1976
88,100.0,3532.939393939394,2248.2341597796144
89,100.0,3526.8979591836733,2267.2915451895046
90,150.0,3516.824324324324,1497.0265704894082
