V1,V2,V3,V4,V5
1,88.0,3.8,2850.0,918235.2941176471
2,222.0,3.8,1118.69158879,871915.8878504672
3,155.0,3.8,1606.7114094,851006.711409396
4,152.0,3.8,1662.5,899375.0
5,159.0,3.8,1870.3125,950625.0
6,160.0,3.8,1978.51239669,980495.867768595
7,160.0,3.8,2156.75675676,964594.5945945946
8,101.0,3.8,3740.625,1000937.5
9,148.0,3.8,2280.0,980666.6666666666
10,179.0,3.8,2137.5,966607.1428571428
11,100.0,3.8,3279.45205479,946712.3287671233
12,148.0,3.8,2347.05882353,984803.9215686275
13,150.0,3.8,2237.38317757,974299.0654205608
14,153.0,3.8,2118.5840708,993893.8053097345
15,100.0,3.8,3861.29032258,1035645.1612903225
16,186.0,3.8,1534.61538462,880000.0
17,121.0,3.8,2063.79310345,845862.0689655172
18,111.0,3.8,2237.38317757,824579.4392523364
19,151.0,3.8,1651.03448276,829172.4137931034
20,150.0,3.8,1651.03448276,881862.0689655172
21,150.0,3.8,1786.56716418,967462.6865671641
22,101.0,3.8,2992.5,996375.0
23,92.0,3.8,3469.56521739,959710.1449275363
24,81.0,3.8,3150.0,924210.5263157894
25,100.0,3.8,2850.0,1010357.1428571428
26,149.0,3.8,2176.36363636,1015909.0909090909
27,100.0,3.8,3573.13432836,1014029.8507462686
28,100.0,3.8,3990.0,991333.3333333334
29,168.0,3.8,2156.75675676,995855.8558558559
30,64.0,3.8,5700.0,989523.8095238095
31,96.0,3.8,3371.83098592,1023802.8169014085
32,114.0,3.8,2216.66666667,874351.8518518518
33,100.0,3.8,2602.17391304,912608.695652174
34,101.0,3.8,2689.88764045,1068202.2471910112
35,150.0,3.8,1841.53846154,1029538.4615384615
36,103.0,3.8,3109.09090909,1038181.8181818182
37,100.0,3.8,3420.0,994714.2857142857
38,152.0,3.8,1215.2284264,1022893.4010152285
39,120.0,3.8,1368.0,1003828.5714285715
40,155.0,3.8,1606.7114094,858590.6040268457
41,122.0,3.8,2046.15384615,903333.3333333334
42,100.0,3.8,2816.47058824,1022470.5882352941
43,149.0,3.8,1915.2,1030400.0
44,99.0,3.8,3069.23076923,967307.6923076923
45,151.0,3.8,2028.81355932,973135.593220339
46,150.0,3.8,1915.2,998400.0
47,149.0,3.8,2100.0,966403.5087719298
48,219.0,3.8,1697.87234043,1037304.964539007
49,121.0,3.8,3235.13513514,967432.4324324324
50,3.0,3.8,79800.0,1013333.3333333334
51,123.0,3.8,2046.15384615,848290.5982905983
52,120.0,3.8,2081.73913043,840173.9130434783
53,150.0,3.8,1628.57142857,849523.8095238095
54,262.0,3.8,502.941176471,906121.5932914047
55,121.0,3.8,2063.79310345,872413.7931034482
56,120.0,3.8,2063.79310345,816120.6896551724
57,61.0,3.8,4127.5862069,825689.6551724138
58,230.0,3.8,1108.33333333,883240.7407407408
59,117.0,3.8,1674.12587413,829440.5594405595
60,50.0,3.8,1734.7826087,885289.8550724637
61,237.0,3.8,748.125,945093.75
62,61.0,3.8,4516.98113208,1074339.6226415094
63,61.0,3.8,4433.33333333,1096296.2962962964
64,181.0,3.8,1477.77777778,1062777.7777777778
65,60.0,3.8,4885.71428571,1129387.7551020407
66,119.0,3.8,2574.19354839,1046344.0860215054
67,123.0,3.8,2850.0,1130833.3333333333
68,122.0,3.8,2660.0,1097888.888888889
69,60.0,3.8,6138.46153846,1149743.5897435897
70,34.0,3.8,10408.6956522,1166086.956521739
71,46.0,3.8,5700.0,1002380.9523809524
72,100.0,3.8,2751.72413793,1087356.3218390804
73,100.0,3.8,2689.88764045,925168.5393258428
74,50.0,3.8,5985.0,1014000.0
75,150.0,3.8,1946.34146341,1075528.4552845529
76,120.0,3.8,2258.49056604,1075094.3396226414
77,61.0,3.8,4603.84615385,1059807.6923076923
78,105.0,3.8,2574.19354839,1071075.2688172043
79,53.0,3.8,5567.44186047,1074651.1627906978
80,104.0,3.8,2630.76923077,1082527.4725274725
81,61.0,3.8,4516.98113208,1053207.5471698113
82,61.0,3.8,4433.33333333,1047592.5925925926
