V1,V2,V3,V4
48.611469393840856,1.37586206897,1.4631777756045332,190.0
78.66896005660769,1.26666666667,1.9290688808774192,219.0
81.11161800910686,2.06379310345,1.9669300791411564,150.0
49.22586694225188,1.54451612903,1.472700937604904,164.0
51.088130811981806,1.58543046358,1.501566027585718,158.0
48.82941156121629,1.19104477612,1.4665558791988524,210.0
76.1468711736548,1.82748091603,1.8899765031916493,150.0
83.4534390558962,1.96229508197,2.003228305366391,152.0
79.71940498708564,2.23738317757,1.9453507772998273,148.0
56.43132629848662,1.425,1.5843855576265424,198.0
51.68895621399779,1.67412587413,1.5108788213169657,150.0
83.92071740404307,1.72230215827,2.0104711197626677,170.0
84.04904872615163,2.91951219512,2.01246025525535,99.0
65.39580668472662,1.94634146341,1.7233350036132626,157.0
49.64886650624482,2.08173913043,1.4792574308467947,121.0
82.66416465579056,1.88503937008,1.9909945521647536,153.0
81.78880816434337,2.1375,1.977426526547322,123.0
48.02131004717158,1.37586206897,1.4540303057311594,183.0
79.49892850875854,2.394,1.9419333918857573,118.0
80.5253249771741,2.44285714286,1.9578425371461985,124.0
81.81690419803967,2.72045454545,1.977862015069615,122.0
79.61979671100994,2.63076923077,1.9438068490206541,121.0
79.50982321354381,2.1,1.9421022598099291,152.0
77.24418032610858,2.95555555556,1.906984795054683,122.0
47.1349324724891,2.17636363636,1.440291453323581,120.0
48.42742988139908,1.3838150289,1.4603251631616856,182.0
48.48149362518674,2.28,1.4611631511903944,109.0
49.454491773209014,1.55454545455,1.4762446224847396,162.0
47.36725974704908,2.08173913043,1.4438925260792608,120.0
49.02784268959709,2.08173913043,1.4696315616887548,121.0
49.52565561338913,1.39186046512,1.4773476620075314,180.0
50.11682250170872,2.06379310345,1.4865107487764853,121.0
83.04674972020663,2.30192307692,1.9969246206632028,123.0
80.3050377574188,1.58543046358,1.9544280852399913,184.0
82.44554527600606,4.9875,1.987605951778094,61.0
78.66163799144604,1.77333333333,1.9289553888674136,178.0
78.53626120717902,3.15,1.927012048711275,101.0
64.69650980534445,1.82748091603,1.712495901982839,165.0
48.80415346605558,1.69787234043,1.4661643787238616,149.0
70.68057526257022,1.69787234043,1.8052489165698384,159.0
83.53829025203346,2.04615384615,2.0045434989065187,149.0
83.68487227757772,1.995,2.006815520302455,151.0
75.54190418540045,1.39186046512,1.8805995148737071,251.0
85.44167507125671,2.8843373494,2.0340459636044788,103.0
81.33257004310344,2.06379310345,1.9703548356681033,150.0
78.89095650778876,3.325,1.9325098258707258,102.0
77.725087975556,2.25849056604,1.9144388636211178,150.0
54.75814304795376,2.78372093023,1.5584512172432832,99.0
47.65974929948516,1.58543046358,1.44842611414202,158.0
46.32073676137246,1.00167364017,1.427671419801273,250.0
49.50858529408773,1.6625,1.4770830720583596,151.0
44.742399210782395,2.46804123711,1.4032071877671273,101.0
70.8803999857469,2.72045454545,1.808346199779077,99.0
80.45067367070838,1.51518987342,1.95668544189598,199.0
79.98529634475707,2.9925,1.9494720933437346,101.0
73.03858159383138,3.99,1.8417980147043864,98.0
69.32617650103214,3.57313432836,1.784255735765998,100.0
49.21913241325541,2.54680851064,1.472596552405459,100.0
46.569523563667346,1.26,1.431527615236844,200.0
49.26111385445846,2.52,1.473247264744106,100.0
79.85613611340523,1.8703125,1.9474701097577811,150.0
78.30617768189003,2.06379310345,1.9234457540692955,150.0
79.19941804764119,2.54680851064,1.9372909797384383,122.0
81.71252220217922,2.01176470588,1.9762440941337778,151.0
77.22744927477481,3.57313432836,1.9067254637590096,99.0
74.22875219491812,3.68307692308,1.8602456590212308,98.0
76.3702861240932,3.8,1.8934394349234445,97.0
79.41534032048406,6.47027027027,1.940637774967503,50.0
47.732331956370494,2.68988764045,1.4495511453237426,100.0
44.532896358833135,2.23738317757,1.3999598935619135,111.0
48.00424010020036,2.30192307692,1.4537657215531055,109.0
46.67049900442362,2.49375,1.4330927345685662,101.0
46.498220935463905,1.6625,1.4304224244996906,150.0
51.92716860018278,2.52,1.514571113302833,100.0
82.1702941525884,2.01176470588,1.9833395593651202,150.0
83.17385458334898,3.06923076923,1.9988947460419093,99.0
82.58634767078217,5.7,1.9897883888971237,50.0
81.91747216333317,3.03037974684,1.9794208185316642,100.0
79.63109107756279,3.37183098592,1.9439819117022232,99.0
