V1
56.0
61.0
142.0
159.0
97.0
146.0
134.0
121.0
120.0
181.0
120.0
120.0
120.0
92.0
203.0
127.0
66.0
174.0
120.0
95.0
146.0
121.0
116.0
124.0
121.0
120.0
121.0
86.0
153.0
181.0
42.0
188.0
71.0
114.0
187.0
60.0
125.0
115.0
121.0
120.0
120.0
121.0
117.0
124.0
49.0
178.0
134.0
43.0
137.0
121.0
101.0
139.0
120.0
100.0
141.0
120.0
60.0
181.0
120.0
61.0
120.0
84.0
157.0
119.0
89.0
152.0
121.0
82.0
98.0
121.0
115.0
125.0
121.0
60.0
119.0
83.0
158.0
121.0
40.0
140.0
121.0
44.0
136.0
121.0
67.0
88.0
101.0
55.0
121.0
249.0
136.0
179.0
81.0
160.0
181.0
126.0
181.0
181.0
