V1,V2,V3,V4,V5
1,190.0,4057.982857142857,1469.2696551724136,870628.5714285715
2,219.0,4015.772486772487,1338.5908289241622,920000.0
3,150.0,3972.9827586206898,2157.7406361474436,920000.0
4,164.0,3984.716129032258,1619.5942976066597,920000.0
5,158.0,3940.9470198675494,1644.236173852024,920000.0
6,210.0,3933.049751243781,1232.746936957006,920000.0
7,150.0,3942.709923664122,1896.1124060369443,920000.0
8,152.0,3905.0081967213114,2016.5206261757592,920000.0
9,148.0,3905.8971962616824,2299.733863219495,920000.0
10,198.0,3894.9583333333335,1460.609375,920000.0
11,150.0,3888.0,1712.8951048951049,920000.0
12,170.0,3887.7841726618703,1762.0892293359557,920000.0
13,99.0,3857.9146341463415,2964.00758477097,920000.0
14,157.0,3830.918699186992,1962.1778703152886,920000.0
15,121.0,3821.0173913043477,2093.253005671077,920000.0
16,153.0,3822.9763779527557,1896.4371008742016,920000.0
17,123.0,3819.787610619469,2148.630530973451,920000.0
18,183.0,3815.948275862069,1381.63644470868,920000.0
19,118.0,3806.81,2398.2903,920000.0
20,124.0,3787.816326530612,2435.024781341108,920000.0
21,122.0,3770.0113636363635,2698.985408057851,920000.0
22,121.0,3770.835164835165,2610.5781910397295,920000.0
23,152.0,3756.0,2075.684210526316,920000.0
24,122.0,3755.8395061728397,2921.2085048010977,920000.0
25,120.0,3743.3636363636365,2143.926446280992,920000.0
26,182.0,3782.901734104046,1377.5884927662132,920000.0
27,109.0,3765.7809523809524,2259.4685714285715,920000.0
28,162.0,3743.0324675324673,1531.2405548996458,920000.0
29,120.0,3747.7652173913043,2053.123553875236,920000.0
30,121.0,3721.2260869565216,2038.5847258979204,920000.0
31,180.0,3746.936046511628,1372.4242495943752,920000.0
32,121.0,3735.7586206896553,2028.9033888228303,920000.0
33,123.0,3707.951923076923,2246.1631841715975,920000.0
34,184.0,3702.953642384106,1544.9409236437,920000.0
35,61.0,3696.3541666666665,4851.46484375,920000.0
36,178.0,3712.9037037037037,1732.6883950617284,920000.0
37,101.0,3699.7631578947367,3066.9089335180056,920000.0
38,165.0,3682.1450381679388,1770.8025756074821,920000.0
39,149.0,3700.822695035461,1653.559076505206,920000.0
40,159.0,3676.0141843971633,1642.4744228157538,920000.0
41,149.0,3677.91452991453,1980.4155161078236,920000.0
42,151.0,3667.975,1925.686875,920000.0
43,251.0,3675.970930232558,1346.4312128177394,920000.0
44,103.0,3670.843373493976,2786.3028015677164,920000.0
45,150.0,3658.0,1986.6724137931035,920000.0
46,102.0,3657.8888888888887,3200.6527777777774,920000.0
47,150.0,3650.122641509434,2169.4125133499465,920000.0
48,99.0,3662.813953488372,2683.2241752298537,920000.0
49,158.0,3647.4039735099336,1521.76457172931,920000.0
50,250.0,3707.7991631799164,977.369653892614,920000.0
51,151.0,3660.0208333333335,1601.2591145833335,920000.0
52,101.0,3663.3505154639174,2379.2895100435753,920000.0
53,99.0,3696.3863636363635,2646.2766012396696,920000.0
54,199.0,3642.9556962025317,1452.5709421567058,920000.0
55,101.0,3636.025,2863.3696875,920000.0
56,98.0,3637.8166666666666,3819.7075,920000.0
57,100.0,3650.7014925373132,3432.749164624638,920000.0
58,100.0,3631.053191489362,2433.5782028067,920000.0
59,200.0,3635.915789473684,1205.5931301939056,920000.0
60,100.0,3627.9473684210525,2405.9019390581716,920000.0
61,150.0,3622.9375,1783.16455078125,920000.0
62,150.0,3614.7672413793102,1963.192553507729,920000.0
63,122.0,3588.0851063829787,2404.780443639656,920000.0
64,151.0,3595.873949579832,1903.6979733069697,920000.0
65,99.0,3580.865671641791,3367.0826464691468,920000.0
66,98.0,3571.8307692307694,3461.9282840236688,920000.0
67,97.0,3549.936507936508,3549.936507936508,920000.0
68,50.0,3546.027027027027,6037.829802775748,920000.0
69,100.0,3547.2022471910113,2510.9409165509405,920000.0
70,111.0,3565.11214953271,2099.084723556642,920000.0
71,109.0,3576.846153846154,2166.743343195266,920000.0
72,101.0,3561.0104166666665,2336.9130859375,920000.0
73,150.0,3561.9375,1558.34765625,920000.0
74,100.0,3552.684210526316,2355.9905817174513,920000.0
75,150.0,3522.6638655462184,1864.9396935244686,920000.0
76,99.0,3502.897435897436,2829.263313609468,920000.0
77,50.0,3495.3809523809523,5243.071428571428,920000.0
78,100.0,3510.1139240506327,2799.204774875821,920000.0
79,99.0,3440.112676056338,3052.4943463598493,920000.0
