V1,V2,V3,V4
8507.00714392215,1.3455416842105263,0.7575332041759618,190.0
14868.433450698853,1.1552222222222222,1.2231239073324456,219.0
9408.947689056396,1.6686527586206896,1.2633481825894322,150.0
7630.009376049042,1.5307141227380017,0.7675796472823235,164.0
7714.307752609253,1.571390267415542,0.796566027585718,158.0
9814.711723804474,1.1799149253731342,0.7603867249699967,210.0
9975.24012374878,1.6559381679389311,1.1856940604435577,150.0
10181.319564819336,1.6185231341673858,1.299345518481145,152.0
8529.976333618164,1.6626454281384189,1.2422834875802014,148.0
9480.462818145752,1.2393049242424243,0.8789099623884473,198.0
7391.520738601685,1.63296,0.8061417583799029,150.0
11664.979719161987,1.4407670757511637,1.3058768751583512,170.0
6892.021995544434,2.455036585365854,1.3114151333041306,99.0
8043.6842222213745,1.5372476308839522,1.0194049223124497,157.0
5709.619648218155,1.9894553359683795,0.7757287351946209,121.0
10498.3489112854,1.5741667438628992,1.2868827411411317,153.0
9242.1353225708,1.9564765810489964,1.2740070575207734,123.0
8355.707948207855,1.3136871113623516,0.7484090413633433,183.0
7949.8928508758545,2.0324494067796612,1.2393303918857574,118.0
7891.4818477630615,1.9244550691244238,1.2553843738808923,124.0
7199.88756942749,1.946809146795827,1.2762267877968876,122.0
7245.401500701904,1.9633273998728547,1.2419057501195552,121.0
9064.119846343994,1.556763157894737,1.2386276984064202,152.0
6256.778606414795,1.9394908925318763,1.2060465234497446,122.0
5184.842571973801,1.9652659090909093,0.7370432715053992,120.0
8377.94536948204,1.3094659848821697,0.7547274753004141,182.0
5090.5568306446075,2.1765522935779815,0.7582221988094421,109.0
7615.991733074188,1.4556237373737375,0.7711530640431813,162.0
5447.2348709106445,1.9675767391304348,0.7403638304270869,120.0
5638.201909303665,1.937497879985627,0.766102866036581,121.0
8518.41276550293,1.3114276162790697,0.7717738247982291,180.0
5813.551410198212,1.9450644058136224,0.782928852224761,121.0
8636.86197090149,1.8991948874296434,1.294048659124741,123.0
12126.06070137024,1.2678591275554276,1.2494280852399913,184.0
3957.386173248291,3.8175461065573773,1.2926913684447607,61.0
10619.321128845215,1.3141176029962547,1.2245124259044504,178.0
5968.7558517456055,2.3077730588848357,1.2266502066060117,101.0
8475.242784500122,1.4059099236641222,1.0082134592347474,165.0
6881.385638713837,1.5647773811223762,0.7614977120571949,149.0
9965.9611120224,1.456533922119631,1.1005822499031717,159.0
9773.979959487915,1.5550913784202374,1.3009093108723306,149.0
10042.184673309326,1.5303471854304638,1.3030296869691214,151.0
12993.207519888878,0.9226540581858612,1.1750256776644046,251.0
7091.659030914307,2.245273131360393,1.3328965660141174,103.0
9434.578125,1.53636,1.2667729391163793,150.0
5680.148868560791,2.2592843137254905,1.2326667703151704,102.0
8238.859325408936,1.533051509433962,1.211434146639986,150.0
4709.200302124023,2.330881606765328,0.8570035428246786,99.0
7196.6221442222595,1.4543446223488976,0.74342611414202,158.0
11070.656085968018,0.9343653891213389,0.7209408758682186,250.0
7129.236282348633,1.5270285596026492,0.772311544280582,151.0
4340.012723445892,2.285060222517097,0.700823682612488,101.0
6237.4751987457275,2.352245867768595,1.1067109725063498,99.0
12711.206439971924,1.1532975319636154,1.2514772140478787,199.0
6398.823707580566,2.268015594059406,1.2486433433437347,101.0
4382.314895629883,2.3385964285714285,1.1439263480377198,98.0
4644.853825569153,2.299941940298507,1.0851482730794308,100.0
4626.598446846008,2.287563510638298,0.7704465524054587,100.0
8848.209477096796,1.1453134736842105,0.7255628783947387,200.0
4679.8058161735535,2.2856068421052633,0.7710177910598955,100.0
10221.58542251587,1.52163375,1.243314641007781,150.0
9083.516611099243,1.5182022413793101,1.2198638575175713,150.0
7444.7452964782715,1.8528636205092432,1.2351409797384385,122.0
9723.790142059326,1.500265290222049,1.2725079596799962,151.0
5174.239101409912,2.278732700135685,1.2076180010724422,99.0
4824.868892669678,2.2961769230769233,1.1614641205596925,98.0
4811.328025817871,2.305628865979381,1.195004514288524,97.0
2938.36759185791,4.467994054054054,1.2501188560485839,50.0
4248.177544116974,2.2347374157303372,0.7478253026271134,100.0
4765.019910395145,2.0234420308158625,0.6968926038422874,111.0
4992.440970420837,2.067351446718419,0.750889760014644,109.0
4480.367904424667,2.2212243193069305,0.7307854429018993,101.0
6695.743814706802,1.49601375,0.7256508967219127,150.0
4933.0810170173645,2.238191052631579,0.8123416396186226,100.0
9778.26500415802,1.4795188235294117,1.2796034249113386,150.0
6487.560657501221,2.22911655011655,1.2982934639906272,99.0
3468.6266021728516,4.40418,1.2969860079447428,50.0
6471.48030090332,2.2113717721518986,1.2787043628354615,100.0
5653.807466506958,2.1891626120358514,1.2442776863501106,99.0
