V1,V2,V3,V4
52.39550955032601,2.85,1.5218303980300532,88.0
52.37987147090591,1.11869158879,1.5215880077990416,222.0
51.85521199719218,1.6067114094,1.5134557859564788,155.0
59.279821859465706,1.6625,1.6285372388217185,152.0
85.1707823574543,1.8703125,2.029847126540542,159.0
82.54820922977669,1.97851239669,1.9891972430615386,160.0
80.81110928509686,2.15675675676,1.9622721939190013,160.0
80.5278468132019,3.740625,1.9578816256046294,101.0
81.61404745919364,2.28,1.9747177356175014,148.0
77.10322025844029,2.1375,1.9047999140058245,179.0
78.19971795278053,3.27945205479,1.9217956282680981,100.0
78.62630081176758,2.23738317757,1.9284076625823974,150.0
79.23724469885362,2.1185840708,1.937877292832231,153.0
72.68568672672394,3.86129032258,1.8363281442642212,100.0
56.37084751557081,1.53461538462,1.5834481364913475,186.0
52.01174128466639,2.06379310345,1.515881989912329,121.0
52.14320418099376,2.23738317757,1.5179196648054032,111.0
52.178106498718265,1.65103448276,1.518460650730133,151.0
52.01948408258372,1.65103448276,1.5160020032800476,150.0
69.54519255481549,1.78656716418,1.78765048459964,150.0
83.146075630188,2.9925,1.998464172267914,101.0
84.06644075752601,3.46956521739,2.012729831741653,92.0
59.58287195155495,3.15,1.6332345152491017,81.0
85.73832997821626,2.85,2.038644114662352,100.0
82.88458612615412,2.17636363636,1.9944110849553889,149.0
80.21483828416511,3.57313432836,1.9530299934045592,100.0
78.75643068949381,3.99,1.9304246756871541,100.0
78.99942897614979,5.7,1.9341911491303216,64.0
74.96100800362429,3.37183098592,1.8715956240561764,96.0
53.12583899497986,2.21666666667,1.5331505044221878,114.0
63.678020187046215,2.60217391304,1.6967093128992163,100.0
83.26535612813542,2.68988764045,2.0003130199860992,101.0
82.49689175532414,1.84153846154,1.9884018222075241,150.0
80.36866458050616,3.10909090909,1.9554143009978455,103.0
82.07824314662389,3.42,1.9819127687726703,100.0
51.13200453943854,1.6067114094,1.5022460703612972,155.0
51.54987266736153,2.04615384615,1.5087230263441036,122.0
85.0533868228688,2.81647058824,2.0280274957544666,100.0
81.90194119262695,1.9152,1.9791800884857178,149.0
83.64752055437137,3.06923076923,2.0062365685927563,99.0
79.06648647179038,2.02881355932,1.935230540312751,151.0
76.92221838378906,1.9152,1.9019943849487304,150.0
80.73973746048777,2.1,1.9611659306375604,149.0
79.45770670916583,3.23513513514,1.9412944539920705,121.0
43.028840854143105,79.8,1.3766470332392182,3.0
52.18390414246127,2.04615384615,1.5185505142081497,123.0
50.242757917487104,2.08173913043,1.4884627477210501,120.0
51.13809852859601,1.62857142857,1.5023405271932382,150.0
50.86562733814634,2.06379310345,1.4981172237412683,121.0
49.571238316338636,2.06379310345,1.4780541939032488,120.0
50.861168047477456,4.1275862069,1.4980481047359007,61.0
58.206822103924225,1.10833333333,1.6119057426108254,230.0
49.559119383771936,1.67412587413,1.477866350448465,117.0
83.78560249760466,4.51698113208,2.008376838712872,61.0
82.49763736018429,4.43333333333,1.9884133790828564,61.0
80.84124035305447,1.47777777778,1.9627392254723444,181.0
84.44683526486767,4.88571428571,2.018625946605449,60.0
78.73427495648784,2.57419354839,1.9300812618255614,119.0
76.66604378109886,2.85,1.8980236786070324,123.0
74.94834264119466,2.66,1.8713993109385172,122.0
73.59343729263696,6.13846153846,1.850398278035873,60.0
68.3792176729716,10.4086956522,1.76957787393106,34.0
70.28143642062233,5.7,1.7990622645196461,46.0
79.0376257183908,2.75172413793,1.9347831986350574,100.0
63.64025265212809,2.68988764045,1.6961239161079855,100.0
73.31750023365021,5.985,1.8461212536215783,50.0
76.07123584282107,1.94634146341,1.8888041555637265,150.0
76.2639056511645,2.25849056604,1.89179053759305,120.0
80.76237993973952,4.60384615385,1.9615168890659624,61.0
78.77700986144363,2.57419354839,1.9307436528523763,105.0
78.79007667718932,5.56744186047,1.9309461884964345,53.0
79.03363292819851,2.63076923077,1.934721310387077,104.0
79.04729303323998,4.51698113208,1.9349330420152198,61.0
77.25986184014215,4.43333333333,1.9072278585222033,61.0
