97.78050303706036,37.15426430679334
157.3379209696496,36.75655369889512
162.22323617802166,21.519419391526327
98.45173408894438,40.03511633820481
102.17626175149397,37.68942247138493
97.6588233849793,40.58909263969886
152.29374245272055,40.08015768924738
166.90687776681386,21.886607041619218
159.4388107080065,18.864487611367224
112.86265245505575,41.06238404295949
103.37791275172121,36.80081049421057
167.8414345479124,25.12049119584936
168.09809706809378,22.12026691831405
130.7916134188688,40.40242026685362
99.29773292591662,40.89611222159516
165.32832976800913,28.257199570886982
163.57761625429004,19.684019329938614
96.04262021807473,39.57330377279305
158.99785623409545,36.224919583269475
161.0506501713572,29.35892391520689
163.63380850707134,17.30542692204814
159.23959321283053,22.62514186822671
159.01964627886196,22.33696127172177
154.48836046889312,17.572844350809078
94.26986521107148,42.0018494737711
96.85485968159351,40.44920209906724
96.96298677371676,38.42986204361007
98.90898382456028,38.57315957924212
94.73451948430747,41.83691561195421
98.05568490741521,40.12327446148961
99.05131092957595,39.94235372836107
100.23364528478704,46.24520881991274
166.09349950083566,30.349174808576436
160.61007543806966,26.955524070821745
164.8910905444953,24.560103728628807
157.32327632671868,26.50101437072482
157.0725220678539,25.16555771667198
129.39302018100895,42.71921022317122
97.60830695467709,39.563783849354856
141.3611506362416,45.62709388029016
167.07658110095107,24.376260221964593
167.36974511717665,20.792370890896283
151.0838082296497,32.92581534625257
170.88335105833784,21.129468244141822
162.66514006635123,22.636491912318657
157.78191358752395,20.42174456506096
155.45017535063758,19.335850125594394
109.51628671319192,42.12366367615772
95.31949849802848,39.871903918663484
92.64147383151796,43.3424338644929
99.01717039060048,39.149136605571975
89.48479852627587,46.51339280794868
141.76080123210087,52.0119309755477
160.90134761345362,26.451088024885642
159.97059217447057,27.66702893574249
146.0771630659942,23.831831533796908
138.6523525575565,37.01651985262278
98.43826443296116,38.944723598824424
93.13904673761999,42.101861000085336
98.52222745522609,44.00368918579761
159.7122726596392,35.454339399090834
156.61235555098222,31.06838598036398
158.39883624358373,29.40996692985084
163.42504495511574,19.440817717881476
154.45489741040282,21.102594839252777
148.45750407294403,24.542831268676668
152.7405716314444,23.280441535660348
158.83068205650278,14.072099724060475
95.46466404577842,42.20855868169396
89.06579305406511,41.22284146675044
96.00847999927713,43.08037785225379
93.34099808737744,40.434876907933955
92.9964416516811,40.70347005108711
103.8543372675253,49.71839754573737
164.3405888322395,32.3328578008497
166.34770956536892,19.88323992892847
165.17269537562265,20.102584403874157
163.83494393350418,28.090893881596863
159.26218139890963,23.510983562700137
