V1,V2,V3,V4,V5
1,131.0,4107.518828451883,1087.2843957666748,1080000.0
2,150.0,3992.9489795918366,855.6319241982507,1049829.931972789
3,201.0,3977.946564885496,637.6860905541635,1001094.1475826972
4,204.0,3957.0782828282827,629.5351813590449,971641.4141414141
5,168.0,3987.902140672783,768.3114215975087,978470.9480122324
6,153.0,3955.8892617449665,836.3121593621909,973557.0469798658
7,150.0,3922.972696245734,843.5060746193899,938839.590443686
8,152.0,3915.070707070707,830.4695439240894,935185.1851851852
9,150.0,3936.0887372013653,846.3262472480752,937098.9761092151
10,150.0,3961.7713310580207,851.8484431967759,939795.2218430034
11,150.0,3895.1638225255974,837.5266922154016,918293.5153583618
12,151.0,3942.8979591836733,844.9067055393585,933197.2789115646
13,201.0,3912.9590792838876,630.4767825956136,918235.2941176471
14,151.0,3896.815699658703,837.8818739880488,921228.6689419795
15,101.0,3843.273195876289,1248.0732543309598,926030.9278350516
16,151.0,3895.8293515358364,837.6697923097532,921672.3549488054
17,150.0,3845.938566552901,826.9424221598389,917133.1058020478
18,150.0,3828.0753424657532,825.9203649840495,917054.794520548
19,151.0,3849.9590443686006,827.8068934990507,920204.7781569966
20,101.0,3838.1632653061224,1233.695335276968,911479.5918367347
21,150.0,3869.733564013841,843.5751367919446,917093.4256055363
22,150.0,3793.211604095563,815.6052254539948,890921.5017064846
23,153.0,3854.738255033557,814.9278861312554,920167.7852348994
24,100.0,3777.0153846153844,1220.2665088757396,897743.5897435897
25,150.0,3779.952218430034,812.7542312665261,913720.1365187713
26,100.0,3766.051282051282,1216.7242603550296,911076.9230769231
27,150.0,3776.160409556314,811.9389276520402,907849.8293515359
28,150.0,3822.8373702422145,833.3520910908634,907474.0484429066
29,101.0,3775.8061224489797,1213.6519679300293,902551.0204081633
30,151.0,3738.1433447098975,803.7646099546879,955324.2320819113
31,101.0,3779.887755102041,1214.963921282799,978061.224489796
32,151.0,3757.8707482993195,805.2580174927112,994353.7414965987
33,101.0,3719.984693877551,1195.709365889213,1010255.1020408163
34,101.0,3716.918367346939,1194.7237609329447,974846.9387755102
35,162.0,3701.0126984126982,740.2025396825397,999238.0952380953
36,100.0,3704.9285714285716,1190.8698979591838,972857.1428571428
37,100.0,3691.1785714285716,1186.450255102041,973979.5918367347
38,151.0,3725.8639455782313,798.399416909621,976836.7346938775
39,100.0,3686.225641025641,1190.9344378698224,966666.6666666666
40,151.0,3729.812925170068,799.2456268221574,965782.3129251701
41,151.0,3674.9761904761904,787.4948979591836,958639.4557823129
42,121.0,3668.1068376068374,987.5672255095332,931410.2564102564
43,115.0,3693.013452914798,1043.3177019445393,966053.8116591928
44,112.0,3695.8584474885843,1063.192156126853,939863.0136986302
45,150.0,3665.078498293515,788.0544211347832,932320.819112628
46,152.0,3687.7306397306397,784.8886158886158,931279.4612794613
47,99.0,3648.378238341969,1184.7826237914642,941865.2849740933
48,150.0,3720.9897610921503,800.0762967536023,925563.1399317406
49,158.0,3717.8627450980393,765.4423298731257,925555.5555555555
50,150.0,3676.0170648464164,790.4063996086152,930307.1672354948
51,243.0,3680.9724576271187,491.3162390476875,919724.5762711865
52,155.0,3667.976821192053,765.1739726327794,921986.7549668874
53,100.0,3660.846153846154,1182.7349112426036,944615.3846153846
54,100.0,3631.0461538461536,1173.1072189349113,929948.717948718
55,121.0,3640.1617021276597,975.8731371661386,925872.340425532
56,151.0,3677.819112627986,790.7938706333213,916587.0307167235
57,101.0,3624.9897435897437,1171.1505325443788,936205.1282051282
58,258.0,3623.0596421471173,453.7828180025216,922067.5944333996
59,100.0,3652.846153846154,1180.150295857988,924205.1282051282
60,100.0,3623.0510204081634,1164.552113702624,928163.2653061225
61,100.0,3633.025641025641,1173.7467455621302,917641.0256410256
62,200.0,3637.920716112532,586.1611384017634,910383.631713555
63,101.0,3607.372448979592,1159.5125728862974,913673.4693877551
64,100.0,3679.594871794872,1188.7921893491125,924205.1282051282
65,202.0,3601.07614213198,575.8065912546059,899847.7157360406
66,100.0,3631.1846153846154,1173.151952662722,892564.1025641026
67,51.0,3666.9897959183672,2357.350583090379,903571.4285714285
68,201.0,3665.7953964194376,590.6524551775565,902404.0920716112
69,110.0,3586.0,1065.6509433962265,904622.641509434
70,151.0,3586.0580204778157,771.0636699320901,905392.4914675768
71,101.0,3602.9744897959185,1158.0989431486882,901428.5714285715
72,151.0,3597.8630136986303,776.2512666541566,897636.9863013698
73,151.0,3558.197278911565,762.4708454810495,895816.3265306122
74,100.0,3615.748717948718,1168.1649704142012,903230.7692307692
75,100.0,3566.979487179487,1152.4087573964498,909333.3333333334
76,101.0,3562.8082901554403,1162.989234610325,892538.860103627
77,101.0,3525.994845360825,1145.0395631841855,903608.2474226804
78,50.0,3525.5257731958764,2289.77447125093,903402.0618556701
79,100.0,3575.979487179487,1155.316449704142,905692.3076923077
80,116.0,3571.7130044843047,1009.0489653924268,899820.6278026906
81,100.0,3508.0,1133.3538461538462,908512.8205128205
82,67.0,3507.953488372093,1713.1865873445104,876434.1085271317
83,101.0,3502.3025641025642,1131.5131360946746,863487.1794871795
