V1
187.16698844363
191.88742356073288
191.6388076898706
191.25674792973683
191.6847851954469
191.68595553404532
191.5847223691973
191.49071417914496
191.44736431239002
191.49579248005213
191.36848819459257
191.38880884079705
191.49925743161566
191.44821469043302
190.72992084935768
191.43869414345804
191.5307477619054
191.36396199056546
191.52800117987414
191.3651165086396
190.3144458915948
191.32341919986868
191.06224259754154
191.40752469576321
191.35520784033037
191.48662469325922
191.33020587179035
191.04627446897302
191.4486416407994
191.55636315459685
192.02042474552076
191.66581772784798
191.9274179108289
191.66832234908122
191.45087159171936
191.84213879643653
191.5603392464774
191.46384606393826
191.71099164913863
191.62617186461986
191.76798715396802
191.536254426353
191.3749451915245
191.40895603127674
191.50027460612534
190.57496113889547
191.6943010715623
191.4078785242074
191.06914126327615
191.6445902541229
191.08393433134435
191.22455132086546
191.64149396847455
191.51969823592748
191.37316647793384
189.07942853283149
191.4668712126903
191.44266247607132
191.33819055801783
191.50786536080497
191.50575240697617
191.29992960664012
191.57114636168188
191.50270675267927
191.09386676459144
191.1619159405048
191.5217062502491
191.35360768505984
191.2284751748139
191.3530725993394
191.26677921840124
191.41765563128746
191.35412467904644
191.24017842610678
191.32565307617188
190.53876436065516
190.6622294789737
191.50188343795304
191.03231451572515
191.14780189958924
190.85606830303485
191.1490204093992
191.30113173264724
