CPUusage,ActualPower,ExpectedPower,DrainLength
6320.0379775464535,1.5008536764705884,0.5873231467379169,170.0
7971.900363922119,1.4700958320657134,0.726749448191771,173.0
9546.009559631348,1.2491145382082829,0.7470997395692758,203.0
7860.329067230225,1.5404173441734417,0.7564493860621511,164.0
8687.178615570068,1.3943183934446584,0.7604548794457082,181.0
5778.772380828857,2.0936911016949153,0.765090439854638,120.0
8737.822299957275,1.3873570674778075,0.7648648631985268,181.0
7380.07580947876,1.6446260526315788,0.7673391669794718,152.0
9709.943504333496,1.2492612182741116,0.7675828645541583,200.0
7306.008228302002,1.6471506175049224,0.7699515374235204,151.0
7312.291526794434,1.6539316216216216,0.7706095855764441,150.0
7268.042694091797,1.6497285714285712,0.7711861344110398,150.0
7866.923973083496,1.523263102725367,0.7713649156150577,162.0
8764.13391494751,1.3688242937853106,0.7714902580886237,180.0
5845.122909545898,2.046427754237288,0.7738059754064527,120.0
7333.474082946777,1.6350316216216216,0.7728280289572639,150.0
8476.464504241943,1.4058989715668482,0.7724847942441527,174.0
8776.979427337646,1.3565802259887005,0.7726151475917148,180.0
4910.52267074585,2.4114338433843385,0.7759878928945522,101.0
7342.42537689209,1.6216114864864866,0.7737654955528878,150.0
7294.730785369873,1.620322857142857,0.7740001848519253,150.0
7346.633434295654,1.6148772972972971,0.7742062042674502,150.0
7299.0999755859375,1.6115142857142855,0.7744608817794696,150.0
7351.335041046143,1.607740135135135,0.7746986022717244,150.0
5117.210353851318,2.2925708737864072,0.776955927035878,105.0
7353.858730316162,1.602702972972973,0.7749629075668953,150.0
7355.672740936279,1.6001772972972972,0.7751528884088671,150.0
7307.536918640137,1.5968142857142855,0.7753504914212389,150.0
4922.243572235107,2.365899189918992,0.7778229835317593,101.0
7459.220077514648,1.5700097368421053,0.775517408009847,152.0
5371.410171508789,2.1660227272727273,0.7774681264665391,110.0
5720.117588043213,2.033230769230769,0.7771436749101722,117.0
7361.9643478393555,1.5858774324324325,0.775811806699392,150.0
7312.687870025635,1.579605714285714,0.7758936189482811,150.0
4925.166084289551,2.3428199819982,0.7782805485503842,101.0
7462.775646209717,1.5546686842105264,0.7758848167750041,152.0
4925.660575866699,2.3347299729973,0.7783579689488267,101.0
8110.505958557129,1.4283513664249863,0.7755984193719969,165.0
4926.541393280029,2.3253861386138617,0.7784958747054591,101.0
7316.044258117676,1.56576,0.7762475238151291,150.0
8013.203674316406,1.44084262469992,0.7758655711298403,163.0
4927.52628326416,2.3148136813681366,0.7786500746524696,101.0
8313.026359558105,1.3770947868967949,0.7758180154080876,170.0
5874.557518005371,1.9482127118644068,0.7776723858396886,120.0
7866.334732055664,1.4466670335718217,0.7761891667522962,161.0
7368.944801330566,1.544954626812243,0.7765428677069174,151.0
4929.686676025391,2.3316045454545455,0.7789883179635712,100.0
7320.344032287598,1.5527285714285712,0.7767009013636582,150.0
9811.489070892334,1.1632870050761421,0.7755724903493968,200.0
4881.408584594727,2.3234271428571427,0.7793013577675333,100.0
9813.533390045166,1.1553054776877036,0.7757333377954317,201.0
8568.745525360107,1.3327695469125902,0.7763096258318701,174.0
5928.561378479004,1.914982984929509,0.7781714400539879,121.0
14747.573608398438,0.7693918133249529,0.7746523342235668,301.0
5879.846122741699,1.927275,0.7783670754448843,120.0
5879.923305511475,1.9272527542372884,0.778377213859558,120.0
7374.912734985352,1.5295203597637375,0.777167887785628,151.0
4933.279186248779,2.308937272727273,0.7795507816854149,100.0
7325.420658111572,1.5384714285714285,0.7772361918416963,150.0
4883.864555358887,2.3335,0.7796898021230892,99.0
12260.325634002686,0.9186403167816538,0.7753851517359416,251.0
8074.362869262695,1.4040453929539296,0.7769279288492085,164.0
4884.56067276001,2.3001428571428573,0.7797999023242872,100.0
4934.405155181885,2.2785850585058505,0.779727069750699,101.0
9819.055892944336,1.1497436040609137,0.776167849444859,200.0
4884.613697052002,2.320162337662338,0.7798082888194492,99.0
4984.400001525879,2.250082058823529,0.7796790002365113,102.0
12012.919376373291,0.9365100177830468,0.7755599598912283,245.0
2691.8504180908203,4.167121212121212,0.7858033607482909,55.0
4885.282093048096,2.290660714285714,0.779914004512709,100.0
9870.623184204102,1.1386904115784715,0.7762846432078968,201.0
4935.489887237549,2.2617434743474347,0.779896901537192,101.0
7428.216194152832,1.5115687808347038,0.7774969866400597,151.0
9821.226474761963,1.139658807106599,0.7763386312629971,200.0
7727.239223480225,1.4397930992241732,0.7773026320254418,158.0
4935.507850646973,2.2660845454545457,0.7798997139901825,100.0
7428.264629364014,1.4990326236721632,0.7775020252022967,151.0
4935.606830596924,2.233642664266427,0.7799152108510334,101.0
4885.820835113525,2.2736948051948054,0.779999213716935,99.0
4935.679969787598,2.2255652565256527,0.779926661936442,101.0
2442.8994522094727,4.491822857142857,0.7872375818213637,50.0
4885.79167175293,2.2667662337662335,0.779994601144596,99.0
7378.650333404541,1.4886132092357258,0.7775593254579081,151.0
3290.5803031921387,3.3473487109905022,0.7835408287799719,67.0
4985.807807922363,2.193845294117647,0.7798972102279663,102.0
4936.084705352783,2.233948181818182,0.7799900296259408,100.0
7478.928337097168,1.458036862745098,0.7775539281667073,153.0
4936.111976623535,2.225751818181818,0.7799942993703514,100.0
4886.311378479004,2.221945714285714,0.7800767996573934,100.0
7379.448287963867,1.4770662162162163,0.7776428950232428,150.0
