0.983277591973,294.0
0.986772486772,373.0
0.988095238095,415.0
0.983606557377,300.0
0.991922455574,614.0
0.989406779661,467.0
0.988123515439,416.0
0.941176470588,80.0
0.958333333333,115.0
0.988095238095,415.0
0.989733059548,482.0
0.989361702128,465.0
0.990689013035,532.0
0.958333333333,115.0
0.991922455574,614.0
0.957983193277,114.0
0.991243432574,566.0
0.939024390244,77.0
0.925373134328,62.0
0.954954954955,106.0
0.918032786885,56.0
0.838709677419,26.0
0.942528735632,82.0
0.934210526316,71.0
0.983333333333,295.0
-0.25,-1.0
0.982142857143,275.0
0.989604989605,476.0
0.989177489177,457.0
0.991452991453,580.0
0.986376021798,362.0
0.988066825776,414.0
0.988290398126,422.0
0.986631016043,369.0
0.991638795987,593.0
0.925373134328,62.0
0.989429175476,468.0
0.956140350877,109.0
0.986338797814,361.0
0.988479262673,429.0
0.9609375,123.0
0.992050874404,624.0
0.991816693944,606.0
0.947368421053,90.0
0.989626556017,477.0
0.990740740741,535.0
0.989561586639,474.0
0.958333333333,115.0
0.923076923077,60.0
0.993597951344,776.0
0.925373134328,62.0
0.915254237288,54.0
0.960317460317,121.0
0.943181818182,83.0
0.947368421053,90.0
0.993710691824,790.0
0.958333333333,115.0
-0.666666666667,-2.0
0.147727272727,13.0
0.581005586592,104.0
0.641148325359,134.0
0.78323699422,271.0
0.755700325733,232.0
0.36974789916,44.0
0.0506329113924,4.0
0.848484848485,420.0
0.780058651026,266.0
0.713740458015,187.0
0.882445141066,563.0
0.910714285714,765.0
0.36974789916,44.0
0.749163879599,224.0
0.36974789916,44.0
0.581005586592,104.0
0.0384615384615,3.0
0.4140625,53.0
0.858490566038,455.0
0.711538461538,185.0
0.686192468619,164.0
0.0384615384615,3.0
0.791666666667,285.0
0.0,0.0
0.790502793296,283.0
0.375,45.0
0.364406779661,43.0
0.264705882353,27.0
0.6875,165.0
0.821852731591,346.0
0.738041002278,324.0
0.652567975831,216.0
0.454976303318,96.0
0.679665738162,244.0
0.0944881889764,12.0
0.0336134453782,4.0
0.617940199336,186.0
0.680555555556,245.0
0.597902097902,171.0
0.00862068965517,1.0
-0.00877192982456,-1.0
0.0416666666667,5.0
0.166666666667,23.0
0.267515923567,42.0
0.726840855107,306.0
0.108527131783,14.0
0.0416666666667,5.0
0.0416666666667,5.0
0.0416666666667,5.0
0.0336134453782,4.0
0.0416666666667,5.0
0.361111111111,65.0
0.520833333333,125.0
0.522821576763,126.0
0.0416666666667,5.0
0.587813620072,164.0
0.616666666667,185.0
0.680555555556,245.0
0.0336134453782,4.0
-0.0267857142857,-3.0
-0.0176991150442,-2.0
0.0336134453782,4.0
0.0336134453782,4.0
0.0254237288136,3.0
0.0336134453782,4.0
0.0336134453782,4.0
0.0416666666667,5.0
0.364640883978,66.0
0.154411764706,21.0
0.0677966101695,4.0
0.0677966101695,4.0
0.0833333333333,5.0
-0.0377358490566,-2.0
0.0677966101695,4.0
0.0677966101695,4.0
0.913385826772,580.0
0.0677966101695,4.0
0.0677966101695,4.0
0.0350877192982,2.0
0.0677966101695,4.0
0.0677966101695,4.0
0.0677966101695,4.0
0.638157894737,97.0
0.0677966101695,4.0
0.0983606557377,6.0
0.0677966101695,4.0
0.0677966101695,4.0
0.051724137931,3.0
0.0833333333333,5.0
0.0677966101695,4.0
0.0677966101695,4.0
0.0677966101695,4.0
0.0833333333333,5.0
0.051724137931,3.0
