2,203.0,4062.9874055415617,1260.927125857726
3,161.0,4057.9588607594937,1587.8969455145846
4,199.0,4044.9280205655527,1280.5551019880895
5,151.0,4016.8610169491526,1675.908901111236
6,200.0,3976.1202046035805,1252.477864450128
7,150.0,4022.9795221843005,1689.6513993174062
8,165.0,4016.9658385093167,1533.7505928853755
9,162.0,4005.720634920635,1557.7802469135802
10,150.0,3917.9829351535836,1645.552832764505
11,156.0,3913.125,1580.3004807692307
12,151.0,3950.845890410959,1648.3661661979497
13,151.0,3906.064189189189,1629.6824100590657
14,154.0,3924.9560810810813,1605.6638513513515
15,151.0,3911.8677966101695,1632.1037826916602
16,151.0,3872.9319727891157,1615.8590350047305
17,201.0,3863.038167938931,1210.803007861456
18,151.0,3877.989864864865,1617.9692813674603
19,168.0,3874.9755351681956,1453.1158256880733
20,109.0,3866.8142857142857,2234.947706422018
21,150.0,3827.9761904761904,1607.75
22,152.0,3821.084175084175,1583.738835725678
23,100.0,3846.137755102041,2423.0667857142857
24,151.0,3872.9931972789113,1615.8845789971617
25,150.0,3870.7337883959044,1625.7081911262799
26,150.0,3792.996598639456,1593.0585714285714
27,151.0,3791.9523809523807,1582.0728476821191
28,101.0,3778.1979695431473,2356.6977433783986
29,150.0,3817.0307167235496,1603.1529010238908
30,101.0,3825.8979591836733,2386.4512022630834
31,151.0,3806.0408163265306,1587.9508041627248
32,149.0,3817.996587030717,1614.3207045834574
33,161.0,3816.843450479233,1493.5474371440478
34,100.0,3768.076530612245,2373.888214285714
35,151.0,3782.91186440678,1578.300976540577
36,100.0,3756.9179487179485,2366.858307692308
37,151.0,3741.0474576271185,1560.8343697384666
38,100.0,3754.887755102041,2365.579285714286
39,151.0,3732.9044368600685,1557.4369504780418
40,111.0,3705.1203703703704,2102.906156156156
41,169.0,3730.9691358024693,1390.8346482577253
42,100.0,3721.183673469388,2344.3457142857146
43,152.0,3756.915824915825,1557.1427432216906
44,150.0,3731.901023890785,1567.3984300341297
45,151.0,3702.9254237288137,1544.9291502974522
46,108.0,3681.2890995260664,2147.4186413902057
47,150.0,3741.515358361775,1571.4364505119454
48,100.0,3671.3333333333335,2312.94
49,150.0,3735.8197278911566,1569.0442857142857
50,201.0,3683.1119592875316,1154.4082260453458
51,99.0,3726.646153846154,2371.502097902098
52,151.0,3658.084745762712,1526.2207879672242
53,205.0,3682.950124688279,1131.8334529529834
54,101.0,3662.8883248730963,2284.771925415892
55,300.0,3641.0800681431006,764.6268143100511
56,100.0,3687.765306122449,2323.292142857143
57,150.0,3641.9795221843005,1529.6313993174062
58,102.0,3636.145,2245.8542647058825
59,154.0,3665.0365448504986,1499.333131984295
60,101.0,3675.918367346939,2292.8995756718527
61,149.0,3659.8839590443686,1547.4677142268135
62,250.0,3625.9836734693877,913.7478857142856
63,101.0,3617.9744897959185,2256.7563649222066
64,101.0,3613.326530612245,2253.8571428571427
65,114.0,3676.7227272727273,2031.873086124402
66,188.0,3615.9864130434785,1211.7401277752083
67,123.0,3611.2116182572613,1849.6449752049386
68,125.0,3661.7795918367347,1845.5369142857144
69,186.0,3607.9835164835163,1222.0589330024811
70,62.0,3602.133333333333,3660.232258064516
71,123.0,3618.125,1853.185975609756
72,206.0,3647.8575,1115.6069053398057
73,50.0,3591.717171717172,4525.563636363637
74,150.0,3661.714285714286,1537.92
75,150.0,3578.136518771331,1502.817337883959
76,151.0,3617.830508474576,1509.425973734426
77,149.0,3567.9317406143346,1508.5885883134436
78,100.0,3548.341836734694,2235.4553571428573
79,101.0,3614.984693877551,2254.8914427157
80,101.0,3611.812182741117,2252.912549630598
81,99.0,3574.902564102564,2274.9379953379953
82,50.0,3556.2755102040815,4480.907142857142
83,101.0,3582.730964467005,2234.7727798160527
84,150.0,3530.0374149659865,1482.6157142857144
85,50.0,3541.265306122449,4461.994285714286
86,100.0,3566.6989795918366,2247.020357142857
87,160.0,3507.977564102564,1381.2661658653844
88,129.0,3501.175298804781,1709.876308718614
89,101.0,3544.8781725888325,2211.1616324068955
90,100.0,3521.0564102564103,2218.2655384615387
91,103.0,3531.79,2160.221067961165
92,100.0,3489.9132653061224,2198.645357142857
93,50.0,3471.8041237113403,4374.473195876289
94,51.0,3357.469387755102,4147.46218487395
95,103.0,3402.585,2081.192766990291
96,51.0,3318.316326530612,4099.096638655462
97,50.0,3154.112244897959,3974.1814285714286
98,50.0,3063.3125,3859.77375
