2.608695652173913,0.017011494252873564
2.652173913043478,0.016902204635387223
2.6956521739130435,0.016796440489432705
2.739130434782609,0.016694033935413247
2.5652173913043477,0.01694915254237288
2.5217391304347827,0.017241379310344827
2.4782608695652173,0.017543859649122806
2.4347826086956523,0.017857142857142856
2.391304347826087,0.01818181818181818
2.652173913043478,0.016246085835328793
2.9130434782608696,0.014657051819553915
3.1739130434782608,0.013329228874865323
3.4347826086956523,0.01220310055468639
3.6956521739130435,0.011235955056179775
3.869565217391304,0.01131082227696174
3.869565217391304,0.011385689497743707
3.869565217391304,0.011460556718525675
3.869565217391304,0.01153542393930764
3.869565217391304,0.011610291160089607
3.4782608695652173,0.012441350469196246
3.217391304347826,0.013386703717181073
2.9565217391304346,0.01449888400892793
2.6956521739130435,0.01582632500230321
2.4347826086956523,0.017438217637116046
2.4782608695652173,0.017429091610978085
2.4782608695652173,0.017314323572833364
2.4782608695652173,0.01719955553468864
2.4782608695652173,0.017084787496543918
2.4782608695652173,0.016970019458399193
2.8260869565217392,0.015488325234087946
3.0869565217391304,0.014274398315935676
3.347826086956522,0.013249654813599344
3.608695652173913,0.012373066998347781
3.869565217391304,0.011614670798635757
4.826086956521739,0.00907043407043407
5.826086956521739,0.0075644504748982365
6.826086956521739,0.006499710480602201
7.826086956521739,0.005707070707070707
8.826086956521738,0.005094043887147336
7.217391304347826,0.006024096385542169
5.739130434782608,0.007575757575757576
4.260869565217392,0.01020408163265306
2.782608695652174,0.015625
1.3043478260869565,0.03333333333333333
1.5217391304347827,0.02827586206896552
1.7391304347826086,0.024482758620689653
1.9565217391304348,0.02153256704980843
2.1739130434782608,0.019172413793103447
2.391304347826087,0.017241379310344827
2.739130434782609,0.015998026853710122
2.9565217391304346,0.01493752034658052
3.1739130434782608,0.014022288703441275
3.391304347826087,0.01322439445044809
3.608695652173913,0.012522632035164925
3.3043478260869565,0.013011971233796984
3.0869565217391304,0.013772107430100588
2.869565217391304,0.014647415777359278
2.652173913043478,0.015666217296299727
2.4347826086956523,0.01686694765790811
2.8260869565217392,0.015488325234087946
3.0869565217391304,0.014274398315935676
3.347826086956522,0.013249654813599344
3.608695652173913,0.012373066998347781
3.869565217391304,0.011614670798635757
3.8260869565217392,0.011363636363636364
3.8260869565217392,0.011363636363636364
3.8260869565217392,0.011363636363636364
3.8260869565217392,0.011363636363636364
3.8260869565217392,0.011363636363636364
3.608695652173913,0.012130339539978094
3.391304347826087,0.012995337995337995
3.1739130434782608,0.013978829389788295
2.9565217391304346,0.015106951871657755
2.739130434782609,0.016414141414141416
2.8260869565217392,0.015246326707000865
3.0434782608695654,0.014028892455858746
3.260869565217391,0.01297378277153558
3.4782608695652173,0.01205056179775281
3.6956521739130435,0.011235955056179775
3.608695652173913,0.012113461873174882
3.347826086956522,0.013127722999312082
3.0869565217391304,0.014313408541134448
2.8260869565217392,0.015717989875293246
2.5652173913043477,0.01740824876894197
2.6956521739130435,0.01604165587945943
2.9565217391304346,0.014546548956661314
3.217391304347826,0.01329389180512776
3.4782608695652173,0.012229133226324237
3.739130434782609,0.011312945612004927
3.608695652173913,0.011993125807361994
3.347826086956522,0.01286829719509209
3.0869565217391304,0.013891384873706149
2.8260869565217392,0.015103350277602802
2.5652173913043477,0.016561817119580127
2.8260869565217392,0.015488325234087946
3.0869565217391304,0.014274398315935676
3.347826086956522,0.013249654813599344
3.608695652173913,0.012373066998347781
3.869565217391304,0.011614670798635757
3.8260869565217392,0.011338970656514067
3.8260869565217392,0.011314304949391773
3.8260869565217392,0.011289639242269478
3.8260869565217392,0.011264973535147181
3.8260869565217392,0.011240307828024886
3.608695652173913,0.01203185465612936
3.347826086956522,0.012951790557369789
3.0869565217391304,0.014027208582763533
2.8260869565217392,0.015301165320537657
2.5652173913043477,0.01683423190328279
2.782608695652174,0.01568010384012539
3.0434782608695654,0.014386475593372146
3.3043478260869565,0.013297104438211515
3.5652173913043477,0.012367153452098784
3.8260869565217392,0.011564013964092335
3.869565217391304,0.011312563840653728
3.9130434782608696,0.011262626262626262
3.9565217391304346,0.011213786213786214
4.0,0.011166007905138341
4.043478260869565,0.011119257086999023
3.869565217391304,0.011134957707360182
3.8260869565217392,0.011159346271705822
3.782608695652174,0.011184295492703087
3.739130434782609,0.011209824928142148
3.6956521739130435,0.011235955056179775
3.608695652173913,0.01203185465612936
3.347826086956522,0.012951790557369789
3.0869565217391304,0.014027208582763533
2.8260869565217392,0.015301165320537657
2.5652173913043477,0.01683423190328279
2.782608695652174,0.015646188492832235
3.0434782608695654,0.014324458958321802
3.3043478260869565,0.013211423560839331
3.5652173913043477,0.012261271392256735
3.8260869565217392,0.011440685428480857
3.608695652173913,0.011993125807361994
3.347826086956522,0.01286829719509209
3.0869565217391304,0.013891384873706149
2.8260869565217392,0.015103350277602802
2.5652173913043477,0.016561817119580127
2.8260869565217392,0.01552248647514574
3.0869565217391304,0.014336947067168255
3.347826086956522,0.013336167047447
3.608695652173913,0.012480078114914365
3.869565217391304,0.01173941690362208
3.5217391304347827,0.0123583490441728
3.260869565217391,0.013360700602079912
3.0,0.01453737417005783
2.739130434782609,0.015938176036698202
2.4782608695652173,0.017633883559473398
2.652173913043478,0.01633348381817669
2.869565217391304,0.015040682209356908
3.0869565217391304,0.013929965334173717
3.3043478260869565,0.012965395416251474
3.5217391304347827,0.012119908204245555
3.391304347826087,0.012823222715423096
3.1739130434782608,0.013704421145287712
2.9565217391304346,0.014715207579544183
2.739130434782609,0.015886436304952473
2.5217391304347827,0.017259601017500126
2.739130434782609,0.015911426074765457
3.0,0.014562893991600693
3.260869565217391,0.013430127041742287
3.5217391304347827,0.01246517741778883
3.782608695652174,0.011633324293691023
3.782608695652174,0.011443780886258408
3.782608695652174,0.011393308898953599
3.782608695652174,0.011342836911648786
3.782608695652174,0.011292364924343976
3.782608695652174,0.011241892937039165
3.652173913043478,0.012011771000535045
3.4347826086956523,0.012885791494808703
3.217391304347826,0.013877922866686912
3.0,0.015013841393909787
2.782608695652174,0.016327247191011238
2.8260869565217392,0.015246326707000865
3.0434782608695654,0.014028892455858746
3.260869565217391,0.01297378277153558
3.4782608695652173,0.01205056179775281
3.6956521739130435,0.011235955056179775
3.9130434782608696,0.011210986267166042
3.9565217391304346,0.011186566242746016
4.0,0.011162677088422081
4.043478260869565,0.011139301679352422
4.086956521739131,0.011116423619411906
3.608695652173913,0.011884827445374719
3.3043478260869565,0.01280107047279215
3.0,0.013903217882584131
2.6956521739130435,0.015254237288135592
2.391304347826087,0.01694915254237288
2.869565217391304,0.015356959424756036
3.1739130434782608,0.014070118411887624
3.4782608695652173,0.013008474576271186
3.782608695652174,0.012117669978570037
4.086956521739131,0.01135953840605842
3.869565217391304,0.011134957707360182
3.8260869565217392,0.011159346271705822
3.782608695652174,0.011184295492703087
3.739130434782609,0.011209824928142148
3.6956521739130435,0.011235955056179775
3.652173913043478,0.012011771000535045
3.4347826086956523,0.012885791494808703
3.217391304347826,0.013877922866686912
3.0,0.015013841393909787
2.782608695652174,0.016327247191011238
2.8260869565217392,0.015246326707000865
3.0434782608695654,0.014028892455858746
3.260869565217391,0.01297378277153558
3.4782608695652173,0.01205056179775281
3.6956521739130435,0.011235955056179775
3.9130434782608696,0.011210986267166042
3.9565217391304346,0.011186566242746016
4.0,0.011162677088422081
4.043478260869565,0.011139301679352422
4.086956521739131,0.011116423619411906
3.608695652173913,0.011884827445374719
3.3043478260869565,0.01280107047279215
3.0,0.013903217882584131
2.6956521739130435,0.015254237288135592
2.391304347826087,0.01694915254237288
2.8260869565217392,0.01552248647514574
3.0869565217391304,0.014336947067168255
3.347826086956522,0.013336167047447
3.608695652173913,0.012480078114914365
3.869565217391304,0.01173941690362208
3.5652173913043477,0.012251191477432017
3.347826086956522,0.013106433796088971
3.130434782608696,0.014080459770114942
2.9130434782608696,0.01519986275518957
2.6956521739130435,0.01649981460882462
2.5652173913043477,0.01671933352484918
2.5217391304347827,0.016773816481589713
2.4782608695652173,0.016830211121022894
2.4347826086956523,0.016888619854721548
2.391304347826087,0.01694915254237288
