0	0.65
1	0.65
2	0.65
3	0.65
4	0.65
5	0.65
6	0.65
7	0.65
8	0.65
9	0.65
10	0.65
11	0.65
12	0.65
13	0.65
14	0.65
15	0.65
16	0.65
17	0.65
18	0.65
19	0.65
20	0.65
21	0.65
22	0.65
23	0.65
24	0.65
25	0.65
26	0.65
27	0.65
28	0.65
29	0.65
30	0.65
31	0.65
32	0.65
33	0.65
34	0.65
35	0.65
36	0.65
37	0.65
38	0.65
39	0.65
40	0.65
41	0.65
42	0.65
43	0.65
44	0.65
45	0.65
46	0.65
47	0.65
48	0.65
49	0.65
50	0.65
51	0.65
52	0.65
53	0.64
54	0.64
55	0.64
56	0.64
57	0.64
58	0.64
59	0.64
60	0.64
61	0.64
62	0.64
63	0.64
64	0.64
65	0.64
66	0.64
67	0.64
68	0.64
69	0.64
70	0.64
71	0.64
72	0.64
73	0.64
74	0.64
75	0.64
76	0.64
77	0.64
78	0.64
79	0.64
80	0.64
81	0.64
82	0.64
83	0.64
84	0.64
85	0.64
86	0.64
87	0.64
88	0.64
89	0.64
90	0.64
91	0.64
92	0.64
93	0.64
94	0.64
95	0.64
96	0.64
97	0.64
98	0.64
99	0.64
100	0.64
101	0.64
102	0.64
103	0.64
104	0.64
105	0.64
106	0.64
107	0.64
108	0.64
109	0.64
110	0.64
111	0.64
112	0.64
113	0.64
114	0.64
115	0.64
116	0.64
117	0.64
118	0.64
119	0.64
120	0.64
121	0.64
122	0.64
123	0.64
124	0.64
125	0.64
126	0.64
127	0.64
128	0.64
129	0.64
130	0.64
131	0.64
132	0.64
133	0.64
134	0.64
135	0.64
136	0.64
137	0.64
138	0.64
139	0.64
140	0.64
141	0.64
142	0.64
143	0.63
144	0.63
145	0.63
146	0.63
147	0.63
148	0.63
149	0.63
150	0.63
151	0.63
152	0.63
153	0.63
154	0.63
155	0.63
156	0.63
157	0.63
158	0.63
159	0.63
160	0.63
161	0.63
162	0.63
163	0.63
164	0.63
165	0.63
166	0.63
167	0.63
168	0.63
169	0.63
170	0.63
171	0.63
172	0.63
173	0.63
174	0.63
175	0.63
176	0.63
177	0.63
178	0.63
179	0.63
180	0.63
181	0.63
182	0.63
183	0.63
184	0.63
185	0.63
186	0.63
187	0.63
188	0.63
189	0.63
190	0.63
191	0.63
192	0.63
193	0.63
194	0.63
195	0.63
196	0.63
197	0.63
198	0.63
199	0.63
200	0.63
201	0.63
202	0.63
203	0.63
204	0.63
205	0.63
206	0.63
207	0.63
208	0.63
209	0.63
210	0.63
211	0.63
212	0.63
213	0.63
214	0.63
215	0.63
216	0.63
217	0.63
218	0.63
219	0.63
220	0.63
221	0.63
222	0.63
223	0.63
224	0.63
225	0.63
226	0.63
227	0.63
228	0.63
229	0.63
230	0.63
231	0.63
232	0.63
233	0.63
234	0.63
235	0.63
236	0.63
237	0.63
238	0.63
239	0.63
240	0.63
241	0.63
242	0.63
243	0.63
244	0.63
245	0.63
246	0.63
247	0.63
248	0.63
249	0.63
250	0.63
251	0.63
252	0.63
253	0.63
254	0.63
255	0.63
256	0.63
257	0.63
258	0.63
259	0.63
260	0.63
261	0.63
262	0.63
263	0.63
264	0.63
265	0.63
266	0.63
267	0.63
268	0.63
269	0.63
270	0.63
271	0.63
272	0.63
273	0.63
274	0.63
275	0.63
276	0.63
277	0.63
278	0.63
279	0.63
280	0.63
281	0.63
282	0.63
283	0.63
284	0.63
285	0.63
286	0.63
287	0.63
288	0.63
289	0.63
290	0.63
291	0.63
292	0.63
293	0.63
294	0.63
295	0.63
296	0.63
297	0.63
298	0.63
299	0.63
300	0.63
301	0.63
302	0.63
303	0.63
304	0.63
305	0.63
306	0.63
307	0.63
308	0.63
309	0.63
310	0.63
311	0.63
312	0.63
313	0.63
314	0.63
315	0.63
316	0.63
317	0.63
318	0.63
319	0.63
320	0.63
321	0.63
322	0.63
323	0.63
324	0.63
325	0.63
326	0.63
327	0.63
328	0.63
329	0.63
330	0.63
331	0.63
332	0.63
333	0.63
334	0.63
335	0.63
336	0.63
337	0.63
338	0.63
339	0.63
340	0.63
341	0.63
342	0.63
343	0.63
344	0.63
345	0.63
346	0.63
347	0.63
348	0.63
349	0.63
350	0.63
351	0.63
352	0.63
353	0.63
354	0.63
355	0.63
356	0.63
357	0.63
358	0.63
359	0.63
360	0.63
361	0.63
362	0.63
363	0.63
364	0.63
365	0.63
366	0.63
367	0.63
368	0.63
369	0.63
370	0.63
371	0.63
372	0.63
373	0.63
374	0.63
375	0.63
376	0.63
377	0.63
378	0.63
379	0.63
380	0.63
381	0.63
382	0.63
383	0.63
384	0.63
385	0.63
386	0.63
387	0.63
388	0.63
389	0.63
390	0.63
391	0.63
392	0.63
393	0.63
394	0.63
395	0.63
396	0.63
397	0.63
398	0.63
399	0.63
400	0.63
401	0.63
402	0.63
403	0.63
404	0.63
405	0.63
406	0.63
407	0.63
408	0.63
409	0.63
410	0.63
411	0.63
412	0.63
413	0.63
414	0.63
415	0.63
416	0.63
417	0.63
418	0.63
419	0.63
420	0.63
421	0.63
422	0.63
423	0.63
424	0.63
425	0.63
426	0.63
427	0.63
428	0.63
429	0.63
430	0.63
431	0.63
432	0.63
433	0.63
434	0.63
435	0.63
436	0.63
437	0.63
438	0.63
439	0.63
440	0.63
441	0.62
442	0.62
443	0.62
444	0.62
445	0.62
446	0.62
447	0.62
448	0.62
449	0.62
450	0.62
451	0.62
452	0.62
453	0.62
454	0.62
455	0.62
456	0.62
457	0.62
458	0.62
459	0.62
460	0.62
461	0.62
462	0.62
463	0.62
464	0.62
465	0.62
466	0.62
467	0.62
468	0.62
469	0.62
470	0.62
471	0.62
472	0.62
473	0.62
474	0.62
475	0.62
476	0.62
477	0.62
478	0.62
479	0.62
480	0.62
481	0.62
482	0.62
483	0.62
484	0.62
485	0.62
486	0.62
487	0.62
488	0.62
489	0.62
490	0.62
491	0.62
492	0.62
493	0.62
494	0.62
495	0.62
496	0.62
497	0.62
498	0.62
499	0.62
500	0.62
501	0.62
502	0.62
503	0.62
504	0.62
505	0.62
506	0.62
507	0.62
508	0.62
509	0.62
510	0.62
511	0.62
512	0.62
513	0.62
514	0.62
515	0.62
516	0.62
517	0.62
518	0.62
519	0.62
520	0.62
521	0.62
522	0.62
523	0.62
524	0.62
525	0.62
526	0.62
527	0.62
528	0.62
529	0.62
530	0.62
531	0.62
532	0.62
533	0.62
534	0.62
535	0.62
536	0.62
537	0.62
538	0.62
539	0.62
540	0.62
541	0.62
542	0.62
543	0.62
544	0.62
545	0.62
546	0.62
547	0.62
548	0.62
549	0.62
550	0.62
551	0.62
552	0.62
553	0.62
554	0.62
555	0.62
556	0.62
557	0.62
558	0.62
559	0.62
560	0.62
561	0.62
562	0.62
563	0.62
564	0.62
565	0.62
566	0.62
567	0.62
568	0.62
569	0.62
570	0.62
571	0.62
572	0.62
573	0.62
574	0.62
575	0.62
576	0.62
577	0.62
578	0.62
579	0.62
580	0.62
581	0.62
582	0.62
583	0.62
584	0.62
585	0.62
586	0.62
587	0.62
588	0.62
589	0.62
590	0.62
591	0.62
592	0.62
593	0.62
594	0.62
595	0.62
596	0.62
597	0.62
598	0.62
599	0.62
600	0.62
601	0.62
602	0.62
603	0.62
604	0.62
605	0.62
606	0.62
607	0.62
608	0.62
609	0.62
610	0.62
611	0.62
612	0.62
613	0.62
614	0.62
615	0.62
616	0.62
617	0.62
618	0.62
619	0.62
620	0.62
621	0.62
622	0.62
623	0.62
624	0.62
625	0.62
626	0.62
627	0.62
628	0.62
629	0.62
630	0.62
631	0.62
632	0.62
633	0.62
634	0.62
635	0.62
636	0.62
637	0.62
638	0.62
639	0.62
640	0.62
641	0.62
642	0.62
643	0.62
644	0.62
645	0.62
646	0.62
647	0.62
648	0.62
649	0.62
650	0.62
651	0.62
652	0.62
653	0.62
654	0.62
655	0.62
656	0.62
657	0.62
658	0.62
659	0.62
660	0.62
661	0.62
662	0.62
663	0.62
664	0.62
665	0.62
666	0.62
667	0.62
668	0.62
669	0.62
670	0.62
671	0.62
672	0.62
673	0.62
674	0.62
675	0.62
676	0.62
677	0.62
678	0.62
679	0.62
680	0.61
681	0.61
682	0.61
683	0.61
684	0.61
685	0.61
686	0.61
687	0.61
688	0.61
689	0.61
690	0.61
691	0.61
692	0.61
693	0.61
694	0.61
695	0.61
696	0.61
697	0.61
698	0.61
699	0.61
700	0.61
701	0.61
702	0.61
703	0.61
704	0.61
705	0.61
706	0.61
707	0.61
708	0.61
709	0.61
710	0.61
711	0.61
712	0.61
713	0.61
714	0.61
715	0.61
716	0.61
717	0.61
718	0.61
719	0.61
720	0.61
721	0.61
722	0.61
723	0.61
724	0.61
725	0.61
726	0.61
727	0.61
728	0.61
729	0.61
730	0.61
731	0.61
732	0.61
733	0.61
734	0.61
735	0.61
736	0.61
737	0.61
738	0.61
739	0.61
740	0.61
741	0.61
742	0.61
743	0.61
744	0.61
745	0.61
746	0.61
747	0.61
748	0.61
749	0.61
750	0.61
751	0.61
752	0.61
753	0.61
754	0.61
755	0.61
756	0.61
757	0.61
758	0.61
759	0.61
760	0.61
761	0.61
762	0.61
763	0.61
764	0.61
765	0.61
766	0.61
767	0.61
768	0.61
769	0.61
770	0.61
771	0.61
772	0.61
773	0.61
774	0.61
775	0.61
776	0.61
777	0.61
778	0.61
779	0.61
780	0.61
781	0.61
782	0.61
783	0.61
784	0.61
785	0.61
786	0.61
787	0.61
788	0.61
789	0.61
790	0.61
791	0.61
792	0.61
793	0.61
794	0.61
795	0.61
796	0.61
797	0.61
798	0.61
799	0.61
800	0.61
801	0.61
802	0.61
803	0.61
804	0.61
805	0.61
806	0.61
807	0.61
808	0.61
809	0.61
810	0.61
811	0.61
812	0.61
813	0.61
814	0.61
815	0.61
816	0.61
817	0.61
818	0.61
819	0.61
820	0.61
821	0.61
822	0.61
823	0.61
824	0.61
825	0.61
826	0.61
827	0.61
828	0.61
829	0.61
830	0.61
831	0.61
832	0.61
833	0.61
834	0.61
835	0.61
836	0.61
837	0.61
838	0.61
839	0.61
840	0.61
841	0.61
842	0.61
843	0.61
844	0.61
845	0.61
846	0.61
847	0.61
848	0.61
849	0.61
850	0.61
851	0.61
852	0.61
853	0.61
854	0.61
855	0.61
856	0.61
857	0.61
858	0.61
859	0.61
860	0.61
861	0.61
862	0.61
863	0.61
864	0.61
865	0.61
866	0.61
867	0.61
868	0.61
869	0.61
870	0.61
871	0.61
872	0.61
873	0.61
874	0.61
875	0.61
876	0.61
877	0.61
878	0.61
879	0.61
880	0.61
881	0.61
882	0.61
883	0.61
884	0.61
885	0.61
886	0.61
887	0.61
888	0.61
889	0.61
890	0.61
891	0.61
892	0.61
893	0.61
894	0.61
895	0.61
896	0.61
897	0.61
898	0.61
899	0.61
900	0.61
901	0.61
902	0.61
903	0.61
904	0.61
905	0.61
906	0.61
907	0.61
908	0.61
909	0.61
910	0.61
911	0.61
912	0.61
913	0.61
914	0.61
915	0.61
916	0.61
917	0.61
918	0.61
919	0.61
920	0.61
921	0.61
922	0.61
923	0.61
924	0.61
925	0.61
926	0.61
927	0.61
928	0.61
929	0.61
930	0.61
931	0.61
932	0.61
933	0.61
934	0.61
935	0.61
936	0.61
937	0.61
938	0.61
939	0.61
940	0.61
941	0.61
942	0.61
943	0.61
944	0.61
945	0.61
946	0.61
947	0.61
948	0.61
949	0.61
950	0.61
951	0.61
952	0.61
953	0.61
954	0.61
955	0.61
956	0.61
957	0.61
958	0.61
959	0.61
960	0.61
961	0.61
962	0.61
963	0.61
964	0.61
965	0.61
966	0.61
967	0.61
968	0.61
969	0.61
970	0.61
971	0.61
972	0.61
973	0.61
974	0.61
975	0.61
976	0.61
977	0.61
978	0.61
979	0.61
980	0.61
981	0.61
982	0.61
983	0.61
984	0.61
985	0.61
986	0.61
987	0.61
988	0.61
989	0.61
990	0.61
991	0.61
992	0.61
993	0.61
994	0.61
995	0.61
996	0.61
997	0.61
998	0.61
999	0.61
1000	0.61
1001	0.61
1002	0.61
1003	0.61
1004	0.61
1005	0.61
1006	0.61
1007	0.61
1008	0.61
1009	0.61
1010	0.61
1011	0.61
1012	0.61
1013	0.61
1014	0.61
1015	0.61
1016	0.61
1017	0.61
1018	0.61
1019	0.61
1020	0.61
1021	0.61
1022	0.61
1023	0.61
1024	0.61
1025	0.61
1026	0.61
1027	0.61
1028	0.61
1029	0.61
1030	0.6
1031	0.6
1032	0.6
1033	0.6
1034	0.6
1035	0.6
1036	0.6
1037	0.6
1038	0.6
1039	0.6
1040	0.6
1041	0.6
1042	0.6
1043	0.6
1044	0.6
1045	0.6
1046	0.6
1047	0.6
1048	0.6
1049	0.6
1050	0.6
1051	0.6
1052	0.6
1053	0.6
1054	0.6
1055	0.6
1056	0.6
1057	0.6
1058	0.6
1059	0.6
1060	0.6
1061	0.6
1062	0.6
1063	0.6
1064	0.6
1065	0.6
1066	0.6
1067	0.6
1068	0.6
1069	0.6
1070	0.6
1071	0.6
1072	0.6
1073	0.6
1074	0.6
1075	0.6
1076	0.6
1077	0.6
1078	0.6
1079	0.6
1080	0.6
1081	0.6
1082	0.6
1083	0.6
1084	0.6
1085	0.6
1086	0.6
1087	0.59
1088	0.59
1089	0.59
1090	0.59
1091	0.59
1092	0.59
1093	0.59
1094	0.59
1095	0.59
1096	0.59
1097	0.59
1098	0.59
1099	0.59
1100	0.59
1101	0.59
1102	0.59
1103	0.59
1104	0.59
1105	0.59
1106	0.59
1107	0.59
1108	0.59
1109	0.59
1110	0.59
1111	0.59
1112	0.59
1113	0.59
1114	0.59
1115	0.59
1116	0.59
1117	0.59
1118	0.59
1119	0.59
1120	0.59
1121	0.59
1122	0.59
1123	0.59
1124	0.59
1125	0.59
1126	0.59
1127	0.59
1128	0.59
1129	0.59
1130	0.59
1131	0.59
1132	0.59
1133	0.59
1134	0.59
1135	0.59
1136	0.59
1137	0.59
1138	0.59
1139	0.59
1140	0.59
1141	0.59
1142	0.59
1143	0.59
1144	0.59
1145	0.59
1146	0.59
1147	0.59
1148	0.59
1149	0.59
1150	0.59
1151	0.59
1152	0.59
1153	0.59
1154	0.59
1155	0.59
1156	0.59
1157	0.59
1158	0.59
1159	0.59
1160	0.59
1161	0.59
1162	0.59
1163	0.59
1164	0.59
1165	0.59
1166	0.59
1167	0.59
1168	0.59
1169	0.59
1170	0.59
1171	0.59
1172	0.59
1173	0.59
1174	0.59
1175	0.59
1176	0.59
1177	0.59
1178	0.59
1179	0.59
1180	0.59
1181	0.59
1182	0.59
1183	0.59
1184	0.59
1185	0.59
1186	0.59
1187	0.59
1188	0.59
1189	0.59
1190	0.59
1191	0.59
1192	0.59
1193	0.59
1194	0.59
1195	0.59
1196	0.59
1197	0.59
1198	0.59
1199	0.59
1200	0.59
1201	0.59
1202	0.59
1203	0.59
1204	0.59
1205	0.59
1206	0.59
1207	0.59
1208	0.59
1209	0.59
1210	0.59
1211	0.59
1212	0.59
1213	0.59
1214	0.59
1215	0.59
1216	0.59
1217	0.59
1218	0.59
1219	0.59
1220	0.59
1221	0.59
1222	0.59
1223	0.59
1224	0.59
1225	0.59
1226	0.59
1227	0.59
1228	0.59
1229	0.59
1230	0.59
1231	0.59
1232	0.59
1233	0.59
1234	0.59
1235	0.59
1236	0.59
1237	0.59
1238	0.59
1239	0.59
1240	0.59
1241	0.59
1242	0.59
1243	0.59
1244	0.59
1245	0.59
1246	0.59
1247	0.59
1248	0.59
1249	0.59
1250	0.59
1251	0.59
1252	0.59
1253	0.59
1254	0.59
1255	0.59
1256	0.59
1257	0.59
1258	0.59
1259	0.59
1260	0.59
1261	0.59
1262	0.59
1263	0.59
1264	0.59
1265	0.59
1266	0.59
1267	0.59
1268	0.59
1269	0.59
1270	0.59
1271	0.59
1272	0.59
1273	0.59
1274	0.59
1275	0.59
1276	0.59
1277	0.59
1278	0.59
1279	0.59
1280	0.59
1281	0.59
1282	0.59
1283	0.59
1284	0.59
1285	0.59
1286	0.59
1287	0.59
1288	0.59
1289	0.59
1290	0.59
1291	0.59
1292	0.59
1293	0.59
1294	0.59
1295	0.59
1296	0.58
1297	0.58
1298	0.58
1299	0.58
1300	0.58
1301	0.58
1302	0.58
1303	0.58
1304	0.58
1305	0.58
1306	0.58
1307	0.58
1308	0.58
1309	0.58
1310	0.58
1311	0.58
1312	0.58
1313	0.58
1314	0.58
1315	0.58
1316	0.58
1317	0.58
1318	0.58
1319	0.58
1320	0.58
1321	0.58
1322	0.58
1323	0.58
1324	0.58
1325	0.58
1326	0.58
1327	0.58
1328	0.58
1329	0.58
1330	0.58
1331	0.58
1332	0.58
1333	0.58
1334	0.58
1335	0.58
1336	0.58
1337	0.58
1338	0.58
1339	0.58
1340	0.58
1341	0.58
1342	0.58
1343	0.58
1344	0.58
1345	0.58
1346	0.58
1347	0.58
1348	0.58
1349	0.58
1350	0.58
1351	0.58
1352	0.58
1353	0.58
1354	0.58
1355	0.58
1356	0.58
1357	0.58
1358	0.58
1359	0.58
1360	0.58
1361	0.58
1362	0.58
1363	0.58
1364	0.58
1365	0.58
1366	0.58
1367	0.58
1368	0.58
1369	0.58
1370	0.58
1371	0.58
1372	0.58
1373	0.58
1374	0.58
1375	0.58
1376	0.58
1377	0.58
1378	0.58
1379	0.58
1380	0.58
1381	0.58
1382	0.58
1383	0.58
1384	0.58
1385	0.58
1386	0.58
1387	0.58
1388	0.58
1389	0.58
1390	0.58
1391	0.58
1392	0.58
1393	0.58
1394	0.58
1395	0.58
1396	0.58
1397	0.58
1398	0.58
1399	0.58
1400	0.58
1401	0.58
1402	0.58
1403	0.58
1404	0.58
1405	0.58
1406	0.58
1407	0.58
1408	0.58
1409	0.58
1410	0.58
1411	0.58
1412	0.58
1413	0.58
1414	0.58
1415	0.58
1416	0.58
1417	0.58
1418	0.58
1419	0.58
1420	0.58
1421	0.58
1422	0.58
1423	0.58
1424	0.58
1425	0.58
1426	0.58
1427	0.58
1428	0.58
1429	0.58
1430	0.58
1431	0.58
1432	0.58
1433	0.58
1434	0.58
1435	0.58
1436	0.58
1437	0.58
1438	0.58
1439	0.58
1440	0.58
1441	0.58
1442	0.58
1443	0.58
1444	0.58
1445	0.58
1446	0.58
1447	0.58
1448	0.58
1449	0.58
1450	0.58
1451	0.58
1452	0.58
1453	0.58
1454	0.58
1455	0.58
1456	0.58
1457	0.58
1458	0.58
1459	0.58
1460	0.58
1461	0.58
1462	0.58
1463	0.58
1464	0.58
1465	0.58
1466	0.58
1467	0.58
1468	0.58
1469	0.58
1470	0.58
1471	0.58
1472	0.58
1473	0.58
1474	0.58
1475	0.58
1476	0.58
1477	0.58
1478	0.58
1479	0.58
1480	0.58
1481	0.58
1482	0.58
1483	0.58
1484	0.58
1485	0.58
1486	0.58
1487	0.58
1488	0.58
1489	0.58
1490	0.58
1491	0.58
1492	0.58
1493	0.58
1494	0.58
1495	0.58
1496	0.58
1497	0.58
1498	0.58
1499	0.58
1500	0.58
1501	0.58
1502	0.58
1503	0.58
1504	0.58
1505	0.58
1506	0.58
1507	0.58
1508	0.58
1509	0.58
1510	0.58
1511	0.58
1512	0.58
1513	0.58
1514	0.58
1515	0.58
1516	0.58
1517	0.58
1518	0.58
1519	0.58
1520	0.58
1521	0.58
1522	0.58
1523	0.58
1524	0.58
1525	0.58
1526	0.58
1527	0.58
1528	0.58
1529	0.58
1530	0.58
1531	0.58
1532	0.58
1533	0.58
1534	0.57
1535	0.57
1536	0.57
1537	0.57
1538	0.57
1539	0.57
1540	0.57
1541	0.57
1542	0.57
1543	0.57
1544	0.57
1545	0.57
1546	0.57
1547	0.57
1548	0.57
1549	0.57
1550	0.57
1551	0.57
1552	0.57
1553	0.57
1554	0.57
1555	0.57
1556	0.57
1557	0.57
1558	0.57
1559	0.57
1560	0.57
1561	0.57
1562	0.57
1563	0.57
1564	0.57
1565	0.57
1566	0.57
1567	0.57
1568	0.57
1569	0.57
1570	0.57
1571	0.57
1572	0.57
1573	0.57
1574	0.57
1575	0.57
1576	0.57
1577	0.57
1578	0.57
1579	0.57
1580	0.57
1581	0.57
1582	0.57
1583	0.57
1584	0.57
1585	0.57
1586	0.57
1587	0.57
1588	0.57
1589	0.57
1590	0.57
1591	0.57
1592	0.57
1593	0.57
1594	0.57
1595	0.57
1596	0.57
1597	0.57
1598	0.57
1599	0.57
1600	0.57
1601	0.57
1602	0.57
1603	0.57
1604	0.57
1605	0.57
1606	0.57
1607	0.57
1608	0.57
1609	0.57
1610	0.57
1611	0.57
1612	0.57
1613	0.57
1614	0.57
1615	0.57
1616	0.57
1617	0.57
1618	0.57
1619	0.57
1620	0.57
1621	0.57
1622	0.57
1623	0.57
1624	0.57
1625	0.57
1626	0.57
1627	0.57
1628	0.57
1629	0.57
1630	0.57
1631	0.57
1632	0.57
1633	0.57
1634	0.57
1635	0.57
1636	0.57
1637	0.57
1638	0.57
1639	0.57
1640	0.57
1641	0.57
1642	0.57
1643	0.57
1644	0.57
1645	0.57
1646	0.57
1647	0.57
1648	0.57
1649	0.57
1650	0.57
1651	0.57
1652	0.57
1653	0.57
1654	0.57
1655	0.57
1656	0.57
1657	0.57
1658	0.57
1659	0.57
1660	0.57
1661	0.57
1662	0.57
1663	0.57
1664	0.57
1665	0.57
1666	0.57
1667	0.57
1668	0.57
1669	0.57
1670	0.57
1671	0.57
1672	0.57
1673	0.57
1674	0.57
1675	0.57
1676	0.57
1677	0.57
1678	0.57
1679	0.57
1680	0.57
1681	0.57
1682	0.57
1683	0.57
1684	0.57
1685	0.57
1686	0.57
1687	0.57
1688	0.57
1689	0.57
1690	0.57
1691	0.57
1692	0.57
1693	0.57
1694	0.57
1695	0.57
1696	0.57
1697	0.57
1698	0.57
1699	0.57
1700	0.57
1701	0.57
1702	0.57
1703	0.57
1704	0.57
1705	0.57
1706	0.57
1707	0.57
1708	0.57
1709	0.57
1710	0.57
1711	0.57
1712	0.57
1713	0.57
1714	0.57
1715	0.57
1716	0.57
1717	0.57
1718	0.57
1719	0.57
1720	0.57
1721	0.57
1722	0.57
1723	0.57
1724	0.57
1725	0.57
1726	0.57
1727	0.57
1728	0.57
1729	0.57
1730	0.57
1731	0.57
1732	0.57
1733	0.57
1734	0.57
1735	0.57
1736	0.57
1737	0.57
1738	0.57
1739	0.57
1740	0.57
1741	0.57
1742	0.57
1743	0.57
1744	0.57
1745	0.57
1746	0.57
1747	0.57
1748	0.57
1749	0.57
1750	0.57
1751	0.57
1752	0.57
1753	0.57
1754	0.57
1755	0.57
1756	0.57
1757	0.57
1758	0.57
1759	0.57
1760	0.57
1761	0.57
1762	0.57
1763	0.57
1764	0.57
1765	0.57
1766	0.57
1767	0.57
1768	0.57
1769	0.57
1770	0.57
1771	0.57
1772	0.57
1773	0.56
1774	0.56
1775	0.56
1776	0.56
1777	0.56
1778	0.56
1779	0.56
1780	0.56
1781	0.56
1782	0.56
1783	0.56
1784	0.56
1785	0.56
1786	0.56
1787	0.56
1788	0.56
1789	0.56
1790	0.56
1791	0.56
1792	0.56
1793	0.56
1794	0.56
1795	0.56
1796	0.56
1797	0.56
1798	0.56
1799	0.56
1800	0.56
1801	0.56
1802	0.56
1803	0.56
1804	0.56
1805	0.56
1806	0.56
1807	0.56
1808	0.56
1809	0.56
1810	0.56
1811	0.56
1812	0.56
1813	0.56
1814	0.56
1815	0.56
1816	0.56
1817	0.56
1818	0.56
1819	0.56
1820	0.56
1821	0.56
1822	0.56
1823	0.56
1824	0.56
1825	0.56
1826	0.56
1827	0.56
1828	0.56
1829	0.56
1830	0.56
1831	0.56
1832	0.56
1833	0.56
1834	0.56
1835	0.56
1836	0.56
1837	0.56
1838	0.56
1839	0.56
1840	0.56
1841	0.56
1842	0.56
1843	0.56
1844	0.56
1845	0.56
1846	0.56
1847	0.56
1848	0.56
1849	0.56
1850	0.56
1851	0.56
1852	0.56
1853	0.56
1854	0.56
1855	0.56
1856	0.56
1857	0.56
1858	0.56
1859	0.56
1860	0.56
1861	0.56
1862	0.56
1863	0.56
1864	0.56
1865	0.56
1866	0.56
1867	0.56
1868	0.56
1869	0.56
1870	0.56
1871	0.56
1872	0.56
1873	0.56
1874	0.56
1875	0.56
1876	0.56
1877	0.56
1878	0.56
1879	0.56
1880	0.56
1881	0.56
1882	0.56
1883	0.56
1884	0.56
1885	0.56
1886	0.56
1887	0.56
1888	0.56
1889	0.56
1890	0.56
1891	0.56
1892	0.56
1893	0.56
1894	0.56
1895	0.56
1896	0.56
1897	0.56
1898	0.56
1899	0.56
1900	0.56
1901	0.56
1902	0.56
1903	0.56
1904	0.56
1905	0.56
1906	0.56
1907	0.56
1908	0.56
1909	0.56
1910	0.56
1911	0.56
1912	0.56
1913	0.56
1914	0.56
1915	0.56
1916	0.56
1917	0.56
1918	0.56
1919	0.56
1920	0.56
1921	0.56
1922	0.56
1923	0.56
1924	0.56
1925	0.56
1926	0.56
1927	0.56
1928	0.56
1929	0.56
1930	0.56
1931	0.56
1932	0.56
1933	0.56
1934	0.56
1935	0.56
1936	0.56
1937	0.56
1938	0.56
1939	0.56
1940	0.56
1941	0.56
1942	0.56
1943	0.56
1944	0.56
1945	0.56
1946	0.56
1947	0.56
1948	0.56
1949	0.56
1950	0.56
1951	0.56
1952	0.56
1953	0.56
1954	0.56
1955	0.56
1956	0.56
1957	0.56
1958	0.56
1959	0.56
1960	0.56
1961	0.56
1962	0.56
1963	0.56
1964	0.56
1965	0.56
1966	0.56
1967	0.56
1968	0.56
1969	0.56
1970	0.56
1971	0.56
1972	0.56
1973	0.56
1974	0.56
1975	0.56
1976	0.56
1977	0.56
1978	0.56
1979	0.56
1980	0.56
1981	0.56
1982	0.56
1983	0.56
1984	0.56
1985	0.56
1986	0.56
1987	0.56
1988	0.56
1989	0.56
1990	0.56
1991	0.56
1992	0.56
1993	0.56
1994	0.56
1995	0.56
1996	0.56
1997	0.56
1998	0.56
1999	0.56
2000	0.56
2001	0.56
2002	0.56
2003	0.56
2004	0.56
2005	0.56
2006	0.56
2007	0.56
2008	0.56
2009	0.56
2010	0.56
2011	0.56
2012	0.55
2013	0.55
2014	0.55
2015	0.55
2016	0.55
2017	0.55
2018	0.55
2019	0.55
2020	0.55
2021	0.55
2022	0.55
2023	0.55
2024	0.55
2025	0.55
2026	0.55
2027	0.55
2028	0.55
2029	0.55
2030	0.55
2031	0.55
2032	0.55
2033	0.55
2034	0.55
2035	0.55
2036	0.55
2037	0.55
2038	0.55
2039	0.55
2040	0.55
2041	0.55
2042	0.55
2043	0.55
2044	0.55
2045	0.55
2046	0.55
2047	0.55
2048	0.55
2049	0.55
2050	0.55
2051	0.55
2052	0.55
2053	0.55
2054	0.55
2055	0.55
2056	0.55
2057	0.55
2058	0.55
2059	0.55
2060	0.55
2061	0.55
2062	0.55
2063	0.55
2064	0.55
2065	0.55
2066	0.55
2067	0.55
2068	0.55
2069	0.55
2070	0.55
2071	0.55
2072	0.55
2073	0.55
2074	0.55
2075	0.55
2076	0.55
2077	0.55
2078	0.55
2079	0.55
2080	0.55
2081	0.55
2082	0.55
2083	0.55
2084	0.55
2085	0.55
2086	0.55
2087	0.55
2088	0.55
2089	0.55
2090	0.55
2091	0.55
2092	0.55
2093	0.55
2094	0.55
2095	0.55
2096	0.55
2097	0.55
2098	0.55
2099	0.55
2100	0.55
2101	0.55
2102	0.55
2103	0.55
2104	0.55
2105	0.55
2106	0.55
2107	0.55
2108	0.55
2109	0.55
2110	0.55
2111	0.55
2112	0.55
2113	0.55
2114	0.55
2115	0.55
2116	0.55
2117	0.55
2118	0.55
2119	0.55
2120	0.55
2121	0.55
2122	0.55
2123	0.55
2124	0.55
2125	0.55
2126	0.55
2127	0.55
2128	0.55
2129	0.55
2130	0.55
2131	0.55
2132	0.55
2133	0.55
2134	0.55
2135	0.55
2136	0.55
2137	0.55
2138	0.55
2139	0.55
2140	0.55
2141	0.55
2142	0.55
2143	0.55
2144	0.55
2145	0.55
2146	0.55
2147	0.55
2148	0.55
2149	0.55
2150	0.55
2151	0.55
2152	0.55
2153	0.55
2154	0.55
2155	0.55
2156	0.55
2157	0.55
2158	0.55
2159	0.55
2160	0.55
2161	0.55
2162	0.55
2163	0.55
2164	0.55
2165	0.55
2166	0.55
2167	0.55
2168	0.55
2169	0.55
2170	0.55
2171	0.55
2172	0.55
2173	0.55
2174	0.55
2175	0.55
2176	0.55
2177	0.55
2178	0.55
2179	0.55
2180	0.55
2181	0.55
2182	0.55
2183	0.55
2184	0.55
2185	0.55
2186	0.55
2187	0.55
2188	0.55
2189	0.55
2190	0.55
2191	0.55
2192	0.55
2193	0.55
2194	0.55
2195	0.55
2196	0.55
2197	0.55
2198	0.55
2199	0.55
2200	0.55
2201	0.55
2202	0.55
2203	0.55
2204	0.55
2205	0.55
2206	0.55
2207	0.55
2208	0.55
2209	0.55
2210	0.55
2211	0.55
2212	0.55
2213	0.55
2214	0.55
2215	0.55
2216	0.55
2217	0.55
2218	0.55
2219	0.55
2220	0.55
2221	0.55
2222	0.55
2223	0.55
2224	0.55
2225	0.55
2226	0.55
2227	0.55
2228	0.55
2229	0.55
2230	0.55
2231	0.55
2232	0.55
2233	0.55
2234	0.55
2235	0.55
2236	0.55
2237	0.55
2238	0.55
2239	0.55
2240	0.55
2241	0.55
2242	0.55
2243	0.55
2244	0.55
2245	0.55
2246	0.55
2247	0.55
2248	0.55
2249	0.55
2250	0.55
2251	0.54
2252	0.54
2253	0.54
2254	0.54
2255	0.54
2256	0.54
2257	0.54
2258	0.54
2259	0.54
2260	0.54
2261	0.54
2262	0.54
2263	0.54
2264	0.54
2265	0.54
2266	0.54
2267	0.54
2268	0.54
2269	0.54
2270	0.54
2271	0.54
2272	0.54
2273	0.54
2274	0.54
2275	0.54
2276	0.54
2277	0.54
2278	0.54
2279	0.54
2280	0.54
2281	0.54
2282	0.54
2283	0.54
2284	0.54
2285	0.54
2286	0.54
2287	0.54
2288	0.54
2289	0.54
2290	0.54
2291	0.54
2292	0.54
2293	0.54
2294	0.54
2295	0.54
2296	0.54
2297	0.54
2298	0.54
2299	0.54
2300	0.54
2301	0.54
2302	0.54
2303	0.54
2304	0.54
2305	0.54
2306	0.54
2307	0.54
2308	0.54
2309	0.54
2310	0.54
2311	0.54
2312	0.54
2313	0.54
2314	0.54
2315	0.54
2316	0.54
2317	0.54
2318	0.54
2319	0.54
2320	0.54
2321	0.54
2322	0.54
2323	0.54
2324	0.54
2325	0.54
2326	0.54
2327	0.54
2328	0.54
2329	0.54
2330	0.54
2331	0.54
2332	0.54
2333	0.54
2334	0.54
2335	0.54
2336	0.54
2337	0.54
2338	0.54
2339	0.54
2340	0.54
2341	0.54
2342	0.54
2343	0.54
2344	0.54
2345	0.54
2346	0.54
2347	0.54
2348	0.54
2349	0.54
2350	0.54
2351	0.54
2352	0.54
2353	0.54
2354	0.54
2355	0.54
2356	0.54
2357	0.54
2358	0.54
2359	0.54
2360	0.54
2361	0.54
2362	0.54
2363	0.54
2364	0.54
2365	0.54
2366	0.54
2367	0.54
2368	0.54
2369	0.54
2370	0.54
2371	0.54
2372	0.54
2373	0.54
2374	0.54
2375	0.54
2376	0.54
2377	0.54
2378	0.54
2379	0.54
2380	0.54
2381	0.54
2382	0.54
2383	0.54
2384	0.54
2385	0.54
2386	0.54
2387	0.54
2388	0.54
2389	0.54
2390	0.54
2391	0.54
2392	0.54
2393	0.54
2394	0.54
2395	0.54
2396	0.54
2397	0.54
2398	0.54
2399	0.54
2400	0.54
2401	0.54
2402	0.54
2403	0.54
2404	0.54
2405	0.54
2406	0.54
2407	0.54
2408	0.54
2409	0.54
2410	0.54
2411	0.54
2412	0.54
2413	0.54
2414	0.54
2415	0.54
2416	0.54
2417	0.54
2418	0.54
2419	0.54
2420	0.54
2421	0.54
2422	0.54
2423	0.54
2424	0.54
2425	0.54
2426	0.54
2427	0.54
2428	0.54
2429	0.54
2430	0.54
2431	0.54
2432	0.54
2433	0.54
2434	0.54
2435	0.54
2436	0.54
2437	0.54
2438	0.54
2439	0.54
2440	0.54
2441	0.54
2442	0.54
2443	0.54
2444	0.54
2445	0.54
2446	0.54
2447	0.54
2448	0.54
2449	0.54
2450	0.54
2451	0.54
2452	0.54
2453	0.54
2454	0.54
2455	0.54
2456	0.54
2457	0.54
2458	0.54
2459	0.54
2460	0.54
2461	0.54
2462	0.54
2463	0.54
2464	0.54
2465	0.54
2466	0.54
2467	0.54
2468	0.54
2469	0.54
2470	0.54
2471	0.54
2472	0.54
2473	0.54
2474	0.54
2475	0.54
2476	0.54
2477	0.54
2478	0.54
2479	0.54
2480	0.54
2481	0.54
2482	0.54
2483	0.54
2484	0.54
2485	0.54
2486	0.54
2487	0.54
2488	0.54
2489	0.54
2490	0.53
2491	0.53
2492	0.53
2493	0.53
2494	0.53
2495	0.53
2496	0.53
2497	0.53
2498	0.53
2499	0.53
2500	0.53
2501	0.53
2502	0.53
2503	0.53
2504	0.53
2505	0.53
2506	0.53
2507	0.53
2508	0.53
2509	0.53
2510	0.53
2511	0.53
2512	0.53
2513	0.53
2514	0.53
2515	0.53
2516	0.53
2517	0.53
2518	0.53
2519	0.53
2520	0.53
2521	0.53
2522	0.53
2523	0.53
2524	0.53
2525	0.53
2526	0.53
2527	0.53
2528	0.53
2529	0.53
2530	0.53
2531	0.53
2532	0.53
2533	0.53
2534	0.53
2535	0.53
2536	0.53
2537	0.53
2538	0.53
2539	0.53
2540	0.53
2541	0.53
2542	0.53
2543	0.53
2544	0.53
2545	0.53
2546	0.53
2547	0.53
2548	0.53
2549	0.53
2550	0.53
2551	0.53
2552	0.53
2553	0.53
2554	0.53
2555	0.53
2556	0.53
2557	0.53
2558	0.53
2559	0.53
2560	0.53
2561	0.53
2562	0.53
2563	0.53
2564	0.53
2565	0.53
2566	0.53
2567	0.53
2568	0.53
2569	0.53
2570	0.53
2571	0.53
2572	0.53
2573	0.53
2574	0.53
2575	0.53
2576	0.53
2577	0.53
2578	0.53
2579	0.53
2580	0.53
2581	0.53
2582	0.53
2583	0.53
2584	0.53
2585	0.53
2586	0.53
2587	0.53
2588	0.53
2589	0.53
2590	0.53
2591	0.53
2592	0.53
2593	0.53
2594	0.53
2595	0.53
2596	0.53
2597	0.53
2598	0.53
2599	0.53
2600	0.53
2601	0.53
2602	0.53
2603	0.53
2604	0.53
2605	0.53
2606	0.53
2607	0.53
2608	0.53
2609	0.53
2610	0.53
2611	0.53
2612	0.53
2613	0.53
2614	0.53
2615	0.53
2616	0.53
2617	0.53
2618	0.53
2619	0.53
2620	0.53
2621	0.53
2622	0.53
2623	0.53
2624	0.53
2625	0.53
2626	0.53
2627	0.53
2628	0.53
2629	0.53
2630	0.53
2631	0.53
2632	0.53
2633	0.53
2634	0.53
2635	0.53
2636	0.53
2637	0.53
2638	0.53
2639	0.53
2640	0.53
2641	0.53
2642	0.53
2643	0.53
2644	0.53
2645	0.53
2646	0.53
2647	0.53
2648	0.53
2649	0.53
2650	0.53
2651	0.53
2652	0.53
2653	0.53
2654	0.53
2655	0.53
2656	0.53
2657	0.53
2658	0.53
2659	0.53
2660	0.53
2661	0.53
2662	0.53
2663	0.53
2664	0.53
2665	0.53
2666	0.53
2667	0.53
2668	0.53
2669	0.53
2670	0.53
2671	0.53
2672	0.53
2673	0.53
2674	0.53
2675	0.53
2676	0.53
2677	0.53
2678	0.53
2679	0.53
2680	0.53
2681	0.53
2682	0.53
2683	0.53
2684	0.53
2685	0.53
2686	0.53
2687	0.53
2688	0.53
2689	0.53
2690	0.53
2691	0.53
2692	0.53
2693	0.53
2694	0.53
2695	0.53
2696	0.53
2697	0.53
2698	0.53
2699	0.53
2700	0.53
2701	0.53
2702	0.53
2703	0.53
2704	0.53
2705	0.53
2706	0.53
2707	0.53
2708	0.53
2709	0.53
2710	0.53
2711	0.53
2712	0.53
2713	0.53
2714	0.53
2715	0.53
2716	0.53
2717	0.53
2718	0.53
2719	0.53
2720	0.53
2721	0.53
2722	0.53
2723	0.53
2724	0.53
2725	0.53
2726	0.53
2727	0.53
2728	0.53
2729	0.52
2730	0.52
2731	0.52
2732	0.52
2733	0.52
2734	0.52
2735	0.52
2736	0.52
2737	0.52
2738	0.52
2739	0.52
2740	0.52
2741	0.52
2742	0.52
2743	0.52
2744	0.52
2745	0.52
2746	0.52
2747	0.52
2748	0.52
2749	0.52
2750	0.52
2751	0.52
2752	0.52
2753	0.52
2754	0.52
2755	0.52
2756	0.52
2757	0.52
2758	0.52
2759	0.52
2760	0.52
2761	0.52
2762	0.52
2763	0.52
2764	0.52
2765	0.52
2766	0.52
2767	0.52
2768	0.52
2769	0.52
2770	0.52
2771	0.52
2772	0.52
2773	0.52
2774	0.52
2775	0.52
2776	0.52
2777	0.52
2778	0.52
2779	0.52
2780	0.52
2781	0.52
2782	0.52
2783	0.52
2784	0.52
2785	0.52
2786	0.52
2787	0.52
2788	0.52
2789	0.52
2790	0.52
2791	0.52
2792	0.52
2793	0.52
2794	0.52
2795	0.52
2796	0.52
2797	0.52
2798	0.52
2799	0.52
2800	0.52
2801	0.52
2802	0.52
2803	0.52
2804	0.52
2805	0.52
2806	0.52
2807	0.52
2808	0.52
2809	0.52
2810	0.52
2811	0.52
2812	0.52
2813	0.52
2814	0.52
2815	0.52
2816	0.52
2817	0.52
2818	0.52
2819	0.52
2820	0.52
2821	0.52
2822	0.52
2823	0.52
2824	0.52
2825	0.52
2826	0.52
2827	0.52
2828	0.52
2829	0.52
2830	0.52
2831	0.52
2832	0.52
2833	0.52
2834	0.52
2835	0.52
2836	0.52
2837	0.52
2838	0.52
2839	0.52
2840	0.52
2841	0.52
2842	0.52
2843	0.52
2844	0.52
2845	0.52
2846	0.52
2847	0.52
2848	0.52
2849	0.52
2850	0.52
2851	0.52
2852	0.52
2853	0.52
2854	0.52
2855	0.52
2856	0.52
2857	0.52
2858	0.52
2859	0.52
2860	0.52
2861	0.52
2862	0.52
2863	0.52
2864	0.52
2865	0.52
2866	0.52
2867	0.52
2868	0.52
2869	0.52
2870	0.52
2871	0.52
2872	0.52
2873	0.52
2874	0.52
2875	0.52
2876	0.52
2877	0.52
2878	0.52
2879	0.52
2880	0.52
2881	0.52
2882	0.52
2883	0.52
2884	0.52
2885	0.52
2886	0.52
2887	0.52
2888	0.52
2889	0.52
2890	0.52
2891	0.52
2892	0.52
2893	0.52
2894	0.52
2895	0.52
2896	0.52
2897	0.52
2898	0.52
2899	0.52
2900	0.52
2901	0.52
2902	0.52
2903	0.52
2904	0.52
2905	0.52
2906	0.52
2907	0.52
2908	0.52
2909	0.52
2910	0.52
2911	0.52
2912	0.52
2913	0.52
2914	0.52
2915	0.52
2916	0.52
2917	0.52
2918	0.52
2919	0.52
2920	0.52
2921	0.52
2922	0.52
2923	0.52
2924	0.52
2925	0.52
2926	0.52
2927	0.52
2928	0.52
2929	0.52
2930	0.52
2931	0.52
2932	0.52
2933	0.52
2934	0.52
2935	0.52
2936	0.52
2937	0.52
2938	0.51
2939	0.51
2940	0.51
2941	0.51
2942	0.51
2943	0.51
2944	0.51
2945	0.51
2946	0.51
2947	0.51
2948	0.51
2949	0.51
2950	0.51
2951	0.51
2952	0.51
2953	0.51
2954	0.51
2955	0.51
2956	0.51
2957	0.51
2958	0.51
2959	0.51
2960	0.51
2961	0.51
2962	0.51
2963	0.51
2964	0.51
2965	0.51
2966	0.51
2967	0.51
2968	0.51
2969	0.51
2970	0.51
2971	0.51
2972	0.51
2973	0.51
2974	0.51
2975	0.51
2976	0.51
2977	0.51
2978	0.51
2979	0.51
2980	0.51
2981	0.51
2982	0.51
2983	0.51
2984	0.51
2985	0.51
2986	0.51
2987	0.51
2988	0.51
2989	0.51
2990	0.51
2991	0.51
2992	0.51
2993	0.51
2994	0.51
2995	0.51
2996	0.51
2997	0.51
2998	0.51
2999	0.51
3000	0.51
3001	0.51
3002	0.51
3003	0.51
3004	0.51
3005	0.51
3006	0.51
3007	0.51
3008	0.51
3009	0.51
3010	0.51
3011	0.51
3012	0.51
3013	0.51
3014	0.51
3015	0.51
3016	0.51
3017	0.51
3018	0.51
3019	0.51
3020	0.51
3021	0.51
3022	0.51
3023	0.51
3024	0.51
3025	0.51
3026	0.51
3027	0.51
3028	0.51
3029	0.51
3030	0.51
3031	0.51
3032	0.51
3033	0.51
3034	0.51
3035	0.51
3036	0.51
3037	0.51
3038	0.51
3039	0.51
3040	0.51
3041	0.51
3042	0.51
3043	0.51
3044	0.51
3045	0.51
3046	0.51
3047	0.51
3048	0.51
3049	0.51
3050	0.51
3051	0.51
3052	0.51
3053	0.51
3054	0.51
3055	0.51
3056	0.51
3057	0.51
3058	0.51
3059	0.51
3060	0.51
3061	0.51
3062	0.51
3063	0.51
3064	0.51
3065	0.51
3066	0.51
3067	0.51
3068	0.51
3069	0.51
3070	0.51
3071	0.51
3072	0.51
3073	0.51
3074	0.51
3075	0.51
3076	0.51
3077	0.51
3078	0.51
3079	0.51
3080	0.51
3081	0.51
3082	0.51
3083	0.51
3084	0.51
3085	0.51
3086	0.51
3087	0.51
3088	0.51
3089	0.51
3090	0.51
3091	0.51
3092	0.51
3093	0.51
3094	0.51
3095	0.51
3096	0.51
3097	0.51
3098	0.51
3099	0.51
3100	0.51
3101	0.51
3102	0.51
3103	0.51
3104	0.51
3105	0.51
3106	0.51
3107	0.51
3108	0.51
3109	0.51
3110	0.51
3111	0.51
3112	0.51
3113	0.51
3114	0.51
3115	0.51
3116	0.51
3117	0.51
3118	0.51
3119	0.51
3120	0.51
3121	0.51
3122	0.51
3123	0.51
3124	0.51
3125	0.51
3126	0.51
3127	0.51
3128	0.51
3129	0.51
3130	0.51
3131	0.51
3132	0.51
3133	0.51
3134	0.51
3135	0.51
3136	0.51
3137	0.51
3138	0.51
3139	0.51
3140	0.51
3141	0.51
3142	0.51
3143	0.51
3144	0.51
3145	0.51
3146	0.51
3147	0.51
3148	0.51
3149	0.51
3150	0.51
3151	0.51
3152	0.51
3153	0.51
3154	0.51
3155	0.51
3156	0.51
3157	0.51
3158	0.51
3159	0.51
3160	0.51
3161	0.51
3162	0.51
3163	0.51
3164	0.51
3165	0.51
3166	0.51
3167	0.51
3168	0.51
3169	0.51
3170	0.51
3171	0.51
3172	0.51
3173	0.51
3174	0.51
3175	0.51
3176	0.51
3177	0.51
3178	0.51
3179	0.51
3180	0.51
3181	0.51
3182	0.51
3183	0.51
3184	0.51
3185	0.51
3186	0.51
3187	0.51
3188	0.51
3189	0.51
3190	0.51
3191	0.51
3192	0.51
3193	0.51
3194	0.51
3195	0.51
3196	0.51
3197	0.51
3198	0.51
3199	0.51
3200	0.51
3201	0.51
3202	0.51
3203	0.51
3204	0.51
3205	0.51
3206	0.5
3207	0.5
3208	0.5
3209	0.5
3210	0.5
3211	0.5
3212	0.5
3213	0.5
3214	0.5
3215	0.5
3216	0.5
3217	0.5
3218	0.5
3219	0.5
3220	0.5
3221	0.5
3222	0.5
3223	0.5
3224	0.5
3225	0.5
3226	0.5
3227	0.5
3228	0.5
3229	0.5
3230	0.5
3231	0.5
3232	0.5
3233	0.5
3234	0.5
3235	0.5
3236	0.5
3237	0.5
3238	0.5
3239	0.5
3240	0.5
3241	0.5
3242	0.5
3243	0.5
3244	0.5
3245	0.5
3246	0.5
3247	0.5
3248	0.5
3249	0.5
3250	0.5
3251	0.5
3252	0.5
3253	0.5
3254	0.5
3255	0.5
3256	0.5
3257	0.5
3258	0.5
3259	0.5
3260	0.5
3261	0.5
3262	0.5
3263	0.5
3264	0.5
3265	0.5
3266	0.5
3267	0.5
3268	0.5
3269	0.5
3270	0.5
3271	0.5
3272	0.5
3273	0.5
3274	0.5
3275	0.5
3276	0.5
3277	0.5
3278	0.5
3279	0.5
3280	0.5
3281	0.5
3282	0.5
3283	0.5
3284	0.5
3285	0.5
3286	0.5
3287	0.5
3288	0.5
3289	0.5
3290	0.5
3291	0.5
3292	0.5
3293	0.5
3294	0.5
3295	0.5
3296	0.5
3297	0.5
3298	0.5
3299	0.5
3300	0.5
3301	0.5
3302	0.5
3303	0.5
3304	0.5
3305	0.5
3306	0.5
3307	0.5
3308	0.5
3309	0.5
3310	0.5
3311	0.5
3312	0.5
3313	0.5
3314	0.5
3315	0.5
3316	0.5
3317	0.5
3318	0.5
3319	0.5
3320	0.5
3321	0.5
3322	0.5
3323	0.5
3324	0.5
3325	0.5
3326	0.5
3327	0.5
3328	0.5
3329	0.5
3330	0.5
3331	0.5
3332	0.5
3333	0.5
3334	0.5
3335	0.5
3336	0.5
3337	0.5
3338	0.5
3339	0.5
3340	0.5
3341	0.5
3342	0.5
3343	0.5
3344	0.5
3345	0.5
3346	0.5
3347	0.5
3348	0.5
3349	0.5
3350	0.5
3351	0.5
3352	0.5
3353	0.5
3354	0.5
3355	0.5
3356	0.5
3357	0.5
3358	0.5
3359	0.5
3360	0.5
3361	0.5
3362	0.5
3363	0.5
3364	0.5
3365	0.5
3366	0.5
3367	0.5
3368	0.5
3369	0.5
3370	0.5
3371	0.5
3372	0.5
3373	0.5
3374	0.5
3375	0.5
3376	0.5
3377	0.5
3378	0.5
3379	0.5
3380	0.5
3381	0.5
3382	0.5
3383	0.5
3384	0.5
3385	0.5
3386	0.5
3387	0.5
3388	0.5
3389	0.5
3390	0.5
3391	0.5
3392	0.5
3393	0.5
3394	0.5
3395	0.5
3396	0.5
3397	0.5
3398	0.5
3399	0.5
3400	0.5
3401	0.5
3402	0.5
3403	0.5
3404	0.5
3405	0.5
3406	0.5
3407	0.5
3408	0.5
3409	0.5
3410	0.5
3411	0.5
3412	0.5
3413	0.5
3414	0.5
3415	0.5
3416	0.5
3417	0.5
3418	0.5
3419	0.5
3420	0.5
3421	0.5
3422	0.5
3423	0.5
3424	0.5
3425	0.5
3426	0.5
3427	0.5
3428	0.5
3429	0.5
3430	0.5
3431	0.5
3432	0.5
3433	0.5
3434	0.5
3435	0.5
3436	0.5
3437	0.5
3438	0.5
3439	0.5
3440	0.5
3441	0.5
3442	0.5
3443	0.5
3444	0.5
3445	0.49
3446	0.49
3447	0.49
3448	0.49
3449	0.49
3450	0.49
3451	0.49
3452	0.49
3453	0.49
3454	0.49
3455	0.49
3456	0.49
3457	0.49
3458	0.49
3459	0.49
3460	0.49
3461	0.49
3462	0.49
3463	0.49
3464	0.49
3465	0.49
3466	0.49
3467	0.49
3468	0.49
3469	0.49
3470	0.49
3471	0.49
3472	0.49
3473	0.49
3474	0.49
3475	0.49
3476	0.49
3477	0.49
3478	0.49
3479	0.49
3480	0.49
3481	0.49
3482	0.49
3483	0.49
3484	0.49
3485	0.49
3486	0.49
3487	0.49
3488	0.49
3489	0.49
3490	0.49
3491	0.49
3492	0.49
3493	0.49
3494	0.49
3495	0.49
3496	0.49
3497	0.49
3498	0.49
3499	0.49
3500	0.49
3501	0.49
3502	0.49
3503	0.49
3504	0.49
3505	0.49
3506	0.49
3507	0.49
3508	0.49
3509	0.49
3510	0.49
3511	0.49
3512	0.49
3513	0.49
3514	0.49
3515	0.49
3516	0.49
3517	0.49
3518	0.49
3519	0.49
3520	0.49
3521	0.49
3522	0.49
3523	0.49
3524	0.49
3525	0.49
3526	0.49
3527	0.49
3528	0.49
3529	0.49
3530	0.49
3531	0.49
3532	0.49
3533	0.49
3534	0.49
3535	0.49
3536	0.49
3537	0.49
3538	0.49
3539	0.49
3540	0.49
3541	0.49
3542	0.49
3543	0.49
3544	0.49
3545	0.49
3546	0.49
3547	0.49
3548	0.49
3549	0.49
3550	0.49
3551	0.49
3552	0.49
3553	0.49
3554	0.49
3555	0.49
3556	0.49
3557	0.49
3558	0.49
3559	0.49
3560	0.49
3561	0.49
3562	0.49
3563	0.49
3564	0.49
3565	0.49
3566	0.49
3567	0.49
3568	0.49
3569	0.49
3570	0.49
3571	0.49
3572	0.49
3573	0.49
3574	0.49
3575	0.49
3576	0.49
3577	0.49
3578	0.49
3579	0.49
3580	0.49
3581	0.49
3582	0.49
3583	0.49
3584	0.49
3585	0.49
3586	0.49
3587	0.49
3588	0.49
3589	0.49
3590	0.49
3591	0.49
3592	0.49
3593	0.49
3594	0.49
3595	0.49
3596	0.49
3597	0.49
3598	0.49
3599	0.49
3600	0.49
3601	0.49
3602	0.49
3603	0.49
3604	0.49
3605	0.49
3606	0.49
3607	0.49
3608	0.49
3609	0.49
3610	0.49
3611	0.49
3612	0.49
3613	0.49
3614	0.49
3615	0.49
3616	0.49
3617	0.49
3618	0.49
3619	0.49
3620	0.49
3621	0.49
3622	0.49
3623	0.49
3624	0.49
3625	0.49
3626	0.49
3627	0.49
3628	0.49
3629	0.49
3630	0.49
3631	0.49
3632	0.49
3633	0.49
3634	0.49
3635	0.49
3636	0.49
3637	0.49
3638	0.49
3639	0.49
3640	0.49
3641	0.49
3642	0.49
3643	0.49
3644	0.49
3645	0.49
3646	0.49
3647	0.49
3648	0.49
3649	0.49
3650	0.49
3651	0.49
3652	0.49
3653	0.49
3654	0.49
3655	0.49
3656	0.49
3657	0.49
3658	0.49
3659	0.49
3660	0.49
3661	0.49
3662	0.49
3663	0.49
3664	0.49
3665	0.49
3666	0.49
3667	0.49
3668	0.49
3669	0.49
3670	0.49
3671	0.49
3672	0.49
3673	0.49
3674	0.49
3675	0.49
3676	0.49
3677	0.49
3678	0.49
3679	0.49
3680	0.49
3681	0.49
3682	0.49
3683	0.49
3684	0.48
3685	0.48
3686	0.48
3687	0.48
3688	0.48
3689	0.48
3690	0.48
3691	0.48
3692	0.48
3693	0.48
3694	0.48
3695	0.48
3696	0.48
3697	0.48
3698	0.48
3699	0.48
3700	0.48
3701	0.48
3702	0.48
3703	0.48
3704	0.48
3705	0.48
3706	0.48
3707	0.48
3708	0.48
3709	0.48
3710	0.48
3711	0.48
3712	0.48
3713	0.48
3714	0.48
3715	0.48
3716	0.48
3717	0.48
3718	0.48
3719	0.48
3720	0.48
3721	0.48
3722	0.48
3723	0.48
3724	0.48
3725	0.48
3726	0.48
3727	0.48
3728	0.48
3729	0.48
3730	0.48
3731	0.48
3732	0.48
3733	0.48
3734	0.48
3735	0.48
3736	0.48
3737	0.48
3738	0.48
3739	0.48
3740	0.48
3741	0.48
3742	0.48
3743	0.48
3744	0.48
3745	0.48
3746	0.48
3747	0.48
3748	0.48
3749	0.48
3750	0.48
3751	0.48
3752	0.48
3753	0.48
3754	0.48
3755	0.48
3756	0.48
3757	0.48
3758	0.48
3759	0.48
3760	0.48
3761	0.48
3762	0.48
3763	0.48
3764	0.48
3765	0.48
3766	0.48
3767	0.48
3768	0.48
3769	0.48
3770	0.48
3771	0.48
3772	0.48
3773	0.48
3774	0.48
3775	0.48
3776	0.48
3777	0.48
3778	0.48
3779	0.48
3780	0.48
3781	0.48
3782	0.48
3783	0.48
3784	0.48
3785	0.48
3786	0.48
3787	0.48
3788	0.48
3789	0.48
3790	0.48
3791	0.48
3792	0.48
3793	0.48
3794	0.48
3795	0.48
3796	0.48
3797	0.48
3798	0.48
3799	0.48
3800	0.48
3801	0.48
3802	0.48
3803	0.48
3804	0.48
3805	0.48
3806	0.48
3807	0.48
3808	0.48
3809	0.48
3810	0.48
3811	0.48
3812	0.48
3813	0.48
3814	0.48
3815	0.48
3816	0.48
3817	0.48
3818	0.48
3819	0.48
3820	0.48
3821	0.48
3822	0.48
3823	0.48
3824	0.48
3825	0.48
3826	0.48
3827	0.48
3828	0.48
3829	0.48
3830	0.48
3831	0.48
3832	0.48
3833	0.48
3834	0.48
3835	0.48
3836	0.48
3837	0.48
3838	0.48
3839	0.48
3840	0.48
3841	0.48
3842	0.48
3843	0.48
3844	0.48
3845	0.48
3846	0.48
3847	0.48
3848	0.48
3849	0.48
3850	0.48
3851	0.48
3852	0.48
3853	0.48
3854	0.48
3855	0.48
3856	0.48
3857	0.48
3858	0.48
3859	0.48
3860	0.48
3861	0.48
3862	0.48
3863	0.48
3864	0.48
3865	0.48
3866	0.48
3867	0.48
3868	0.48
3869	0.48
3870	0.48
3871	0.48
3872	0.48
3873	0.48
3874	0.48
3875	0.48
3876	0.48
3877	0.48
3878	0.48
3879	0.48
3880	0.48
3881	0.48
3882	0.48
3883	0.48
3884	0.48
3885	0.48
3886	0.48
3887	0.48
3888	0.48
3889	0.48
3890	0.48
3891	0.48
3892	0.48
3893	0.48
3894	0.48
3895	0.48
3896	0.48
3897	0.48
3898	0.48
3899	0.48
3900	0.48
3901	0.48
3902	0.48
3903	0.48
3904	0.48
3905	0.48
3906	0.48
3907	0.48
3908	0.48
3909	0.48
3910	0.48
3911	0.48
3912	0.48
3913	0.48
3914	0.48
3915	0.48
3916	0.48
3917	0.48
3918	0.48
3919	0.48
3920	0.48
3921	0.48
3922	0.48
3923	0.47
3924	0.47
3925	0.47
3926	0.47
3927	0.47
3928	0.47
3929	0.47
3930	0.47
3931	0.47
3932	0.47
3933	0.47
3934	0.47
3935	0.47
3936	0.47
3937	0.47
3938	0.47
3939	0.47
3940	0.47
3941	0.47
3942	0.47
3943	0.47
3944	0.47
3945	0.47
3946	0.47
3947	0.47
3948	0.47
3949	0.47
3950	0.47
3951	0.47
3952	0.47
3953	0.47
3954	0.47
3955	0.47
3956	0.47
3957	0.47
3958	0.47
3959	0.47
3960	0.47
3961	0.47
3962	0.47
3963	0.47
3964	0.47
3965	0.47
3966	0.47
3967	0.47
3968	0.47
3969	0.47
3970	0.47
3971	0.47
3972	0.47
3973	0.47
3974	0.47
3975	0.47
3976	0.47
3977	0.47
3978	0.47
3979	0.47
3980	0.47
3981	0.47
3982	0.47
3983	0.47
3984	0.47
3985	0.47
3986	0.47
3987	0.47
3988	0.47
3989	0.47
3990	0.47
3991	0.47
3992	0.47
3993	0.47
3994	0.47
3995	0.47
3996	0.47
3997	0.47
3998	0.47
3999	0.47
4000	0.47
4001	0.47
4002	0.47
4003	0.47
4004	0.47
4005	0.47
4006	0.47
4007	0.47
4008	0.47
4009	0.47
4010	0.47
4011	0.47
4012	0.47
4013	0.47
4014	0.47
4015	0.47
4016	0.47
4017	0.47
4018	0.47
4019	0.47
4020	0.47
4021	0.47
4022	0.47
4023	0.47
4024	0.47
4025	0.47
4026	0.47
4027	0.47
4028	0.47
4029	0.47
4030	0.47
4031	0.47
4032	0.47
4033	0.47
4034	0.47
4035	0.47
4036	0.47
4037	0.47
4038	0.47
4039	0.47
4040	0.47
4041	0.47
4042	0.47
4043	0.47
4044	0.47
4045	0.47
4046	0.47
4047	0.47
4048	0.47
4049	0.47
4050	0.47
4051	0.47
4052	0.47
4053	0.47
4054	0.47
4055	0.47
4056	0.47
4057	0.47
4058	0.47
4059	0.47
4060	0.47
4061	0.47
4062	0.47
4063	0.47
4064	0.47
4065	0.47
4066	0.47
4067	0.47
4068	0.47
4069	0.47
4070	0.47
4071	0.47
4072	0.47
4073	0.47
4074	0.47
4075	0.47
4076	0.47
4077	0.47
4078	0.47
4079	0.47
4080	0.47
4081	0.47
4082	0.47
4083	0.47
4084	0.47
4085	0.47
4086	0.47
4087	0.47
4088	0.47
4089	0.47
4090	0.47
4091	0.47
4092	0.47
4093	0.47
4094	0.47
4095	0.47
4096	0.47
4097	0.47
4098	0.47
4099	0.47
4100	0.47
4101	0.47
4102	0.47
4103	0.47
4104	0.47
4105	0.47
4106	0.47
4107	0.47
4108	0.47
4109	0.47
4110	0.47
4111	0.47
4112	0.47
4113	0.47
4114	0.47
4115	0.47
4116	0.47
4117	0.47
4118	0.47
4119	0.47
4120	0.47
4121	0.47
4122	0.47
4123	0.47
4124	0.47
4125	0.47
4126	0.47
4127	0.47
4128	0.47
4129	0.47
4130	0.47
4131	0.47
4132	0.47
4133	0.47
4134	0.47
4135	0.47
4136	0.47
4137	0.47
4138	0.47
4139	0.47
4140	0.47
4141	0.47
4142	0.47
4143	0.47
4144	0.47
4145	0.47
4146	0.47
4147	0.47
4148	0.47
4149	0.47
4150	0.47
4151	0.47
4152	0.47
4153	0.47
4154	0.47
4155	0.47
4156	0.47
4157	0.47
4158	0.47
4159	0.47
4160	0.47
4161	0.47
4162	0.46
4163	0.46
4164	0.46
4165	0.46
4166	0.46
4167	0.46
4168	0.46
4169	0.46
4170	0.46
4171	0.46
4172	0.46
4173	0.46
4174	0.46
4175	0.46
4176	0.46
4177	0.46
4178	0.46
4179	0.46
4180	0.46
4181	0.46
4182	0.46
4183	0.46
4184	0.46
4185	0.46
4186	0.46
4187	0.46
4188	0.46
4189	0.46
4190	0.46
4191	0.46
4192	0.46
4193	0.46
4194	0.46
4195	0.46
4196	0.46
4197	0.46
4198	0.46
4199	0.46
4200	0.46
4201	0.46
4202	0.46
4203	0.46
4204	0.46
4205	0.46
4206	0.46
4207	0.46
4208	0.46
4209	0.46
4210	0.46
4211	0.46
4212	0.46
4213	0.46
4214	0.46
4215	0.46
4216	0.46
4217	0.46
4218	0.46
4219	0.46
4220	0.46
4221	0.46
4222	0.46
4223	0.46
4224	0.46
4225	0.46
4226	0.46
4227	0.46
4228	0.46
4229	0.46
4230	0.46
4231	0.46
4232	0.46
4233	0.46
4234	0.46
4235	0.46
4236	0.46
4237	0.46
4238	0.46
4239	0.46
4240	0.46
4241	0.46
4242	0.46
4243	0.46
4244	0.46
4245	0.46
4246	0.46
4247	0.46
4248	0.46
4249	0.46
4250	0.46
4251	0.46
4252	0.46
4253	0.46
4254	0.46
4255	0.46
4256	0.46
4257	0.46
4258	0.46
4259	0.46
4260	0.46
4261	0.46
4262	0.46
4263	0.46
4264	0.46
4265	0.46
4266	0.46
4267	0.46
4268	0.46
4269	0.46
4270	0.46
4271	0.46
4272	0.46
4273	0.46
4274	0.46
4275	0.46
4276	0.46
4277	0.46
4278	0.46
4279	0.46
4280	0.46
4281	0.46
4282	0.46
4283	0.46
4284	0.46
4285	0.46
4286	0.46
4287	0.46
4288	0.46
4289	0.46
4290	0.46
4291	0.46
4292	0.46
4293	0.46
4294	0.46
4295	0.46
4296	0.46
4297	0.46
4298	0.46
4299	0.46
4300	0.46
4301	0.46
4302	0.46
4303	0.46
4304	0.46
4305	0.46
4306	0.46
4307	0.46
4308	0.46
4309	0.46
4310	0.46
4311	0.46
4312	0.46
4313	0.46
4314	0.46
4315	0.46
4316	0.46
4317	0.46
4318	0.46
4319	0.46
4320	0.46
4321	0.46
4322	0.46
4323	0.46
4324	0.46
4325	0.46
4326	0.46
4327	0.46
4328	0.46
4329	0.46
4330	0.46
4331	0.46
4332	0.46
4333	0.46
4334	0.46
4335	0.46
4336	0.46
4337	0.46
4338	0.46
4339	0.46
4340	0.46
4341	0.46
4342	0.46
4343	0.46
4344	0.46
4345	0.46
4346	0.46
4347	0.46
4348	0.46
4349	0.46
4350	0.46
4351	0.46
4352	0.46
4353	0.46
4354	0.46
4355	0.46
4356	0.46
4357	0.46
4358	0.46
4359	0.46
4360	0.46
4361	0.46
4362	0.46
4363	0.46
4364	0.46
4365	0.46
4366	0.46
4367	0.46
4368	0.46
4369	0.46
4370	0.46
4371	0.46
4372	0.46
4373	0.46
4374	0.46
4375	0.46
4376	0.46
4377	0.46
4378	0.46
4379	0.46
4380	0.46
4381	0.46
4382	0.46
4383	0.46
4384	0.46
4385	0.46
4386	0.46
4387	0.46
4388	0.46
4389	0.46
4390	0.46
4391	0.46
4392	0.46
4393	0.46
4394	0.46
4395	0.46
4396	0.46
4397	0.46
4398	0.46
4399	0.46
4400	0.46
4401	0.45
4402	0.45
4403	0.45
4404	0.45
4405	0.45
4406	0.45
4407	0.45
4408	0.45
4409	0.45
4410	0.45
4411	0.45
4412	0.45
4413	0.45
4414	0.45
4415	0.45
4416	0.45
4417	0.45
4418	0.45
4419	0.45
4420	0.45
4421	0.45
4422	0.45
4423	0.45
4424	0.45
4425	0.45
4426	0.45
4427	0.45
4428	0.45
4429	0.45
4430	0.45
4431	0.45
4432	0.45
4433	0.45
4434	0.45
4435	0.45
4436	0.45
4437	0.45
4438	0.45
4439	0.45
4440	0.45
4441	0.45
4442	0.45
4443	0.45
4444	0.45
4445	0.45
4446	0.45
4447	0.45
4448	0.45
4449	0.45
4450	0.45
4451	0.45
4452	0.45
4453	0.45
4454	0.45
4455	0.45
4456	0.45
4457	0.45
4458	0.45
4459	0.45
4460	0.45
4461	0.45
4462	0.45
4463	0.45
4464	0.45
4465	0.45
4466	0.45
4467	0.45
4468	0.45
4469	0.45
4470	0.45
4471	0.45
4472	0.45
4473	0.45
4474	0.45
4475	0.45
4476	0.45
4477	0.45
4478	0.45
4479	0.45
4480	0.45
4481	0.45
4482	0.45
4483	0.45
4484	0.45
4485	0.45
4486	0.45
4487	0.45
4488	0.45
4489	0.45
4490	0.45
4491	0.45
4492	0.45
4493	0.45
4494	0.45
4495	0.45
4496	0.45
4497	0.45
4498	0.45
4499	0.45
4500	0.45
4501	0.45
4502	0.45
4503	0.45
4504	0.45
4505	0.45
4506	0.45
4507	0.45
4508	0.45
4509	0.45
4510	0.45
4511	0.45
4512	0.45
4513	0.45
4514	0.45
4515	0.45
4516	0.45
4517	0.45
4518	0.45
4519	0.45
4520	0.45
4521	0.45
4522	0.45
4523	0.45
4524	0.45
4525	0.45
4526	0.45
4527	0.45
4528	0.45
4529	0.45
4530	0.45
4531	0.45
4532	0.45
4533	0.45
4534	0.45
4535	0.45
4536	0.45
4537	0.45
4538	0.45
4539	0.45
4540	0.45
4541	0.45
4542	0.45
4543	0.45
4544	0.45
4545	0.45
4546	0.45
4547	0.45
4548	0.45
4549	0.45
4550	0.45
4551	0.45
4552	0.45
4553	0.45
4554	0.45
4555	0.45
4556	0.45
4557	0.45
4558	0.45
4559	0.45
4560	0.45
4561	0.45
4562	0.45
4563	0.45
4564	0.45
4565	0.45
4566	0.45
4567	0.45
4568	0.45
4569	0.45
4570	0.45
4571	0.45
4572	0.45
4573	0.45
4574	0.45
4575	0.45
4576	0.45
4577	0.45
4578	0.45
4579	0.45
4580	0.45
4581	0.45
4582	0.45
4583	0.45
4584	0.45
4585	0.45
4586	0.45
4587	0.45
4588	0.45
4589	0.45
4590	0.45
4591	0.45
4592	0.45
4593	0.45
4594	0.45
4595	0.45
4596	0.45
4597	0.45
4598	0.45
4599	0.45
4600	0.45
4601	0.45
4602	0.45
4603	0.45
4604	0.45
4605	0.45
4606	0.45
4607	0.45
4608	0.45
4609	0.45
4610	0.45
4611	0.45
4612	0.45
4613	0.45
4614	0.45
4615	0.45
4616	0.45
4617	0.45
4618	0.45
4619	0.45
4620	0.45
4621	0.45
4622	0.45
4623	0.45
4624	0.45
4625	0.45
4626	0.45
4627	0.45
4628	0.45
4629	0.45
4630	0.45
4631	0.45
4632	0.45
4633	0.45
4634	0.45
4635	0.45
4636	0.45
4637	0.45
4638	0.45
4639	0.45
4640	0.45
4641	0.45
4642	0.45
4643	0.45
4644	0.45
4645	0.45
4646	0.45
4647	0.45
4648	0.45
4649	0.45
4650	0.45
4651	0.45
4652	0.45
4653	0.45
4654	0.45
4655	0.45
4656	0.45
4657	0.45
4658	0.45
4659	0.45
4660	0.45
4661	0.45
4662	0.45
4663	0.45
4664	0.45
4665	0.45
4666	0.45
4667	0.45
4668	0.45
4669	0.45
4670	0.44
4671	0.44
4672	0.44
4673	0.44
4674	0.44
4675	0.44
4676	0.44
4677	0.44
4678	0.44
4679	0.44
4680	0.44
4681	0.44
4682	0.44
4683	0.44
4684	0.44
4685	0.44
4686	0.44
4687	0.44
4688	0.44
4689	0.44
4690	0.44
4691	0.44
4692	0.44
4693	0.44
4694	0.44
4695	0.44
4696	0.44
4697	0.44
4698	0.44
4699	0.44
4700	0.44
4701	0.44
4702	0.44
4703	0.44
4704	0.44
4705	0.44
4706	0.44
4707	0.44
4708	0.44
4709	0.44
4710	0.44
4711	0.44
4712	0.44
4713	0.44
4714	0.44
4715	0.44
4716	0.44
4717	0.44
4718	0.44
4719	0.44
4720	0.44
4721	0.44
4722	0.44
4723	0.44
4724	0.44
4725	0.44
4726	0.44
4727	0.44
4728	0.44
4729	0.44
4730	0.44
4731	0.44
4732	0.44
4733	0.44
4734	0.44
4735	0.44
4736	0.44
4737	0.44
4738	0.44
4739	0.44
4740	0.44
4741	0.44
4742	0.44
4743	0.44
4744	0.44
4745	0.44
4746	0.44
4747	0.44
4748	0.44
4749	0.44
4750	0.44
4751	0.44
4752	0.44
4753	0.44
4754	0.44
4755	0.44
4756	0.44
4757	0.44
4758	0.44
4759	0.44
4760	0.44
4761	0.44
4762	0.44
4763	0.44
4764	0.44
4765	0.44
4766	0.44
4767	0.44
4768	0.44
4769	0.44
4770	0.44
4771	0.44
4772	0.44
4773	0.44
4774	0.44
4775	0.44
4776	0.44
4777	0.44
4778	0.44
4779	0.44
4780	0.44
4781	0.44
4782	0.44
4783	0.44
4784	0.44
4785	0.44
4786	0.44
4787	0.44
4788	0.44
4789	0.44
4790	0.44
4791	0.44
4792	0.44
4793	0.44
4794	0.44
4795	0.44
4796	0.44
4797	0.44
4798	0.44
4799	0.44
4800	0.44
4801	0.44
4802	0.44
4803	0.44
4804	0.44
4805	0.44
4806	0.44
4807	0.44
4808	0.44
4809	0.44
4810	0.44
4811	0.44
4812	0.44
4813	0.44
4814	0.44
4815	0.44
4816	0.44
4817	0.44
4818	0.44
4819	0.44
4820	0.44
4821	0.44
4822	0.44
4823	0.44
4824	0.44
4825	0.44
4826	0.44
4827	0.44
4828	0.44
4829	0.44
4830	0.44
4831	0.44
4832	0.44
4833	0.44
4834	0.44
4835	0.44
4836	0.44
4837	0.44
4838	0.44
4839	0.44
4840	0.44
4841	0.44
4842	0.44
4843	0.44
4844	0.44
4845	0.44
4846	0.44
4847	0.44
4848	0.44
4849	0.44
4850	0.44
4851	0.44
4852	0.44
4853	0.44
4854	0.44
4855	0.44
4856	0.44
4857	0.44
4858	0.44
4859	0.44
4860	0.44
4861	0.44
4862	0.44
4863	0.44
4864	0.44
4865	0.44
4866	0.44
4867	0.44
4868	0.44
4869	0.44
4870	0.44
4871	0.44
4872	0.44
4873	0.44
4874	0.44
4875	0.44
4876	0.44
4877	0.44
4878	0.44
4879	0.44
4880	0.44
4881	0.44
4882	0.44
4883	0.44
4884	0.44
4885	0.44
4886	0.44
4887	0.44
4888	0.44
4889	0.44
4890	0.44
4891	0.44
4892	0.44
4893	0.44
4894	0.44
4895	0.44
4896	0.44
4897	0.44
4898	0.44
4899	0.44
4900	0.44
4901	0.44
4902	0.44
4903	0.44
4904	0.44
4905	0.44
4906	0.44
4907	0.44
4908	0.43
4909	0.43
4910	0.43
4911	0.43
4912	0.43
4913	0.43
4914	0.43
4915	0.43
4916	0.43
4917	0.43
4918	0.43
4919	0.43
4920	0.43
4921	0.43
4922	0.43
4923	0.43
4924	0.43
4925	0.43
4926	0.43
4927	0.43
4928	0.43
4929	0.43
4930	0.43
4931	0.43
4932	0.43
4933	0.43
4934	0.43
4935	0.43
4936	0.43
4937	0.43
4938	0.43
4939	0.43
4940	0.43
4941	0.43
4942	0.43
4943	0.43
4944	0.43
4945	0.43
4946	0.43
4947	0.43
4948	0.43
4949	0.43
4950	0.43
4951	0.43
4952	0.43
4953	0.43
4954	0.43
4955	0.43
4956	0.43
4957	0.43
4958	0.43
4959	0.43
4960	0.43
4961	0.43
4962	0.43
4963	0.43
4964	0.43
4965	0.43
4966	0.43
4967	0.43
4968	0.43
4969	0.43
4970	0.43
4971	0.43
4972	0.43
4973	0.43
4974	0.43
4975	0.43
4976	0.43
4977	0.43
4978	0.43
4979	0.43
4980	0.43
4981	0.43
4982	0.43
4983	0.43
4984	0.43
4985	0.43
4986	0.43
4987	0.43
4988	0.43
4989	0.43
4990	0.43
4991	0.43
4992	0.43
4993	0.43
4994	0.43
4995	0.43
4996	0.43
4997	0.43
4998	0.43
4999	0.43
5000	0.43
5001	0.43
5002	0.43
5003	0.43
5004	0.43
5005	0.43
5006	0.43
5007	0.43
5008	0.43
5009	0.43
5010	0.43
5011	0.43
5012	0.43
5013	0.43
5014	0.43
5015	0.43
5016	0.43
5017	0.43
5018	0.43
5019	0.43
5020	0.43
5021	0.43
5022	0.43
5023	0.43
5024	0.43
5025	0.43
5026	0.43
5027	0.43
5028	0.43
5029	0.43
5030	0.43
5031	0.43
5032	0.43
5033	0.43
5034	0.43
5035	0.43
5036	0.43
5037	0.43
5038	0.43
5039	0.43
5040	0.43
5041	0.43
5042	0.43
5043	0.43
5044	0.43
5045	0.43
5046	0.43
5047	0.43
5048	0.43
5049	0.43
5050	0.43
5051	0.43
5052	0.43
5053	0.43
5054	0.43
5055	0.43
5056	0.43
5057	0.43
5058	0.43
5059	0.43
5060	0.43
5061	0.43
5062	0.43
5063	0.43
5064	0.43
5065	0.43
5066	0.43
5067	0.43
5068	0.43
5069	0.43
5070	0.43
5071	0.43
5072	0.43
5073	0.43
5074	0.43
5075	0.43
5076	0.43
5077	0.43
5078	0.43
5079	0.43
5080	0.43
5081	0.43
5082	0.43
5083	0.43
5084	0.43
5085	0.43
5086	0.43
5087	0.43
5088	0.43
5089	0.43
5090	0.43
5091	0.43
5092	0.43
5093	0.43
5094	0.43
5095	0.43
5096	0.43
5097	0.43
5098	0.43
5099	0.43
5100	0.43
5101	0.43
5102	0.43
5103	0.43
5104	0.43
5105	0.43
5106	0.43
5107	0.43
5108	0.43
5109	0.43
5110	0.43
5111	0.43
5112	0.43
5113	0.43
5114	0.43
5115	0.43
5116	0.43
5117	0.43
5118	0.43
5119	0.43
5120	0.43
5121	0.43
5122	0.43
5123	0.43
5124	0.43
5125	0.43
5126	0.43
5127	0.43
5128	0.43
5129	0.43
5130	0.43
5131	0.43
5132	0.43
5133	0.43
5134	0.43
5135	0.43
5136	0.43
5137	0.43
5138	0.43
5139	0.43
5140	0.43
5141	0.43
5142	0.43
5143	0.43
5144	0.43
5145	0.43
5146	0.43
5147	0.42
5148	0.42
5149	0.42
5150	0.42
5151	0.42
5152	0.42
5153	0.42
5154	0.42
5155	0.42
5156	0.42
5157	0.42
5158	0.42
5159	0.42
5160	0.42
5161	0.42
5162	0.42
5163	0.42
5164	0.42
5165	0.42
5166	0.42
5167	0.42
5168	0.42
5169	0.42
5170	0.42
5171	0.42
5172	0.42
5173	0.42
5174	0.42
5175	0.42
5176	0.42
5177	0.42
5178	0.42
5179	0.42
5180	0.42
5181	0.42
5182	0.42
5183	0.42
5184	0.42
5185	0.42
5186	0.42
5187	0.42
5188	0.42
5189	0.42
5190	0.42
5191	0.42
5192	0.42
5193	0.42
5194	0.42
5195	0.42
5196	0.42
5197	0.42
5198	0.42
5199	0.42
5200	0.42
5201	0.42
5202	0.42
5203	0.42
5204	0.42
5205	0.42
5206	0.42
5207	0.42
5208	0.42
5209	0.42
5210	0.42
5211	0.42
5212	0.42
5213	0.42
5214	0.42
5215	0.42
5216	0.42
5217	0.42
5218	0.42
5219	0.42
5220	0.42
5221	0.42
5222	0.42
5223	0.42
5224	0.42
5225	0.42
5226	0.42
5227	0.42
5228	0.42
5229	0.42
5230	0.42
5231	0.42
5232	0.42
5233	0.42
5234	0.42
5235	0.42
5236	0.42
5237	0.42
5238	0.42
5239	0.42
5240	0.42
5241	0.42
5242	0.42
5243	0.42
5244	0.42
5245	0.42
5246	0.42
5247	0.42
5248	0.42
5249	0.42
5250	0.42
5251	0.42
5252	0.42
5253	0.42
5254	0.42
5255	0.42
5256	0.42
5257	0.42
5258	0.42
5259	0.42
5260	0.42
5261	0.42
5262	0.42
5263	0.42
5264	0.42
5265	0.42
5266	0.42
5267	0.42
5268	0.42
5269	0.42
5270	0.42
5271	0.42
5272	0.42
5273	0.42
5274	0.42
5275	0.42
5276	0.42
5277	0.42
5278	0.42
5279	0.42
5280	0.42
5281	0.42
5282	0.42
5283	0.42
5284	0.42
5285	0.42
5286	0.42
5287	0.42
5288	0.42
5289	0.42
5290	0.42
5291	0.42
5292	0.42
5293	0.42
5294	0.42
5295	0.42
5296	0.42
5297	0.42
5298	0.42
5299	0.42
5300	0.42
5301	0.42
5302	0.42
5303	0.42
5304	0.42
5305	0.42
5306	0.42
5307	0.42
5308	0.42
5309	0.42
5310	0.42
5311	0.42
5312	0.42
5313	0.42
5314	0.42
5315	0.42
5316	0.42
5317	0.42
5318	0.42
5319	0.42
5320	0.42
5321	0.42
5322	0.42
5323	0.42
5324	0.42
5325	0.42
5326	0.42
5327	0.42
5328	0.42
5329	0.42
5330	0.42
5331	0.42
5332	0.42
5333	0.42
5334	0.42
5335	0.42
5336	0.42
5337	0.42
5338	0.42
5339	0.42
5340	0.42
5341	0.42
5342	0.42
5343	0.42
5344	0.42
5345	0.42
5346	0.42
5347	0.42
5348	0.42
5349	0.42
5350	0.42
5351	0.42
5352	0.42
5353	0.42
5354	0.42
5355	0.42
5356	0.42
5357	0.42
5358	0.42
5359	0.42
5360	0.42
5361	0.42
5362	0.42
5363	0.42
5364	0.42
5365	0.42
5366	0.42
5367	0.42
5368	0.42
5369	0.42
5370	0.42
5371	0.42
5372	0.42
5373	0.42
5374	0.42
5375	0.42
5376	0.42
5377	0.42
5378	0.42
5379	0.42
5380	0.42
5381	0.42
5382	0.42
5383	0.42
5384	0.42
5385	0.42
5386	0.41
5387	0.41
5388	0.41
5389	0.41
5390	0.41
5391	0.41
5392	0.41
5393	0.41
5394	0.41
5395	0.41
5396	0.41
5397	0.41
5398	0.41
5399	0.41
5400	0.41
5401	0.41
5402	0.41
5403	0.41
5404	0.41
5405	0.41
5406	0.41
5407	0.41
5408	0.41
5409	0.41
5410	0.41
5411	0.41
5412	0.41
5413	0.41
5414	0.41
5415	0.41
5416	0.41
5417	0.41
5418	0.41
5419	0.41
5420	0.41
5421	0.41
5422	0.41
5423	0.41
5424	0.41
5425	0.41
5426	0.41
5427	0.41
5428	0.41
5429	0.41
5430	0.41
5431	0.41
5432	0.41
5433	0.41
5434	0.41
5435	0.41
5436	0.41
5437	0.41
5438	0.41
5439	0.41
5440	0.41
5441	0.41
5442	0.41
5443	0.41
5444	0.41
5445	0.41
5446	0.41
5447	0.41
5448	0.41
5449	0.41
5450	0.41
5451	0.41
5452	0.41
5453	0.41
5454	0.41
5455	0.41
5456	0.41
5457	0.41
5458	0.41
5459	0.41
5460	0.41
5461	0.41
5462	0.41
5463	0.41
5464	0.41
5465	0.41
5466	0.41
5467	0.41
5468	0.41
5469	0.41
5470	0.41
5471	0.41
5472	0.41
5473	0.41
5474	0.41
5475	0.41
5476	0.41
5477	0.41
5478	0.41
5479	0.41
5480	0.41
5481	0.41
5482	0.41
5483	0.41
5484	0.41
5485	0.41
5486	0.41
5487	0.41
5488	0.41
5489	0.41
5490	0.41
5491	0.41
5492	0.41
5493	0.41
5494	0.41
5495	0.41
5496	0.41
5497	0.41
5498	0.41
5499	0.41
5500	0.41
5501	0.41
5502	0.41
5503	0.41
5504	0.41
5505	0.41
5506	0.41
5507	0.41
5508	0.41
5509	0.41
5510	0.41
5511	0.41
5512	0.41
5513	0.41
5514	0.41
5515	0.41
5516	0.41
5517	0.41
5518	0.41
5519	0.41
5520	0.41
5521	0.41
5522	0.41
5523	0.41
5524	0.41
5525	0.41
5526	0.41
5527	0.41
5528	0.41
5529	0.41
5530	0.41
5531	0.41
5532	0.41
5533	0.41
5534	0.41
5535	0.41
5536	0.41
5537	0.41
5538	0.41
5539	0.41
5540	0.41
5541	0.41
5542	0.41
5543	0.41
5544	0.41
5545	0.41
5546	0.41
5547	0.41
5548	0.41
5549	0.41
5550	0.41
5551	0.41
5552	0.41
5553	0.41
5554	0.41
5555	0.41
5556	0.41
5557	0.41
5558	0.41
5559	0.41
5560	0.41
5561	0.41
5562	0.41
5563	0.41
5564	0.41
5565	0.41
5566	0.41
5567	0.41
5568	0.41
5569	0.41
5570	0.41
5571	0.41
5572	0.41
5573	0.41
5574	0.41
5575	0.41
5576	0.41
5577	0.41
5578	0.41
5579	0.41
5580	0.41
5581	0.41
5582	0.41
5583	0.41
5584	0.41
5585	0.41
5586	0.41
5587	0.41
5588	0.41
5589	0.41
5590	0.41
5591	0.41
5592	0.41
5593	0.41
5594	0.41
5595	0.41
5596	0.41
5597	0.41
5598	0.41
5599	0.41
5600	0.41
5601	0.41
5602	0.41
5603	0.41
5604	0.41
5605	0.41
5606	0.41
5607	0.41
5608	0.41
5609	0.41
5610	0.41
5611	0.41
5612	0.41
5613	0.41
5614	0.41
5615	0.41
5616	0.41
5617	0.41
5618	0.41
5619	0.41
5620	0.41
5621	0.41
5622	0.41
5623	0.41
5624	0.41
5625	0.41
5626	0.41
5627	0.41
5628	0.41
5629	0.41
5630	0.41
5631	0.41
5632	0.41
5633	0.41
5634	0.41
5635	0.41
5636	0.41
5637	0.41
5638	0.41
5639	0.41
5640	0.41
5641	0.41
5642	0.41
5643	0.41
5644	0.41
5645	0.41
5646	0.41
5647	0.41
5648	0.41
5649	0.41
5650	0.41
5651	0.41
5652	0.41
5653	0.41
5654	0.41
5655	0.4
5656	0.4
5657	0.4
5658	0.4
5659	0.4
5660	0.4
5661	0.4
5662	0.4
5663	0.4
5664	0.4
5665	0.4
5666	0.4
5667	0.4
5668	0.4
5669	0.4
5670	0.4
5671	0.4
5672	0.4
5673	0.4
5674	0.4
5675	0.4
5676	0.4
5677	0.4
5678	0.4
5679	0.4
5680	0.4
5681	0.4
5682	0.4
5683	0.4
5684	0.4
5685	0.4
5686	0.4
5687	0.4
5688	0.4
5689	0.4
5690	0.4
5691	0.4
5692	0.4
5693	0.4
5694	0.4
5695	0.4
5696	0.4
5697	0.4
5698	0.4
5699	0.4
5700	0.4
5701	0.4
5702	0.4
5703	0.4
5704	0.4
5705	0.4
5706	0.4
5707	0.4
5708	0.4
5709	0.4
5710	0.4
5711	0.4
5712	0.4
5713	0.4
5714	0.4
5715	0.4
5716	0.4
5717	0.4
5718	0.4
5719	0.4
5720	0.4
5721	0.4
5722	0.4
5723	0.4
5724	0.4
5725	0.4
5726	0.4
5727	0.4
5728	0.4
5729	0.4
5730	0.4
5731	0.4
5732	0.4
5733	0.4
5734	0.4
5735	0.4
5736	0.4
5737	0.4
5738	0.4
5739	0.4
5740	0.4
5741	0.4
5742	0.4
5743	0.4
5744	0.4
5745	0.4
5746	0.4
5747	0.4
5748	0.4
5749	0.4
5750	0.4
5751	0.4
5752	0.4
5753	0.4
5754	0.4
5755	0.4
5756	0.4
5757	0.4
5758	0.4
5759	0.4
5760	0.4
5761	0.4
5762	0.4
5763	0.4
5764	0.4
5765	0.4
5766	0.4
5767	0.4
5768	0.4
5769	0.4
5770	0.4
5771	0.4
5772	0.4
5773	0.4
5774	0.4
5775	0.4
5776	0.4
5777	0.4
5778	0.4
5779	0.4
5780	0.4
5781	0.4
5782	0.4
5783	0.4
5784	0.4
5785	0.4
5786	0.4
5787	0.4
5788	0.4
5789	0.4
5790	0.4
5791	0.4
5792	0.4
5793	0.4
5794	0.4
5795	0.4
5796	0.4
5797	0.4
5798	0.4
5799	0.4
5800	0.4
5801	0.4
5802	0.4
5803	0.4
5804	0.4
5805	0.4
5806	0.4
5807	0.4
5808	0.4
5809	0.4
5810	0.4
5811	0.4
5812	0.4
5813	0.4
5814	0.4
5815	0.4
5816	0.4
5817	0.4
5818	0.4
5819	0.4
5820	0.4
5821	0.4
5822	0.4
5823	0.4
5824	0.4
5825	0.4
5826	0.4
5827	0.4
5828	0.4
5829	0.4
5830	0.4
5831	0.4
5832	0.4
5833	0.4
5834	0.4
5835	0.4
5836	0.4
5837	0.4
5838	0.4
5839	0.4
5840	0.4
5841	0.4
5842	0.4
5843	0.4
5844	0.4
5845	0.4
5846	0.4
5847	0.4
5848	0.4
5849	0.4
5850	0.4
5851	0.4
5852	0.4
5853	0.4
5854	0.4
5855	0.4
5856	0.4
5857	0.4
5858	0.4
5859	0.4
5860	0.4
5861	0.4
5862	0.4
5863	0.4
5864	0.39
5865	0.39
5866	0.39
5867	0.39
5868	0.39
5869	0.39
5870	0.39
5871	0.39
5872	0.39
5873	0.39
5874	0.39
5875	0.39
5876	0.39
5877	0.39
5878	0.39
5879	0.39
5880	0.39
5881	0.39
5882	0.39
5883	0.39
5884	0.39
5885	0.39
5886	0.39
5887	0.39
5888	0.39
5889	0.39
5890	0.39
5891	0.39
5892	0.39
5893	0.39
5894	0.39
5895	0.39
5896	0.39
5897	0.39
5898	0.39
5899	0.39
5900	0.39
5901	0.39
5902	0.39
5903	0.39
5904	0.39
5905	0.39
5906	0.39
5907	0.39
5908	0.39
5909	0.39
5910	0.39
5911	0.39
5912	0.39
5913	0.39
5914	0.39
5915	0.39
5916	0.39
5917	0.39
5918	0.39
5919	0.39
5920	0.39
5921	0.39
5922	0.39
5923	0.39
5924	0.39
5925	0.39
5926	0.39
5927	0.39
5928	0.39
5929	0.39
5930	0.39
5931	0.39
5932	0.39
5933	0.39
5934	0.39
5935	0.39
5936	0.39
5937	0.39
5938	0.39
5939	0.39
5940	0.39
5941	0.39
5942	0.39
5943	0.39
5944	0.39
5945	0.39
5946	0.39
5947	0.39
5948	0.39
5949	0.39
5950	0.39
5951	0.39
5952	0.39
5953	0.39
5954	0.39
5955	0.39
5956	0.39
5957	0.39
5958	0.39
5959	0.39
5960	0.39
5961	0.39
5962	0.39
5963	0.39
5964	0.39
5965	0.39
5966	0.39
5967	0.39
5968	0.39
5969	0.39
5970	0.39
5971	0.39
5972	0.39
5973	0.39
5974	0.39
5975	0.39
5976	0.39
5977	0.39
5978	0.39
5979	0.39
5980	0.39
5981	0.39
5982	0.39
5983	0.39
5984	0.39
5985	0.39
5986	0.39
5987	0.39
5988	0.39
5989	0.39
5990	0.39
5991	0.39
5992	0.39
5993	0.39
5994	0.39
5995	0.39
5996	0.39
5997	0.39
5998	0.39
5999	0.39
6000	0.39
6001	0.39
6002	0.39
6003	0.39
6004	0.39
6005	0.39
6006	0.39
6007	0.39
6008	0.39
6009	0.39
6010	0.39
6011	0.39
6012	0.39
6013	0.39
6014	0.39
6015	0.39
6016	0.39
6017	0.39
6018	0.39
6019	0.39
6020	0.39
6021	0.39
6022	0.39
6023	0.39
6024	0.39
6025	0.39
6026	0.39
6027	0.39
6028	0.39
6029	0.39
6030	0.39
6031	0.39
6032	0.39
6033	0.39
6034	0.39
6035	0.39
6036	0.39
6037	0.39
6038	0.39
6039	0.39
6040	0.39
6041	0.39
6042	0.39
6043	0.39
6044	0.39
6045	0.39
6046	0.39
6047	0.39
6048	0.39
6049	0.39
6050	0.39
6051	0.39
6052	0.39
6053	0.39
6054	0.39
6055	0.39
6056	0.39
6057	0.39
6058	0.39
6059	0.39
6060	0.39
6061	0.39
6062	0.39
6063	0.39
6064	0.39
6065	0.39
6066	0.39
6067	0.39
6068	0.39
6069	0.39
6070	0.39
6071	0.39
6072	0.39
6073	0.39
6074	0.39
6075	0.39
6076	0.39
6077	0.39
6078	0.39
6079	0.39
6080	0.39
6081	0.39
6082	0.39
6083	0.39
6084	0.39
6085	0.39
6086	0.39
6087	0.39
6088	0.39
6089	0.39
6090	0.39
6091	0.39
6092	0.39
6093	0.39
6094	0.39
6095	0.39
6096	0.39
6097	0.39
6098	0.39
6099	0.39
6100	0.39
6101	0.39
6102	0.39
6103	0.38
6104	0.38
6105	0.38
6106	0.38
6107	0.38
6108	0.38
6109	0.38
6110	0.38
6111	0.38
6112	0.38
6113	0.38
6114	0.38
6115	0.38
6116	0.38
6117	0.38
6118	0.38
6119	0.38
6120	0.38
6121	0.38
6122	0.38
6123	0.38
6124	0.38
6125	0.38
6126	0.38
6127	0.38
6128	0.38
6129	0.38
6130	0.38
6131	0.38
6132	0.38
6133	0.38
6134	0.38
6135	0.38
6136	0.38
6137	0.38
6138	0.38
6139	0.38
6140	0.38
6141	0.38
6142	0.38
6143	0.38
6144	0.38
6145	0.38
6146	0.38
6147	0.38
6148	0.38
6149	0.38
6150	0.38
6151	0.38
6152	0.38
6153	0.38
6154	0.38
6155	0.38
6156	0.38
6157	0.38
6158	0.38
6159	0.38
6160	0.38
6161	0.38
6162	0.38
6163	0.38
6164	0.38
6165	0.38
6166	0.38
6167	0.38
6168	0.38
6169	0.38
6170	0.38
6171	0.38
6172	0.38
6173	0.38
6174	0.38
6175	0.38
6176	0.38
6177	0.38
6178	0.38
6179	0.38
6180	0.38
6181	0.38
6182	0.38
6183	0.38
6184	0.38
6185	0.38
6186	0.38
6187	0.38
6188	0.38
6189	0.38
6190	0.38
6191	0.38
6192	0.38
6193	0.38
6194	0.38
6195	0.38
6196	0.38
6197	0.38
6198	0.38
6199	0.38
6200	0.38
6201	0.38
6202	0.38
6203	0.38
6204	0.38
6205	0.38
6206	0.38
6207	0.38
6208	0.38
6209	0.38
6210	0.38
6211	0.38
6212	0.38
6213	0.38
6214	0.38
6215	0.38
6216	0.38
6217	0.38
6218	0.38
6219	0.38
6220	0.38
6221	0.38
6222	0.38
6223	0.38
6224	0.38
6225	0.38
6226	0.38
6227	0.38
6228	0.38
6229	0.38
6230	0.38
6231	0.38
6232	0.38
6233	0.38
6234	0.38
6235	0.38
6236	0.38
6237	0.38
6238	0.38
6239	0.38
6240	0.38
6241	0.38
6242	0.38
6243	0.38
6244	0.38
6245	0.38
6246	0.38
6247	0.38
6248	0.38
6249	0.38
6250	0.38
6251	0.38
6252	0.38
6253	0.38
6254	0.38
6255	0.38
6256	0.38
6257	0.38
6258	0.38
6259	0.38
6260	0.38
6261	0.38
6262	0.38
6263	0.38
6264	0.38
6265	0.38
6266	0.38
6267	0.38
6268	0.38
6269	0.38
6270	0.38
6271	0.38
6272	0.38
6273	0.38
6274	0.38
6275	0.38
6276	0.38
6277	0.38
6278	0.38
6279	0.38
6280	0.38
6281	0.38
6282	0.38
6283	0.38
6284	0.38
6285	0.38
6286	0.38
6287	0.38
6288	0.38
6289	0.38
6290	0.38
6291	0.38
6292	0.38
6293	0.38
6294	0.38
6295	0.38
6296	0.38
6297	0.38
6298	0.38
6299	0.38
6300	0.38
6301	0.38
6302	0.38
6303	0.38
6304	0.38
6305	0.38
6306	0.38
6307	0.38
6308	0.38
6309	0.38
6310	0.38
6311	0.38
6312	0.38
6313	0.38
6314	0.38
6315	0.38
6316	0.38
6317	0.38
6318	0.38
6319	0.38
6320	0.38
6321	0.38
6322	0.38
6323	0.38
6324	0.38
6325	0.38
6326	0.38
6327	0.38
6328	0.38
6329	0.38
6330	0.38
6331	0.38
6332	0.38
6333	0.38
6334	0.38
6335	0.38
6336	0.38
6337	0.38
6338	0.38
6339	0.38
6340	0.38
6341	0.38
6342	0.37
6343	0.37
6344	0.37
6345	0.37
6346	0.37
6347	0.37
6348	0.37
6349	0.37
6350	0.37
6351	0.37
6352	0.37
6353	0.37
6354	0.37
6355	0.37
6356	0.37
6357	0.37
6358	0.37
6359	0.37
6360	0.37
6361	0.37
6362	0.37
6363	0.37
6364	0.37
6365	0.37
6366	0.37
6367	0.37
6368	0.37
6369	0.37
6370	0.37
6371	0.37
6372	0.37
6373	0.37
6374	0.37
6375	0.37
6376	0.37
6377	0.37
6378	0.37
6379	0.37
6380	0.37
6381	0.37
6382	0.37
6383	0.37
6384	0.37
6385	0.37
6386	0.37
6387	0.37
6388	0.37
6389	0.37
6390	0.37
6391	0.37
6392	0.37
6393	0.37
6394	0.37
6395	0.37
6396	0.37
6397	0.37
6398	0.37
6399	0.37
6400	0.37
6401	0.37
6402	0.37
6403	0.37
6404	0.37
6405	0.37
6406	0.37
6407	0.37
6408	0.37
6409	0.37
6410	0.37
6411	0.37
6412	0.37
6413	0.37
6414	0.37
6415	0.37
6416	0.37
6417	0.37
6418	0.37
6419	0.37
6420	0.37
6421	0.37
6422	0.37
6423	0.37
6424	0.37
6425	0.37
6426	0.37
6427	0.37
6428	0.37
6429	0.37
6430	0.37
6431	0.37
6432	0.37
6433	0.37
6434	0.37
6435	0.37
6436	0.37
6437	0.37
6438	0.37
6439	0.37
6440	0.37
6441	0.37
6442	0.37
6443	0.37
6444	0.37
6445	0.37
6446	0.37
6447	0.37
6448	0.37
6449	0.37
6450	0.37
6451	0.37
6452	0.37
6453	0.37
6454	0.37
6455	0.37
6456	0.37
6457	0.37
6458	0.37
6459	0.37
6460	0.37
6461	0.37
6462	0.37
6463	0.37
6464	0.37
6465	0.37
6466	0.37
6467	0.37
6468	0.37
6469	0.37
6470	0.37
6471	0.37
6472	0.37
6473	0.37
6474	0.37
6475	0.37
6476	0.37
6477	0.37
6478	0.37
6479	0.37
6480	0.37
6481	0.37
6482	0.37
6483	0.37
6484	0.37
6485	0.37
6486	0.37
6487	0.37
6488	0.37
6489	0.37
6490	0.36
6491	0.36
6492	0.36
6493	0.36
6494	0.36
6495	0.36
6496	0.36
6497	0.36
6498	0.36
6499	0.36
6500	0.36
6501	0.36
6502	0.36
6503	0.36
6504	0.36
6505	0.36
6506	0.36
6507	0.36
6508	0.36
6509	0.36
6510	0.36
6511	0.36
6512	0.36
6513	0.36
6514	0.36
6515	0.36
6516	0.36
6517	0.36
6518	0.36
6519	0.36
6520	0.36
6521	0.36
6522	0.36
6523	0.36
6524	0.36
6525	0.36
6526	0.36
6527	0.36
6528	0.36
6529	0.36
6530	0.36
6531	0.36
6532	0.36
6533	0.36
6534	0.36
6535	0.36
6536	0.36
6537	0.36
6538	0.36
6539	0.36
6540	0.36
6541	0.36
6542	0.36
6543	0.36
6544	0.36
6545	0.36
6546	0.36
6547	0.36
6548	0.36
6549	0.36
6550	0.36
6551	0.36
6552	0.36
6553	0.36
6554	0.36
6555	0.36
6556	0.36
6557	0.36
6558	0.36
6559	0.36
6560	0.36
6561	0.36
6562	0.36
6563	0.36
6564	0.36
6565	0.36
6566	0.36
6567	0.36
6568	0.36
6569	0.36
6570	0.36
6571	0.36
6572	0.36
6573	0.36
6574	0.36
6575	0.36
6576	0.36
6577	0.36
6578	0.36
6579	0.36
6580	0.36
6581	0.36
6582	0.36
6583	0.36
6584	0.36
6585	0.36
6586	0.36
6587	0.36
6588	0.36
6589	0.36
6590	0.36
6591	0.36
6592	0.36
6593	0.36
6594	0.36
6595	0.36
6596	0.36
6597	0.36
6598	0.36
6599	0.36
6600	0.36
6601	0.36
6602	0.36
6603	0.36
6604	0.36
6605	0.36
6606	0.36
6607	0.36
6608	0.36
6609	0.36
6610	0.36
6611	0.36
6612	0.36
6613	0.36
6614	0.36
6615	0.36
6616	0.36
6617	0.36
6618	0.36
6619	0.36
6620	0.36
6621	0.36
6622	0.36
6623	0.36
6624	0.36
6625	0.36
6626	0.36
6627	0.36
6628	0.36
6629	0.36
6630	0.36
6631	0.36
6632	0.36
6633	0.36
6634	0.36
6635	0.36
6636	0.36
6637	0.36
6638	0.36
6639	0.36
6640	0.36
6641	0.36
6642	0.36
6643	0.36
6644	0.36
6645	0.36
6646	0.36
6647	0.36
6648	0.36
6649	0.36
6650	0.36
6651	0.36
6652	0.36
6653	0.36
6654	0.36
6655	0.36
6656	0.36
6657	0.36
6658	0.36
6659	0.36
6660	0.36
6661	0.36
6662	0.36
6663	0.36
6664	0.36
6665	0.36
6666	0.36
6667	0.36
6668	0.36
6669	0.36
6670	0.36
6671	0.36
6672	0.36
6673	0.36
6674	0.36
6675	0.36
6676	0.36
6677	0.36
6678	0.36
6679	0.36
6680	0.36
6681	0.36
6682	0.36
6683	0.36
6684	0.36
6685	0.36
6686	0.36
6687	0.36
6688	0.36
6689	0.36
6690	0.36
6691	0.36
6692	0.36
6693	0.36
6694	0.36
6695	0.36
6696	0.36
6697	0.36
6698	0.36
6699	0.36
6700	0.36
6701	0.36
6702	0.36
6703	0.36
6704	0.36
6705	0.36
6706	0.36
6707	0.36
6708	0.36
6709	0.36
6710	0.36
6711	0.36
6712	0.36
6713	0.36
6714	0.36
6715	0.36
6716	0.36
6717	0.36
6718	0.36
6719	0.36
6720	0.36
6721	0.36
6722	0.36
6723	0.36
6724	0.36
6725	0.36
6726	0.36
6727	0.36
6728	0.36
6729	0.35
6730	0.35
6731	0.35
6732	0.35
6733	0.35
6734	0.35
6735	0.35
6736	0.35
6737	0.35
6738	0.35
6739	0.35
6740	0.35
6741	0.35
6742	0.35
6743	0.35
6744	0.35
6745	0.35
6746	0.35
6747	0.35
6748	0.35
6749	0.35
6750	0.35
6751	0.35
6752	0.35
6753	0.35
6754	0.35
6755	0.35
6756	0.35
6757	0.35
6758	0.35
6759	0.35
6760	0.35
6761	0.35
6762	0.35
6763	0.35
6764	0.35
6765	0.35
6766	0.35
6767	0.35
6768	0.35
6769	0.35
6770	0.35
6771	0.35
6772	0.35
6773	0.35
6774	0.35
6775	0.35
6776	0.35
6777	0.35
6778	0.35
6779	0.35
6780	0.35
6781	0.35
6782	0.35
6783	0.35
6784	0.35
6785	0.35
6786	0.35
6787	0.35
6788	0.35
6789	0.35
6790	0.35
6791	0.35
6792	0.35
6793	0.35
6794	0.35
6795	0.35
6796	0.35
6797	0.35
6798	0.35
6799	0.35
6800	0.35
6801	0.35
6802	0.35
6803	0.35
6804	0.35
6805	0.35
6806	0.35
6807	0.35
6808	0.35
6809	0.35
6810	0.35
6811	0.35
6812	0.35
6813	0.35
6814	0.35
6815	0.35
6816	0.35
6817	0.35
6818	0.35
6819	0.35
6820	0.35
6821	0.35
6822	0.35
6823	0.35
6824	0.35
6825	0.35
6826	0.35
6827	0.35
6828	0.35
6829	0.35
6830	0.35
6831	0.35
6832	0.35
6833	0.35
6834	0.35
6835	0.35
6836	0.35
6837	0.35
6838	0.35
6839	0.35
6840	0.35
6841	0.35
6842	0.35
6843	0.35
6844	0.35
6845	0.35
6846	0.35
6847	0.35
6848	0.35
6849	0.35
6850	0.35
6851	0.35
6852	0.35
6853	0.35
6854	0.35
6855	0.35
6856	0.35
6857	0.35
6858	0.35
6859	0.35
6860	0.35
6861	0.35
6862	0.35
6863	0.35
6864	0.35
6865	0.35
6866	0.35
6867	0.35
6868	0.35
6869	0.35
6870	0.35
6871	0.35
6872	0.35
6873	0.35
6874	0.35
6875	0.35
6876	0.35
6877	0.35
6878	0.34
6879	0.34
6880	0.34
6881	0.34
6882	0.34
6883	0.34
6884	0.34
6885	0.34
6886	0.34
6887	0.34
6888	0.34
6889	0.34
6890	0.34
6891	0.34
6892	0.34
6893	0.34
6894	0.34
6895	0.34
6896	0.34
6897	0.34
6898	0.34
6899	0.34
6900	0.34
6901	0.34
6902	0.34
6903	0.34
6904	0.34
6905	0.34
6906	0.34
6907	0.34
6908	0.34
6909	0.34
6910	0.34
6911	0.34
6912	0.34
6913	0.34
6914	0.34
6915	0.34
6916	0.34
6917	0.34
6918	0.34
6919	0.34
6920	0.34
6921	0.34
6922	0.34
6923	0.34
6924	0.34
6925	0.34
6926	0.34
6927	0.34
6928	0.34
6929	0.34
6930	0.34
6931	0.34
6932	0.34
6933	0.34
6934	0.34
6935	0.34
6936	0.34
6937	0.34
6938	0.34
6939	0.34
6940	0.34
6941	0.34
6942	0.34
6943	0.34
6944	0.34
6945	0.34
6946	0.34
6947	0.34
6948	0.34
6949	0.34
6950	0.34
6951	0.34
6952	0.34
6953	0.34
6954	0.34
6955	0.34
6956	0.34
6957	0.34
6958	0.34
6959	0.34
6960	0.34
6961	0.34
6962	0.34
6963	0.34
6964	0.34
6965	0.34
6966	0.34
6967	0.33
6968	0.33
6969	0.33
6970	0.33
6971	0.33
6972	0.33
6973	0.33
6974	0.33
6975	0.33
6976	0.33
6977	0.33
6978	0.33
6979	0.33
6980	0.33
6981	0.33
6982	0.33
6983	0.33
6984	0.33
6985	0.33
6986	0.33
6987	0.33
6988	0.33
6989	0.33
6990	0.33
6991	0.33
6992	0.33
6993	0.33
6994	0.33
6995	0.33
6996	0.33
6997	0.33
6998	0.33
6999	0.33
7000	0.33
7001	0.33
7002	0.33
7003	0.33
7004	0.33
7005	0.33
7006	0.33
7007	0.33
7008	0.33
7009	0.33
7010	0.33
7011	0.33
7012	0.33
7013	0.33
7014	0.33
7015	0.33
7016	0.33
7017	0.33
7018	0.33
7019	0.33
7020	0.33
7021	0.33
7022	0.33
7023	0.33
7024	0.33
7025	0.33
7026	0.33
7027	0.33
7028	0.33
7029	0.33
7030	0.33
7031	0.33
7032	0.33
7033	0.33
7034	0.33
7035	0.33
7036	0.33
7037	0.33
7038	0.33
7039	0.33
7040	0.33
7041	0.33
7042	0.33
7043	0.33
7044	0.33
7045	0.33
7046	0.33
7047	0.33
7048	0.33
7049	0.33
7050	0.33
7051	0.33
7052	0.33
7053	0.33
7054	0.33
7055	0.33
7056	0.33
7057	0.33
7058	0.33
7059	0.33
7060	0.33
7061	0.33
7062	0.33
7063	0.33
7064	0.33
7065	0.33
7066	0.33
7067	0.33
7068	0.33
7069	0.33
7070	0.33
7071	0.33
7072	0.33
7073	0.33
7074	0.33
7075	0.33
7076	0.33
7077	0.33
7078	0.33
7079	0.33
7080	0.33
7081	0.33
7082	0.33
7083	0.33
7084	0.33
7085	0.33
7086	0.33
7087	0.33
7088	0.33
7089	0.33
7090	0.33
7091	0.33
7092	0.33
7093	0.33
7094	0.33
7095	0.33
7096	0.33
7097	0.33
7098	0.33
7099	0.33
7100	0.33
7101	0.33
7102	0.33
7103	0.33
7104	0.33
7105	0.33
7106	0.33
7107	0.33
7108	0.33
7109	0.33
7110	0.33
7111	0.33
7112	0.33
7113	0.33
7114	0.33
7115	0.33
7116	0.33
7117	0.33
7118	0.33
7119	0.33
7120	0.33
7121	0.33
7122	0.33
7123	0.33
7124	0.33
7125	0.33
7126	0.33
7127	0.33
7128	0.33
7129	0.33
7130	0.33
7131	0.33
7132	0.33
7133	0.33
7134	0.33
7135	0.33
7136	0.33
7137	0.33
7138	0.33
7139	0.33
7140	0.33
7141	0.33
7142	0.33
7143	0.33
7144	0.33
7145	0.33
7146	0.33
7147	0.33
7148	0.33
7149	0.33
7150	0.33
7151	0.33
7152	0.33
7153	0.33
7154	0.33
7155	0.33
7156	0.33
7157	0.33
7158	0.33
7159	0.33
7160	0.33
7161	0.33
7162	0.33
7163	0.33
7164	0.33
7165	0.33
7166	0.33
7167	0.33
7168	0.33
7169	0.33
7170	0.33
7171	0.33
7172	0.33
7173	0.33
7174	0.33
7175	0.33
7176	0.32
7177	0.32
7178	0.32
7179	0.32
7180	0.32
7181	0.32
7182	0.32
7183	0.32
7184	0.32
7185	0.32
7186	0.32
7187	0.32
7188	0.32
7189	0.32
7190	0.32
7191	0.32
7192	0.32
7193	0.32
7194	0.32
7195	0.32
7196	0.32
7197	0.32
7198	0.32
7199	0.32
7200	0.32
7201	0.32
7202	0.32
7203	0.32
7204	0.32
7205	0.32
7206	0.32
7207	0.32
7208	0.32
7209	0.32
7210	0.32
7211	0.32
7212	0.32
7213	0.32
7214	0.32
7215	0.32
7216	0.32
7217	0.32
7218	0.32
7219	0.32
7220	0.32
7221	0.32
7222	0.32
7223	0.32
7224	0.32
7225	0.32
7226	0.32
7227	0.32
7228	0.32
7229	0.32
7230	0.32
7231	0.32
7232	0.32
7233	0.32
7234	0.32
7235	0.32
7236	0.32
7237	0.32
7238	0.32
7239	0.32
7240	0.32
7241	0.32
7242	0.32
7243	0.32
7244	0.32
7245	0.32
7246	0.32
7247	0.32
7248	0.32
7249	0.32
7250	0.32
7251	0.32
7252	0.32
7253	0.32
7254	0.32
7255	0.32
7256	0.32
7257	0.32
7258	0.32
7259	0.32
7260	0.32
7261	0.32
7262	0.32
7263	0.32
7264	0.32
7265	0.32
7266	0.32
7267	0.32
7268	0.32
7269	0.32
7270	0.32
7271	0.32
7272	0.32
7273	0.32
7274	0.32
7275	0.32
7276	0.32
7277	0.32
7278	0.32
7279	0.32
7280	0.32
7281	0.32
7282	0.32
7283	0.32
7284	0.32
7285	0.32
7286	0.32
7287	0.32
7288	0.32
7289	0.32
7290	0.32
7291	0.32
7292	0.32
7293	0.32
7294	0.32
7295	0.32
7296	0.32
7297	0.32
7298	0.32
7299	0.32
7300	0.32
7301	0.32
7302	0.32
7303	0.32
7304	0.32
7305	0.32
7306	0.32
7307	0.32
7308	0.32
7309	0.32
7310	0.32
7311	0.32
7312	0.32
7313	0.32
7314	0.32
7315	0.32
7316	0.32
7317	0.32
7318	0.32
7319	0.32
7320	0.32
7321	0.32
7322	0.32
7323	0.32
7324	0.32
7325	0.32
7326	0.32
7327	0.32
7328	0.32
7329	0.32
7330	0.32
7331	0.32
7332	0.32
7333	0.32
7334	0.32
7335	0.32
7336	0.32
7337	0.32
7338	0.32
7339	0.32
7340	0.32
7341	0.32
7342	0.32
7343	0.32
7344	0.32
7345	0.32
7346	0.32
7347	0.32
7348	0.32
7349	0.32
7350	0.32
7351	0.32
7352	0.32
7353	0.32
7354	0.32
7355	0.32
7356	0.32
7357	0.32
7358	0.32
7359	0.32
7360	0.32
7361	0.32
7362	0.32
7363	0.32
7364	0.32
7365	0.32
7366	0.32
7367	0.32
7368	0.32
7369	0.32
7370	0.32
7371	0.32
7372	0.32
7373	0.32
7374	0.32
7375	0.32
7376	0.32
7377	0.32
7378	0.32
7379	0.32
7380	0.32
7381	0.32
7382	0.32
7383	0.32
7384	0.32
7385	0.31
7386	0.31
7387	0.31
7388	0.31
7389	0.31
7390	0.31
7391	0.31
7392	0.31
7393	0.31
7394	0.31
7395	0.31
7396	0.31
7397	0.31
7398	0.31
7399	0.31
7400	0.31
7401	0.31
7402	0.31
7403	0.31
7404	0.31
7405	0.31
7406	0.31
7407	0.31
7408	0.31
7409	0.31
7410	0.31
7411	0.31
7412	0.31
7413	0.31
7414	0.31
7415	0.31
7416	0.31
7417	0.31
7418	0.31
7419	0.31
7420	0.31
7421	0.31
7422	0.31
7423	0.31
7424	0.31
7425	0.31
7426	0.31
7427	0.31
7428	0.31
7429	0.31
7430	0.31
7431	0.31
7432	0.31
7433	0.31
7434	0.31
7435	0.31
7436	0.31
7437	0.31
7438	0.31
7439	0.31
7440	0.31
7441	0.31
7442	0.31
7443	0.31
7444	0.31
7445	0.31
7446	0.31
7447	0.31
7448	0.31
7449	0.31
7450	0.31
7451	0.31
7452	0.31
7453	0.31
7454	0.31
7455	0.31
7456	0.31
7457	0.31
7458	0.31
7459	0.31
7460	0.31
7461	0.31
7462	0.31
7463	0.31
7464	0.31
7465	0.31
7466	0.31
7467	0.31
7468	0.31
7469	0.31
7470	0.31
7471	0.31
7472	0.31
7473	0.31
7474	0.31
7475	0.31
7476	0.31
7477	0.31
7478	0.31
7479	0.31
7480	0.31
7481	0.31
7482	0.31
7483	0.31
7484	0.31
7485	0.31
7486	0.31
7487	0.31
7488	0.31
7489	0.31
7490	0.31
7491	0.31
7492	0.31
7493	0.31
7494	0.31
7495	0.31
7496	0.31
7497	0.31
7498	0.31
7499	0.31
7500	0.31
7501	0.31
7502	0.31
7503	0.31
7504	0.31
7505	0.31
7506	0.31
7507	0.31
7508	0.31
7509	0.31
7510	0.31
7511	0.31
7512	0.31
7513	0.31
7514	0.31
7515	0.31
7516	0.31
7517	0.31
7518	0.31
7519	0.31
7520	0.31
7521	0.31
7522	0.31
7523	0.31
7524	0.31
7525	0.31
7526	0.31
7527	0.31
7528	0.31
7529	0.31
7530	0.31
7531	0.31
7532	0.31
7533	0.31
7534	0.31
7535	0.31
7536	0.31
7537	0.31
7538	0.31
7539	0.31
7540	0.31
7541	0.31
7542	0.31
7543	0.31
7544	0.31
7545	0.31
7546	0.31
7547	0.31
7548	0.31
7549	0.31
7550	0.31
7551	0.31
7552	0.31
7553	0.31
7554	0.31
7555	0.31
7556	0.31
7557	0.31
7558	0.31
7559	0.31
7560	0.31
7561	0.31
7562	0.31
7563	0.31
7564	0.31
7565	0.31
7566	0.31
7567	0.31
7568	0.31
7569	0.31
7570	0.31
7571	0.31
7572	0.31
7573	0.31
7574	0.31
7575	0.31
7576	0.31
7577	0.31
7578	0.31
7579	0.31
7580	0.31
7581	0.31
7582	0.31
7583	0.31
7584	0.31
7585	0.31
7586	0.31
7587	0.31
7588	0.31
7589	0.31
7590	0.31
7591	0.31
7592	0.31
7593	0.31
7594	0.3
7595	0.3
7596	0.3
7597	0.3
7598	0.3
7599	0.3
7600	0.3
7601	0.3
7602	0.3
7603	0.3
7604	0.3
7605	0.3
7606	0.3
7607	0.3
7608	0.3
7609	0.3
7610	0.3
7611	0.3
7612	0.3
7613	0.3
7614	0.3
7615	0.3
7616	0.3
7617	0.3
7618	0.3
7619	0.3
7620	0.3
7621	0.3
7622	0.3
7623	0.3
7624	0.3
7625	0.3
7626	0.3
7627	0.3
7628	0.3
7629	0.3
7630	0.3
7631	0.3
7632	0.3
7633	0.3
7634	0.3
7635	0.3
7636	0.3
7637	0.3
7638	0.3
7639	0.3
7640	0.3
7641	0.3
7642	0.3
7643	0.3
7644	0.3
7645	0.3
7646	0.3
7647	0.3
7648	0.3
7649	0.3
7650	0.3
7651	0.3
7652	0.3
7653	0.3
7654	0.3
7655	0.3
7656	0.3
7657	0.3
7658	0.3
7659	0.3
7660	0.3
7661	0.3
7662	0.3
7663	0.3
7664	0.3
7665	0.3
7666	0.3
7667	0.3
7668	0.3
7669	0.3
7670	0.3
7671	0.3
7672	0.3
7673	0.3
7674	0.3
7675	0.3
7676	0.3
7677	0.3
7678	0.3
7679	0.3
7680	0.3
7681	0.3
7682	0.3
7683	0.3
7684	0.3
7685	0.3
7686	0.3
7687	0.3
7688	0.3
7689	0.3
7690	0.3
7691	0.3
7692	0.3
7693	0.3
7694	0.3
7695	0.3
7696	0.3
7697	0.3
7698	0.3
7699	0.3
7700	0.3
7701	0.3
7702	0.3
7703	0.3
7704	0.3
7705	0.3
7706	0.3
7707	0.3
7708	0.3
7709	0.3
7710	0.3
7711	0.3
7712	0.3
7713	0.3
7714	0.3
7715	0.3
7716	0.3
7717	0.3
7718	0.3
7719	0.3
7720	0.3
7721	0.3
7722	0.3
7723	0.3
7724	0.3
7725	0.3
7726	0.3
7727	0.3
7728	0.3
7729	0.3
7730	0.3
7731	0.3
7732	0.3
7733	0.3
7734	0.3
7735	0.3
7736	0.3
7737	0.3
7738	0.3
7739	0.3
7740	0.3
7741	0.3
7742	0.3
7743	0.3
7744	0.3
7745	0.3
7746	0.3
7747	0.3
7748	0.3
7749	0.3
7750	0.3
7751	0.3
7752	0.3
7753	0.3
7754	0.3
7755	0.3
7756	0.3
7757	0.3
7758	0.3
7759	0.3
7760	0.3
7761	0.3
7762	0.3
7763	0.3
7764	0.3
7765	0.3
7766	0.3
7767	0.3
7768	0.3
7769	0.3
7770	0.3
7771	0.3
7772	0.3
7773	0.3
7774	0.3
7775	0.3
7776	0.3
7777	0.3
7778	0.3
7779	0.3
7780	0.3
7781	0.3
7782	0.3
7783	0.3
7784	0.3
7785	0.3
7786	0.3
7787	0.3
7788	0.3
7789	0.3
7790	0.3
7791	0.3
7792	0.3
7793	0.3
7794	0.3
7795	0.3
7796	0.3
7797	0.3
7798	0.3
7799	0.3
7800	0.3
7801	0.3
7802	0.3
7803	0.3
7804	0.29
7805	0.29
7806	0.29
7807	0.29
7808	0.29
7809	0.29
7810	0.29
7811	0.29
7812	0.29
7813	0.29
7814	0.29
7815	0.29
7816	0.29
7817	0.29
7818	0.29
7819	0.29
7820	0.29
7821	0.29
7822	0.29
7823	0.29
7824	0.29
7825	0.29
7826	0.29
7827	0.29
7828	0.29
7829	0.29
7830	0.29
7831	0.29
7832	0.29
7833	0.29
7834	0.29
7835	0.29
7836	0.29
7837	0.29
7838	0.29
7839	0.29
7840	0.29
7841	0.29
7842	0.29
7843	0.29
7844	0.29
7845	0.29
7846	0.29
7847	0.29
7848	0.29
7849	0.29
7850	0.29
7851	0.29
7852	0.29
7853	0.29
7854	0.29
7855	0.29
7856	0.29
7857	0.29
7858	0.29
7859	0.29
7860	0.29
7861	0.29
7862	0.29
7863	0.29
7864	0.29
7865	0.29
7866	0.29
7867	0.29
7868	0.29
7869	0.29
7870	0.29
7871	0.29
7872	0.29
7873	0.29
7874	0.29
7875	0.29
7876	0.29
7877	0.29
7878	0.29
7879	0.29
7880	0.29
7881	0.29
7882	0.29
7883	0.29
7884	0.29
7885	0.29
7886	0.29
7887	0.29
7888	0.29
7889	0.29
7890	0.29
7891	0.29
7892	0.29
7893	0.29
7894	0.29
7895	0.29
7896	0.29
7897	0.29
7898	0.29
7899	0.29
7900	0.29
7901	0.29
7902	0.29
7903	0.29
7904	0.29
7905	0.29
7906	0.29
7907	0.29
7908	0.29
7909	0.29
7910	0.29
7911	0.29
7912	0.29
7913	0.29
7914	0.29
7915	0.29
7916	0.29
7917	0.29
7918	0.29
7919	0.29
7920	0.29
7921	0.29
7922	0.29
7923	0.29
7924	0.29
7925	0.29
7926	0.29
7927	0.29
7928	0.29
7929	0.29
7930	0.29
7931	0.29
7932	0.29
7933	0.29
7934	0.29
7935	0.29
7936	0.29
7937	0.29
7938	0.29
7939	0.29
7940	0.29
7941	0.29
7942	0.29
7943	0.29
7944	0.29
7945	0.29
7946	0.29
7947	0.29
7948	0.29
7949	0.29
7950	0.29
7951	0.29
7952	0.29
7953	0.29
7954	0.29
7955	0.29
7956	0.29
7957	0.29
7958	0.29
7959	0.29
7960	0.29
7961	0.29
7962	0.29
7963	0.29
7964	0.29
7965	0.29
7966	0.29
7967	0.29
7968	0.29
7969	0.29
7970	0.29
7971	0.29
7972	0.29
7973	0.29
7974	0.29
7975	0.29
7976	0.29
7977	0.29
7978	0.29
7979	0.29
7980	0.29
7981	0.29
7982	0.29
7983	0.29
7984	0.29
7985	0.29
7986	0.29
7987	0.29
7988	0.29
7989	0.29
7990	0.29
7991	0.29
7992	0.29
7993	0.29
7994	0.29
7995	0.29
7996	0.29
7997	0.29
7998	0.29
7999	0.29
8000	0.29
8001	0.29
8002	0.29
8003	0.29
8004	0.29
8005	0.29
8006	0.29
8007	0.29
8008	0.29
8009	0.29
8010	0.29
8011	0.29
8012	0.29
8013	0.28
8014	0.28
8015	0.28
8016	0.28
8017	0.28
8018	0.28
8019	0.28
8020	0.28
8021	0.28
8022	0.28
8023	0.28
8024	0.28
8025	0.28
8026	0.28
8027	0.28
8028	0.28
8029	0.28
8030	0.28
8031	0.28
8032	0.28
8033	0.28
8034	0.28
8035	0.28
8036	0.28
8037	0.28
8038	0.28
8039	0.28
8040	0.28
8041	0.28
8042	0.28
8043	0.28
8044	0.28
8045	0.28
8046	0.28
8047	0.28
8048	0.28
8049	0.28
8050	0.28
8051	0.28
8052	0.28
8053	0.28
8054	0.28
8055	0.28
8056	0.28
8057	0.28
8058	0.28
8059	0.28
8060	0.28
8061	0.28
8062	0.28
8063	0.28
8064	0.28
8065	0.28
8066	0.28
8067	0.28
8068	0.28
8069	0.28
8070	0.28
8071	0.28
8072	0.28
8073	0.28
8074	0.28
8075	0.28
8076	0.28
8077	0.28
8078	0.28
8079	0.28
8080	0.28
8081	0.28
8082	0.28
8083	0.28
8084	0.28
8085	0.28
8086	0.28
8087	0.28
8088	0.28
8089	0.28
8090	0.28
8091	0.28
8092	0.28
8093	0.28
8094	0.28
8095	0.28
8096	0.28
8097	0.28
8098	0.28
8099	0.28
8100	0.28
8101	0.28
8102	0.28
8103	0.28
8104	0.28
8105	0.28
8106	0.28
8107	0.28
8108	0.28
8109	0.28
8110	0.28
8111	0.28
8112	0.28
8113	0.28
8114	0.28
8115	0.28
8116	0.28
8117	0.28
8118	0.28
8119	0.28
8120	0.28
8121	0.28
8122	0.28
8123	0.28
8124	0.28
8125	0.28
8126	0.28
8127	0.28
8128	0.28
8129	0.28
8130	0.28
8131	0.28
8132	0.28
8133	0.28
8134	0.28
8135	0.28
8136	0.28
8137	0.28
8138	0.28
8139	0.28
8140	0.28
8141	0.28
8142	0.28
8143	0.28
8144	0.28
8145	0.28
8146	0.28
8147	0.28
8148	0.28
8149	0.28
8150	0.28
8151	0.28
8152	0.28
8153	0.28
8154	0.28
8155	0.28
8156	0.28
8157	0.28
8158	0.28
8159	0.28
8160	0.28
8161	0.28
8162	0.28
8163	0.28
8164	0.28
8165	0.28
8166	0.28
8167	0.28
8168	0.28
8169	0.28
8170	0.28
8171	0.28
8172	0.28
8173	0.28
8174	0.28
8175	0.28
8176	0.28
8177	0.28
8178	0.28
8179	0.28
8180	0.28
8181	0.28
8182	0.28
8183	0.28
8184	0.28
8185	0.28
8186	0.28
8187	0.28
8188	0.28
8189	0.28
8190	0.28
8191	0.28
8192	0.28
8193	0.28
8194	0.28
8195	0.28
8196	0.28
8197	0.28
8198	0.28
8199	0.28
8200	0.28
8201	0.28
8202	0.28
8203	0.28
8204	0.28
8205	0.28
8206	0.28
8207	0.28
8208	0.28
8209	0.28
8210	0.28
8211	0.28
8212	0.28
8213	0.28
8214	0.28
8215	0.28
8216	0.28
8217	0.28
8218	0.28
8219	0.28
8220	0.28
8221	0.28
8222	0.27
8223	0.27
8224	0.27
8225	0.27
8226	0.27
8227	0.27
8228	0.27
8229	0.27
8230	0.27
8231	0.27
8232	0.27
8233	0.27
8234	0.27
8235	0.27
8236	0.27
8237	0.27
8238	0.27
8239	0.27
8240	0.27
8241	0.27
8242	0.27
8243	0.27
8244	0.27
8245	0.27
8246	0.27
8247	0.27
8248	0.27
8249	0.27
8250	0.27
8251	0.27
8252	0.27
8253	0.27
8254	0.27
8255	0.27
8256	0.27
8257	0.27
8258	0.27
8259	0.27
8260	0.27
8261	0.27
8262	0.27
8263	0.27
8264	0.27
8265	0.27
8266	0.27
8267	0.27
8268	0.27
8269	0.27
8270	0.27
8271	0.27
8272	0.27
8273	0.27
8274	0.27
8275	0.27
8276	0.27
8277	0.27
8278	0.27
8279	0.27
8280	0.27
8281	0.27
8282	0.27
8283	0.27
8284	0.27
8285	0.27
8286	0.27
8287	0.27
8288	0.27
8289	0.27
8290	0.27
8291	0.27
8292	0.27
8293	0.27
8294	0.27
8295	0.27
8296	0.27
8297	0.27
8298	0.27
8299	0.27
8300	0.27
8301	0.27
8302	0.27
8303	0.27
8304	0.27
8305	0.27
8306	0.27
8307	0.27
8308	0.27
8309	0.27
8310	0.27
8311	0.27
8312	0.27
8313	0.27
8314	0.27
8315	0.27
8316	0.27
8317	0.27
8318	0.27
8319	0.27
8320	0.27
8321	0.27
8322	0.27
8323	0.27
8324	0.27
8325	0.27
8326	0.27
8327	0.27
8328	0.27
8329	0.27
8330	0.27
8331	0.27
8332	0.27
8333	0.27
8334	0.27
8335	0.27
8336	0.27
8337	0.27
8338	0.27
8339	0.27
8340	0.27
8341	0.27
8342	0.27
8343	0.27
8344	0.27
8345	0.27
8346	0.27
8347	0.27
8348	0.27
8349	0.27
8350	0.27
8351	0.27
8352	0.27
8353	0.27
8354	0.27
8355	0.27
8356	0.27
8357	0.27
8358	0.27
8359	0.27
8360	0.27
8361	0.27
8362	0.27
8363	0.27
8364	0.27
8365	0.27
8366	0.27
8367	0.27
8368	0.27
8369	0.27
8370	0.27
8371	0.27
8372	0.27
8373	0.27
8374	0.27
8375	0.27
8376	0.27
8377	0.27
8378	0.27
8379	0.27
8380	0.27
8381	0.27
8382	0.27
8383	0.27
8384	0.27
8385	0.27
8386	0.27
8387	0.27
8388	0.27
8389	0.27
8390	0.27
8391	0.27
8392	0.27
8393	0.27
8394	0.27
8395	0.27
8396	0.27
8397	0.27
8398	0.27
8399	0.27
8400	0.27
8401	0.27
8402	0.27
8403	0.27
8404	0.27
8405	0.27
8406	0.27
8407	0.27
8408	0.27
8409	0.27
8410	0.27
8411	0.27
8412	0.27
8413	0.27
8414	0.27
8415	0.27
8416	0.27
8417	0.27
8418	0.27
8419	0.27
8420	0.27
8421	0.27
8422	0.27
8423	0.27
8424	0.27
8425	0.27
8426	0.27
8427	0.27
8428	0.27
8429	0.27
8430	0.27
8431	0.27
8432	0.27
8433	0.27
8434	0.27
8435	0.27
8436	0.27
8437	0.27
8438	0.27
8439	0.27
8440	0.27
8441	0.27
8442	0.27
8443	0.27
8444	0.27
8445	0.27
8446	0.27
8447	0.27
8448	0.27
8449	0.27
8450	0.27
8451	0.27
8452	0.27
8453	0.27
8454	0.27
8455	0.27
8456	0.27
8457	0.27
8458	0.27
8459	0.27
8460	0.26
8461	0.26
8462	0.26
8463	0.26
8464	0.26
8465	0.26
8466	0.26
8467	0.26
8468	0.26
8469	0.26
8470	0.26
8471	0.26
8472	0.26
8473	0.26
8474	0.26
8475	0.26
8476	0.26
8477	0.26
8478	0.26
8479	0.26
8480	0.26
8481	0.26
8482	0.26
8483	0.26
8484	0.26
8485	0.26
8486	0.26
8487	0.26
8488	0.26
8489	0.26
8490	0.26
8491	0.26
8492	0.26
8493	0.26
8494	0.26
8495	0.26
8496	0.26
8497	0.26
8498	0.26
8499	0.26
8500	0.26
8501	0.26
8502	0.26
8503	0.26
8504	0.26
8505	0.26
8506	0.26
8507	0.26
8508	0.26
8509	0.26
8510	0.26
8511	0.26
8512	0.26
8513	0.26
8514	0.26
8515	0.26
8516	0.26
8517	0.26
8518	0.26
8519	0.26
8520	0.26
8521	0.26
8522	0.26
8523	0.26
8524	0.26
8525	0.26
8526	0.26
8527	0.26
8528	0.26
8529	0.26
8530	0.26
8531	0.26
8532	0.26
8533	0.26
8534	0.26
8535	0.26
8536	0.26
8537	0.26
8538	0.26
8539	0.26
8540	0.26
8541	0.26
8542	0.26
8543	0.26
8544	0.26
8545	0.26
8546	0.26
8547	0.26
8548	0.26
8549	0.26
8550	0.26
8551	0.26
8552	0.26
8553	0.26
8554	0.26
8555	0.26
8556	0.26
8557	0.26
8558	0.26
8559	0.26
8560	0.26
8561	0.26
8562	0.26
8563	0.26
8564	0.26
8565	0.26
8566	0.26
8567	0.26
8568	0.26
8569	0.26
8570	0.26
8571	0.26
8572	0.26
8573	0.26
8574	0.26
8575	0.26
8576	0.26
8577	0.26
8578	0.26
8579	0.26
8580	0.26
8581	0.26
8582	0.26
8583	0.26
8584	0.26
8585	0.26
8586	0.26
8587	0.26
8588	0.26
8589	0.26
8590	0.26
8591	0.26
8592	0.26
8593	0.26
8594	0.26
8595	0.26
8596	0.26
8597	0.26
8598	0.26
8599	0.26
8600	0.26
8601	0.26
8602	0.26
8603	0.26
8604	0.26
8605	0.26
8606	0.26
8607	0.26
8608	0.26
8609	0.26
8610	0.26
8611	0.26
8612	0.26
8613	0.26
8614	0.26
8615	0.26
8616	0.26
8617	0.26
8618	0.26
8619	0.26
8620	0.26
8621	0.26
8622	0.26
8623	0.26
8624	0.26
8625	0.26
8626	0.26
8627	0.26
8628	0.26
8629	0.26
8630	0.26
8631	0.26
8632	0.26
8633	0.26
8634	0.26
8635	0.26
8636	0.26
8637	0.26
8638	0.26
8639	0.26
8640	0.26
8641	0.26
8642	0.26
8643	0.26
8644	0.26
8645	0.26
8646	0.26
8647	0.26
8648	0.26
8649	0.26
8650	0.26
8651	0.26
8652	0.26
8653	0.26
8654	0.26
8655	0.26
8656	0.26
8657	0.26
8658	0.26
8659	0.26
8660	0.26
8661	0.26
8662	0.26
8663	0.26
8664	0.26
8665	0.26
8666	0.26
8667	0.26
8668	0.26
8669	0.25
8670	0.25
8671	0.25
8672	0.25
8673	0.25
8674	0.25
8675	0.25
8676	0.25
8677	0.25
8678	0.25
8679	0.25
8680	0.25
8681	0.25
8682	0.25
8683	0.25
8684	0.25
8685	0.25
8686	0.25
8687	0.25
8688	0.25
8689	0.25
8690	0.25
8691	0.25
8692	0.25
8693	0.25
8694	0.25
8695	0.25
8696	0.25
8697	0.25
8698	0.25
8699	0.25
8700	0.25
8701	0.25
8702	0.25
8703	0.25
8704	0.25
8705	0.25
8706	0.25
8707	0.25
8708	0.25
8709	0.25
8710	0.25
8711	0.25
8712	0.25
8713	0.25
8714	0.25
8715	0.25
8716	0.25
8717	0.25
8718	0.25
8719	0.25
8720	0.25
8721	0.25
8722	0.25
8723	0.25
8724	0.25
8725	0.25
8726	0.25
8727	0.25
8728	0.25
8729	0.25
8730	0.25
8731	0.25
8732	0.25
8733	0.25
8734	0.25
8735	0.25
8736	0.25
8737	0.25
8738	0.25
8739	0.25
8740	0.25
8741	0.25
8742	0.25
8743	0.25
8744	0.25
8745	0.25
8746	0.25
8747	0.25
8748	0.25
8749	0.25
8750	0.25
8751	0.25
8752	0.25
8753	0.25
8754	0.25
8755	0.25
8756	0.25
8757	0.25
8758	0.25
8759	0.25
8760	0.25
8761	0.25
8762	0.25
8763	0.25
8764	0.25
8765	0.25
8766	0.25
8767	0.25
8768	0.25
8769	0.25
8770	0.25
8771	0.25
8772	0.25
8773	0.25
8774	0.25
8775	0.25
8776	0.25
8777	0.25
8778	0.25
8779	0.25
8780	0.25
8781	0.25
8782	0.25
8783	0.25
8784	0.25
8785	0.25
8786	0.25
8787	0.25
8788	0.25
8789	0.25
8790	0.25
8791	0.25
8792	0.25
8793	0.25
8794	0.25
8795	0.25
8796	0.25
8797	0.25
8798	0.25
8799	0.25
8800	0.25
8801	0.25
8802	0.25
8803	0.25
8804	0.25
8805	0.25
8806	0.25
8807	0.25
8808	0.25
8809	0.25
8810	0.25
8811	0.25
8812	0.25
8813	0.25
8814	0.25
8815	0.25
8816	0.25
8817	0.25
8818	0.25
8819	0.25
8820	0.25
8821	0.25
8822	0.25
8823	0.25
8824	0.25
8825	0.25
8826	0.25
8827	0.25
8828	0.25
8829	0.25
8830	0.25
8831	0.25
8832	0.25
8833	0.25
8834	0.25
8835	0.25
8836	0.25
8837	0.25
8838	0.25
8839	0.25
8840	0.25
8841	0.25
8842	0.25
8843	0.25
8844	0.25
8845	0.25
8846	0.25
8847	0.25
8848	0.25
8849	0.24
8850	0.24
8851	0.24
8852	0.24
8853	0.24
8854	0.24
8855	0.24
8856	0.24
8857	0.24
8858	0.24
8859	0.24
8860	0.24
8861	0.24
8862	0.24
8863	0.24
8864	0.24
8865	0.24
8866	0.24
8867	0.24
8868	0.24
8869	0.24
8870	0.24
8871	0.24
8872	0.24
8873	0.24
8874	0.24
8875	0.24
8876	0.24
8877	0.24
8878	0.24
8879	0.24
8880	0.24
8881	0.24
8882	0.24
8883	0.24
8884	0.24
8885	0.24
8886	0.24
8887	0.24
8888	0.24
8889	0.24
8890	0.24
8891	0.24
8892	0.24
8893	0.24
8894	0.24
8895	0.24
8896	0.24
8897	0.24
8898	0.24
8899	0.24
8900	0.24
8901	0.24
8902	0.24
8903	0.24
8904	0.24
8905	0.24
8906	0.24
8907	0.24
8908	0.24
8909	0.24
8910	0.24
8911	0.24
8912	0.24
8913	0.24
8914	0.24
8915	0.24
8916	0.24
8917	0.24
8918	0.24
8919	0.24
8920	0.24
8921	0.24
8922	0.24
8923	0.24
8924	0.24
8925	0.24
8926	0.24
8927	0.24
8928	0.24
8929	0.24
8930	0.24
8931	0.24
8932	0.24
8933	0.24
8934	0.24
8935	0.24
8936	0.24
8937	0.24
8938	0.24
8939	0.24
8940	0.24
8941	0.24
8942	0.24
8943	0.24
8944	0.24
8945	0.24
8946	0.24
8947	0.24
8948	0.24
8949	0.24
8950	0.24
8951	0.24
8952	0.24
8953	0.24
8954	0.24
8955	0.24
8956	0.24
8957	0.24
8958	0.24
8959	0.24
8960	0.24
8961	0.24
8962	0.24
8963	0.24
8964	0.24
8965	0.24
8966	0.24
8967	0.24
8968	0.24
8969	0.24
8970	0.24
8971	0.24
8972	0.24
8973	0.24
8974	0.24
8975	0.24
8976	0.24
8977	0.24
8978	0.24
8979	0.24
8980	0.24
8981	0.24
8982	0.24
8983	0.24
8984	0.24
8985	0.24
8986	0.24
8987	0.24
8988	0.24
8989	0.24
8990	0.24
8991	0.24
8992	0.24
8993	0.24
8994	0.24
8995	0.24
8996	0.24
8997	0.24
8998	0.23
8999	0.23
9000	0.23
9001	0.23
9002	0.23
9003	0.23
9004	0.23
9005	0.23
9006	0.23
9007	0.23
9008	0.23
9009	0.23
9010	0.23
9011	0.23
9012	0.23
9013	0.23
9014	0.23
9015	0.23
9016	0.23
9017	0.23
9018	0.23
9019	0.23
9020	0.23
9021	0.23
9022	0.23
9023	0.23
9024	0.23
9025	0.23
9026	0.23
9027	0.23
9028	0.23
9029	0.23
9030	0.23
9031	0.23
9032	0.23
9033	0.23
9034	0.23
9035	0.23
9036	0.23
9037	0.23
9038	0.23
9039	0.23
9040	0.23
9041	0.23
9042	0.23
9043	0.23
9044	0.23
9045	0.23
9046	0.23
9047	0.23
9048	0.23
9049	0.23
9050	0.23
9051	0.23
9052	0.23
9053	0.23
9054	0.23
9055	0.23
9056	0.23
9057	0.22
9058	0.22
9059	0.22
9060	0.22
9061	0.22
9062	0.22
9063	0.22
9064	0.22
9065	0.22
9066	0.22
9067	0.22
9068	0.22
9069	0.22
9070	0.22
9071	0.22
9072	0.22
9073	0.22
9074	0.22
9075	0.22
9076	0.22
9077	0.22
9078	0.22
9079	0.22
9080	0.22
9081	0.22
9082	0.22
9083	0.22
9084	0.22
9085	0.22
9086	0.22
9087	0.21
9088	0.21
9089	0.21
9090	0.21
9091	0.21
9092	0.21
9093	0.21
9094	0.21
9095	0.21
9096	0.21
9097	0.21
9098	0.21
9099	0.21
9100	0.21
9101	0.21
9102	0.21
9103	0.21
9104	0.21
9105	0.21
9106	0.21
9107	0.21
9108	0.21
9109	0.21
9110	0.21
9111	0.21
9112	0.21
9113	0.21
9114	0.21
9115	0.21
9116	0.21
9117	0.21
9118	0.21
9119	0.21
9120	0.21
9121	0.21
9122	0.21
9123	0.21
9124	0.21
9125	0.21
9126	0.21
9127	0.21
9128	0.21
9129	0.21
9130	0.21
9131	0.21
9132	0.21
9133	0.21
9134	0.21
9135	0.21
9136	0.21
9137	0.21
9138	0.21
9139	0.21
9140	0.21
9141	0.21
9142	0.21
9143	0.21
9144	0.21
9145	0.21
9146	0.21
9147	0.21
9148	0.21
9149	0.21
9150	0.21
9151	0.21
9152	0.21
9153	0.21
9154	0.21
9155	0.21
9156	0.21
9157	0.21
9158	0.21
9159	0.21
9160	0.21
9161	0.21
9162	0.21
9163	0.21
9164	0.21
9165	0.21
9166	0.21
9167	0.21
9168	0.21
9169	0.21
9170	0.21
9171	0.21
9172	0.21
9173	0.21
9174	0.21
9175	0.21
9176	0.2
9177	0.2
9178	0.2
9179	0.2
9180	0.2
9181	0.2
9182	0.2
9183	0.2
9184	0.2
9185	0.2
9186	0.2
9187	0.2
9188	0.2
9189	0.2
9190	0.2
9191	0.2
9192	0.2
9193	0.2
9194	0.2
9195	0.2
9196	0.2
9197	0.2
9198	0.2
9199	0.2
9200	0.2
9201	0.2
9202	0.2
9203	0.2
9204	0.2
9205	0.2
9206	0.2
9207	0.2
9208	0.2
9209	0.2
9210	0.2
9211	0.2
9212	0.2
9213	0.2
9214	0.2
9215	0.2
9216	0.2
9217	0.2
9218	0.2
9219	0.2
9220	0.2
9221	0.2
9222	0.2
9223	0.2
9224	0.2
9225	0.2
9226	0.2
9227	0.2
9228	0.2
9229	0.2
9230	0.2
9231	0.2
9232	0.2
9233	0.2
9234	0.2
9235	0.2
9236	0.2
9237	0.2
9238	0.2
9239	0.2
9240	0.2
9241	0.2
9242	0.2
9243	0.2
9244	0.2
9245	0.2
9246	0.2
9247	0.2
9248	0.2
9249	0.2
9250	0.2
9251	0.2
9252	0.2
9253	0.2
9254	0.2
9255	0.2
9256	0.2
9257	0.2
9258	0.2
9259	0.2
9260	0.2
9261	0.2
9262	0.2
9263	0.2
9264	0.2
9265	0.2
9266	0.2
9267	0.2
9268	0.2
9269	0.2
9270	0.2
9271	0.2
9272	0.2
9273	0.2
9274	0.2
9275	0.2
9276	0.2
9277	0.2
9278	0.2
9279	0.2
9280	0.2
9281	0.2
9282	0.2
9283	0.2
9284	0.2
9285	0.2
9286	0.2
9287	0.2
9288	0.2
9289	0.2
9290	0.2
9291	0.2
9292	0.2
9293	0.2
9294	0.2
9295	0.2
9296	0.2
9297	0.2
9298	0.2
9299	0.2
9300	0.2
9301	0.2
9302	0.2
9303	0.2
9304	0.2
9305	0.2
9306	0.2
9307	0.2
9308	0.2
9309	0.2
9310	0.2
9311	0.2
9312	0.2
9313	0.2
9314	0.2
9315	0.2
9316	0.2
9317	0.2
9318	0.2
9319	0.2
9320	0.2
9321	0.2
9322	0.2
9323	0.2
9324	0.2
9325	0.2
9326	0.2
9327	0.2
9328	0.2
9329	0.2
9330	0.2
9331	0.2
9332	0.2
9333	0.2
9334	0.2
9335	0.2
9336	0.2
9337	0.2
9338	0.2
9339	0.2
9340	0.2
9341	0.2
9342	0.2
9343	0.2
9344	0.2
9345	0.2
9346	0.2
9347	0.2
9348	0.2
9349	0.2
9350	0.2
9351	0.2
9352	0.2
9353	0.2
9354	0.19
9355	0.19
9356	0.19
9357	0.19
9358	0.19
9359	0.19
9360	0.19
9361	0.19
9362	0.19
9363	0.19
9364	0.19
9365	0.19
9366	0.19
9367	0.19
9368	0.19
9369	0.19
9370	0.19
9371	0.19
9372	0.19
9373	0.19
9374	0.19
9375	0.19
9376	0.19
9377	0.19
9378	0.19
9379	0.19
9380	0.19
9381	0.19
9382	0.19
9383	0.19
9384	0.18
9385	0.18
9386	0.18
9387	0.18
9388	0.18
9389	0.18
9390	0.18
9391	0.18
9392	0.18
9393	0.18
9394	0.18
9395	0.18
9396	0.18
9397	0.18
9398	0.18
9399	0.18
9400	0.18
9401	0.18
9402	0.18
9403	0.18
9404	0.18
9405	0.18
9406	0.18
9407	0.18
9408	0.18
9409	0.18
9410	0.18
9411	0.18
9412	0.18
9413	0.18
9414	0.17
9415	0.17
9416	0.17
9417	0.17
9418	0.17
9419	0.17
9420	0.17
9421	0.17
9422	0.17
9423	0.17
9424	0.17
9425	0.17
9426	0.17
9427	0.17
9428	0.17
9429	0.17
9430	0.17
9431	0.17
9432	0.17
9433	0.17
9434	0.17
9435	0.17
9436	0.17
9437	0.17
9438	0.17
9439	0.17
9440	0.17
9441	0.17
9442	0.17
9443	0.16
9444	0.16
9445	0.16
9446	0.16
9447	0.16
9448	0.16
9449	0.16
9450	0.16
9451	0.16
9452	0.16
9453	0.16
9454	0.16
9455	0.16
9456	0.16
9457	0.16
9458	0.16
9459	0.16
9460	0.16
9461	0.16
9462	0.16
9463	0.16
9464	0.16
9465	0.16
9466	0.16
9467	0.16
9468	0.16
9469	0.16
9470	0.16
9471	0.16
9472	0.16
9473	0.15
9474	0.15
9475	0.15
9476	0.15
9477	0.15
