0	0.65
1	0.64
2	0.63
3	0.62
4	0.62
5	0.62
6	0.62
7	0.61
8	0.61
9	0.61
10	0.61
11	0.61
12	0.61
13	0.61
14	0.6
15	0.6
16	0.6
17	0.6
18	0.59
19	0.59
20	0.58
21	0.58
22	0.58
23	0.57
24	0.57
25	0.57
26	0.56
27	0.56
28	0.56
29	0.56
30	0.56
31	0.54
32	0.54
33	0.54
34	0.54
35	0.54
36	0.54
37	0.53
38	0.53
39	0.53
40	0.52
41	0.51
42	0.5
43	0.5
44	0.5
45	0.5
46	0.49
47	0.49
48	0.49
49	0.49
50	0.48
51	0.48
52	0.48
53	0.47
54	0.47
55	0.47
56	0.46
57	0.46
58	0.46
59	0.46
60	0.46
61	0.45
62	0.45
63	0.45
64	0.45
65	0.44
66	0.44
67	0.44
68	0.43
69	0.43
70	0.43
71	0.42
72	0.41
73	0.41
74	0.4
75	0.4
76	0.4
77	0.4
78	0.39
79	0.39
80	0.38
81	0.38
82	0.37
83	0.37
84	0.37
85	0.37
86	0.36
87	0.36
88	0.36
89	0.36
90	0.36
91	0.36
92	0.35
93	0.35
94	0.34
95	0.34
96	0.33
97	0.33
98	0.32
99	0.32
100	0.31
101	0.31
102	0.31
103	0.3
104	0.3
105	0.3
106	0.3
107	0.3
108	0.29
109	0.29
110	0.29
111	0.29
112	0.29
113	0.29
114	0.29
115	0.29
116	0.29
117	0.28
118	0.27
119	0.27
120	0.27
121	0.27
122	0.27
123	0.27
124	0.26
125	0.26
126	0.25
127	0.25
128	0.25
129	0.24
130	0.24
131	0.23
132	0.23
133	0.23
134	0.23
135	0.22
136	0.22
137	0.22
138	0.22
139	0.22
140	0.21
141	0.2
142	0.2
143	0.2
144	0.2
145	0.19
146	0.19
147	0.18
148	0.18
149	0.17
150	0.17
151	0.16
152	0.16
153	0.16
