Battery ActorCountPerSec
0.64 0
0.64 7
0.64 1
0.64 1
0.64 2
0.64 2
0.64 1
0.64 4
0.64 2
0.64 3
0.64 11
0.64 2
0.64 12
0.64 0
0.64 2
0.64 1
0.64 1
0.64 1
0.64 1
0.63 1
0.63 1
0.63 0
0.63 10
0.63 3
0.63 1
0.63 12
0.63 1
0.63 13
0.63 1
0.63 12
0.63 1
0.63 11
0.63 1
0.63 13
0.63 1
0.63 12
0.63 1
0.63 12
0.63 1
0.63 12
0.63 1
0.63 11
0.63 1
0.63 1
0.63 12
0.63 1
0.63 12
0.63 9
0.63 12
0.63 8
0.63 1
0.63 2
0.63 2
0.63 0
0.63 11
0.63 6
0.63 1
0.63 1
0.63 1
0.63 0
0.63 2
0.63 1
0.63 2
0.63 1
0.63 1
0.63 0
0.63 0
0.63 11
0.63 1
0.63 11
0.63 1
0.63 11
0.63 7
0.63 1
0.63 0
0.63 1
0.63 1
0.62 2
0.62 1
0.62 12
0.62 2
0.62 8
0.62 1
0.62 1
0.62 11
0.62 15
0.62 2
0.62 10
0.62 1
0.62 11
0.62 0
0.62 1
0.62 1
0.62 1
0.62 1
0.62 1
0.62 0
0.62 1
0.62 1
0.62 1
0.62 12
0.62 1
0.62 12
0.62 1
0.62 1
0.62 3
0.62 0
0.62 0
0.62 1
0.62 1
0.62 1
0.62 8
0.62 2
0.62 1
0.62 2
0.62 1
0.62 11
0.62 4
0.62 2
0.62 0
0.62 2
0.62 1
0.62 1
0.62 1
0.62 12
0.62 1
0.62 1
0.61 0
0.61 1
0.61 2
0.61 9
0.61 1
0.61 8
0.61 1
0.61 12
0.61 12
0.61 10
0.61 9
0.61 1
0.61 5
0.61 11
0.61 1
0.61 13
0.61 1
0.61 1
0.61 0
0.61 1
0.6 1
0.6 6
0.6 1
0.6 1
0.6 1
0.6 6
0.6 2
0.6 1
0.6 1
0.6 1
0.6 1
0.6 1
0.6 7
0.6 1
0.6 2
0.6 12
0.6 2
0.6 9
0.6 5
0.6 1
0.6 1
0.6 2
0.6 6
0.6 0
0.6 6
0.6 1
0.6 1
0.6 1
0.6 0
0.6 1
0.6 2
0.6 1
0.6 2
0.6 1
0.6 5
0.6 1
0.6 1
0.6 9
0.6 0
0.6 1
0.6 1
0.6 1
0.6 1
0.59 8
0.59 1
0.59 1
0.59 1
0.59 7
0.59 1
0.59 1
0.59 8
0.59 3
0.59 1
0.59 2
0.59 1
0.59 2
0.59 10
0.59 6
0.59 13
0.59 6
0.59 12
0.59 1
0.59 12
0.59 3
0.59 12
0.59 1
0.59 2
0.59 2
0.59 14
0.59 6
0.59 1
0.59 1
0.59 0
0.59 10
0.59 2
0.59 0
0.59 2
0.59 1
0.59 1
0.59 1
0.59 8
0.59 3
0.59 1
0.59 1
0.59 1
0.59 6
0.59 1
0.59 6
0.59 1
0.59 6
0.58 1
0.58 1
0.58 2
0.58 1
0.58 1
0.58 1
0.58 2
0.58 1
0.58 0
0.58 1
0.58 1
0.58 7
0.58 3
0.58 7
0.58 4
0.58 1
0.58 1
0.58 1
0.58 1
0.58 1
0.58 1
0.57 1
0.57 1
0.57 7
0.57 1
0.57 1
0.57 0
0.57 8
0.57 1
0.57 1
0.57 4
0.57 1
0.57 12
0.57 1
0.57 10
0.57 1
0.57 2
0.57 7
0.57 1
0.57 1
0.57 1
0.57 7
0.57 5
0.57 1
0.56 2
0.56 0
0.56 7
0.56 3
0.56 1
0.56 1
0.56 1
0.56 11
0.56 10
0.56 1
0.56 1
0.56 1
0.56 1
0.56 0
0.56 1
0.56 1
0.56 3
0.56 6
0.56 5
0.56 1
0.56 1
0.56 1
0.56 2
0.55 1
0.55 1
0.55 1
0.55 7
0.55 3
0.55 7
0.55 1
0.55 1
0.55 1
0.55 1
0.55 1
0.55 2
0.55 0
0.55 1
0.55 1
0.55 1
0.55 1
0.55 2
0.55 7
0.55 7
0.55 1
0.55 1
0.55 2
0.55 1
0.55 1
0.55 1
0.55 1
0.54 1
0.54 2
0.54 6
0.54 3
0.54 1
0.54 1
0.54 1
0.54 0
0.54 2
0.54 11
0.54 7
0.54 1
0.54 1
0.54 1
0.54 1
0.54 0
0.54 1
0.54 0
0.54 2
0.54 3
0.54 2
0.54 0
0.54 9
0.54 1
0.53 7
0.53 1
0.53 9
0.53 1
0.53 11
0.53 1
0.53 10
0.53 11
0.53 6
0.53 10
0.53 9
0.53 1
0.53 1
0.53 1
0.53 1
0.53 1
0.53 1
0.53 1
0.53 1
0.53 11
0.53 1
0.53 0
0.53 1
0.53 1
0.53 0
0.53 1
0.53 12
0.53 0
0.52 12
0.52 1
0.52 10
0.52 9
0.52 1
0.52 1
0.52 1
0.52 2
0.52 0
0.52 1
0.52 1
0.52 10
0.52 1
0.52 2
0.52 1
0.52 1
0.52 1
0.52 1
0.52 1
0.52 1
0.52 1
0.52 1
0.52 0
0.52 1
0.52 4
0.52 2
0.52 2
0.52 9
0.51 4
0.51 6
0.51 1
0.51 1
0.51 1
0.51 1
0.51 1
0.51 1
0.51 1
0.51 1
0.51 1
0.51 1
0.51 1
0.51 1
0.51 1
0.51 1
0.51 6
0.51 1
0.51 13
0.51 2
0.51 11
0.51 1
0.51 2
0.51 2
0.51 6
0.51 2
0.51 3
0.5 2
0.5 6
0.5 1
0.5 1
0.5 2
0.5 1
0.5 1
0.5 1
0.5 4
0.5 1
0.5 1
0.5 7
0.5 1
0.5 1
0.5 1
0.5 1
0.5 1
0.5 2
0.5 1
0.5 2
0.5 1
0.5 4
0.49 1
0.49 10
0.49 1
0.49 1
0.49 2
0.49 1
0.49 12
0.49 2
0.49 13
0.49 1
0.49 11
0.49 3
0.49 9
0.49 0
0.49 6
0.49 10
0.49 3
0.49 2
0.49 10
0.49 1
0.49 8
0.49 3
0.49 1
0.49 4
0.49 8
0.49 1
0.48 0
0.48 1
0.48 2
0.48 2
0.48 1
0.48 2
0.48 1
0.48 2
0.48 1
0.48 2
0.48 1
0.48 1
0.48 1
0.48 1
0.48 1
0.48 7
0.48 1
0.48 4
0.48 1
0.48 8
0.48 2
0.48 1
0.48 14
0.48 1
0.48 13
0.48 0
0.48 4
0.47 1
0.47 9
0.47 0
0.47 1
0.47 2
0.47 1
0.47 1
0.47 1
0.47 1
0.47 13
0.47 1
0.47 11
0.47 5
0.47 14
0.47 1
0.47 1
0.47 7
0.47 1
0.47 1
0.47 2
0.47 1
0.46 1
0.46 3
0.46 2
0.46 1
0.46 1
0.46 1
0.46 1
0.46 3
0.46 1
0.46 8
0.46 1
0.46 6
0.46 1
0.46 4
0.46 1
0.46 8
0.46 2
0.46 10
0.46 2
0.46 4
0.46 2
0.46 3
0.46 4
0.46 7
0.46 2
0.46 1
0.45 7
0.45 1
0.45 5
0.45 14
0.45 7
0.45 12
0.45 1
0.45 1
0.45 6
0.45 1
0.45 4
0.45 1
0.45 6
0.45 2
0.45 5
0.45 2
0.45 1
0.45 2
0.45 7
0.45 1
0.45 1
0.45 13
0.45 1
0.45 1
0.45 2
0.44 2
0.44 1
0.44 1
0.44 1
0.44 2
0.44 1
0.44 3
0.44 1
0.44 12
0.44 2
0.44 13
0.44 7
0.44 13
0.44 1
0.44 11
0.44 4
0.44 1
0.44 1
0.44 1
0.44 1
0.44 1
0.44 1
0.44 1
0.44 2
0.44 1
0.44 9
0.44 2
0.43 10
0.43 1
0.43 11
0.43 3
0.43 10
0.43 1
0.43 13
0.43 1
0.43 1
0.43 6
0.43 1
0.43 1
0.43 13
0.43 2
0.43 0
0.43 9
0.43 2
0.43 8
0.43 1
0.43 4
0.43 0
0.43 4
0.43 1
0.42 5
0.42 1
0.42 11
0.42 2
0.42 5
0.42 0
0.42 7
0.42 4
0.42 14
0.42 4
0.42 13
0.42 5
0.42 2
0.42 1
0.42 13
0.42 1
0.42 4
0.42 1
0.42 0
0.42 1
0.42 1
0.42 2
0.42 1
0.42 2
0.41 1
0.41 1
0.41 1
0.41 0
0.41 1
0.41 1
0.41 13
0.41 0
0.41 11
0.41 1
0.41 10
0.41 2
0.41 4
0.41 1
0.41 1
0.41 0
0.41 2
0.41 8
0.41 2
0.41 1
0.41 1
0.4 2
0.4 1
0.4 4
0.4 1
0.4 3
0.4 1
0.4 1
0.4 1
0.4 2
0.4 1
0.4 0
0.4 1
0.4 2
0.4 7
0.4 15
0.4 7
0.4 6
0.4 2
0.4 13
0.4 1
0.4 1
0.4 1
0.4 0
0.4 1
0.39 15
0.39 4
0.39 6
0.39 1
0.39 8
0.39 0
0.39 1
0.39 12
0.39 1
0.39 1
0.39 1
0.39 2
0.39 15
0.39 1
0.39 1
0.39 4
0.39 8
0.39 3
0.39 1
0.39 14
0.39 0
0.39 0
0.39 4
0.38 6
0.38 1
0.38 2
0.38 1
0.38 6
0.38 2
0.38 9
0.38 1
0.38 6
0.38 2
0.38 7
0.38 5
0.38 2
0.38 7
0.38 1
0.38 1
0.38 1
0.38 1
0.38 2
0.38 1
0.38 1
0.38 9
0.38 5
0.38 9
0.38 7
0.37 1
0.37 4
0.37 2
0.37 1
0.37 1
0.37 1
0.37 1
0.37 1
0.37 1
0.37 2
0.37 1
0.37 1
0.37 2
0.37 1
0.37 1
0.37 0
0.37 3
0.37 0
0.37 6
0.37 2
0.37 7
0.37 2
0.37 3
0.37 1
0.37 1
0.37 7
0.37 3
0.37 0
0.37 1
0.37 1
0.37 2
0.37 1
0.37 0
0.37 7
0.37 13
0.37 2
0.37 9
0.37 2
0.37 8
0.37 3
0.37 10
0.37 4
0.37 2
0.37 1
0.37 1
0.37 1
0.37 1
0.37 1
0.37 0
0.37 1
0.37 8
0.37 0
0.37 1
0.37 2
0.37 1
0.37 3
0.37 2
0.37 3
0.37 2
0.37 8
0.37 3
0.37 1
0.37 0
0.37 8
0.37 2
0.37 1
0.37 2
0.37 1
0.37 8
0.37 1
0.37 1
0.37 5
0.37 0
0.37 1
0.37 14
0.37 1
0.37 13
0.37 1
0.37 14
0.37 1
0.37 0
0.37 1
0.37 8
0.37 1
0.37 7
0.37 12
0.37 3
0.37 12
0.37 5
0.37 4
0.37 10
0.37 2
0.37 1
0.37 7
0.37 3
0.37 1
0.37 5
0.37 1
0.37 7
0.37 1
0.37 7
0.37 5
0.37 5
0.37 15
0.37 1
0.37 11
0.37 1
0.37 12
0.37 1
0.37 13
0.37 1
0.37 1
0.37 1
0.37 2
0.37 8
0.37 0
0.37 13
0.37 1
0.37 1
0.37 2
0.37 13
0.37 1
0.37 8
0.37 1
0.37 11
0.37 1
0.37 13
0.37 8
0.37 12
0.37 1
0.37 11
0.37 1
0.37 1
0.37 2
0.37 8
0.37 3
0.37 7
0.37 1
0.37 1
0.37 1
0.37 7
0.37 2
0.37 6
0.37 1
0.37 8
0.37 3
0.37 9
0.37 6
0.37 1
0.37 1
0.37 1
0.37 7
0.37 1
0.37 8
0.37 4
0.37 1
0.37 11
0.37 1
0.37 2
0.37 2
0.37 1
0.37 2
0.37 5
0.37 1
0.37 12
0.37 6
0.37 8
0.37 3
0.37 7
0.37 2
0.37 5
0.37 1
0.37 9
0.37 2
0.37 1
0.37 9
0.37 1
0.37 13
0.37 2
0.37 13
0.37 5
0.37 12
0.37 4
0.37 14
0.37 3
0.37 7
0.37 2
0.37 6
0.37 0
0.37 2
0.37 2
0.37 1
0.37 2
0.37 1
0.37 2
0.37 6
0.37 15
0.37 1
0.37 0
0.37 1
0.37 11
0.37 4
0.37 7
0.37 1
0.37 4
0.37 1
0.37 4
0.37 2
0.37 8
0.37 2
0.37 1
0.37 2
0.37 7
0.37 5
0.37 1
0.37 10
0.37 1
0.37 2
0.37 2
0.37 2
0.37 2
0.37 1
0.37 4
0.37 2
0.37 1
0.37 2
0.37 1
0.37 1
0.37 1
0.37 7
0.37 2
0.37 7
0.37 1
0.37 1
0.37 9
0.37 5
0.37 6
0.37 7
0.37 2
0.37 5
0.37 6
0.37 5
0.37 12
0.37 0
0.37 7
0.37 1
0.37 3
0.37 1
0.37 7
0.37 3
0.37 12
0.37 2
0.37 0
0.37 7
0.37 10
0.37 5
0.37 5
0.37 1
0.37 6
0.37 2
0.37 1
0.37 13
0.37 1
0.37 1
0.37 1
0.37 1
0.37 2
0.37 2
0.37 3
0.37 5
0.37 14
0.37 8
0.37 1
0.37 14
0.37 6
0.37 14
0.37 8
0.37 5
0.37 8
0.37 13
0.37 4
0.37 13
0.37 5
0.37 8
0.37 2
0.37 5
0.37 1
0.37 1
0.37 0
0.37 6
0.37 1
0.37 1
0.37 1
0.37 1
0.37 0
0.37 1
0.37 1
0.37 10
0.37 3
0.37 1
0.37 2
0.37 1
0.37 1
0.37 2
0.37 1
0.37 0
0.37 2
0.37 1
0.37 1
0.37 6
0.37 2
0.37 8
0.37 1
0.37 0
0.37 0
0.37 5
0.37 1
0.37 9
0.37 1
0.37 9
0.37 2
0.37 6
0.37 4
0.37 1
0.37 2
0.37 3
0.37 12
0.37 1
0.37 12
0.37 1
0.37 9
0.37 0
0.37 9
0.37 1
0.37 12
0.37 1
0.37 12
0.37 1
0.37 8
0.37 1
0.37 6
0.37 1
0.37 7
0.37 1
0.37 5
0.37 0
0.37 7
0.37 2
0.37 5
0.37 2
0.37 7
0.37 1
0.37 1
0.37 1
0.37 0
0.37 2
0.37 0
0.37 12
0.37 2
0.37 1
0.37 6
0.37 0
0.37 1
0.37 12
0.37 4
0.37 5
0.37 2
0.37 1
0.37 2
0.37 9
0.37 1
0.37 1
0.37 11
0.37 2
0.37 12
0.37 1
0.37 12
0.37 2
0.37 14
0.37 1
0.37 0
0.37 1
0.37 10
0.37 1
0.37 13
0.37 1
0.37 1
0.37 1
0.37 14
0.37 2
0.37 13
0.37 1
0.37 8
0.37 1
0.37 9
0.37 1
0.37 11
0.37 1
0.37 9
0.37 1
0.37 1
0.37 3
0.37 14
0.37 1
0.37 12
0.37 5
0.37 8
0.37 1
0.37 0
0.37 1
0.37 7
0.37 2
0.37 7
0.37 1
0.37 0
0.37 2
0.37 4
0.37 1
0.37 7
0.37 6
0.37 8
0.37 1
0.37 2
0.37 2
0.37 1
0.37 1
0.37 1
0.37 3
0.37 1
0.37 9
0.37 5
0.37 2
0.37 1
0.37 2
0.37 1
0.37 1
0.37 14
0.37 6
0.37 2
0.37 1
0.37 12
0.37 2
0.37 8
0.37 2
0.37 11
0.37 5
0.37 13
0.37 1
0.37 10
0.37 2
0.37 10
0.37 1
0.37 0
0.37 2
0.37 11
0.37 1
0.37 1
0.37 8
0.37 1
0.37 8
0.37 1
0.37 7
0.37 3
0.37 8
0.37 3
0.37 8
0.37 2
0.37 1
0.37 0
0.37 1
0.37 1
0.37 1
0.37 1
0.37 1
0.37 1
0.37 1
0.37 6
0.37 1
0.37 3
0.37 2
0.37 1
0.37 12
0.37 1
0.37 1
0.37 1
0.37 3
0.37 1
0.37 1
0.37 3
0.37 1
0.37 1
0.37 1
0.37 1
0.37 1
0.37 1
0.37 0
0.37 0
0.37 3
0.37 1
0.37 1
0.37 2
0.37 1
0.37 6
0.37 1
0.37 12
0.37 1
0.37 9
0.37 2
0.37 1
0.37 0
0.37 1
0.37 1
0.37 2
0.37 1
0.37 2
0.37 2
0.37 8
0.37 1
0.37 1
0.37 2
0.37 1
0.37 2
0.37 1
0.37 2
0.37 1
0.37 1
0.37 1
0.37 2
0.37 0
0.37 2
0.37 1
0.37 2
0.37 1
0.37 2
0.37 5
0.37 2
0.37 2
0.37 14
0.37 1
0.37 13
0.37 3
0.37 1
0.37 1
0.37 10
0.37 1
0.37 13
0.37 2
0.37 1
0.37 1
0.37 6
0.37 12
0.37 1
0.37 11
0.37 1
0.37 1
0.37 3
0.37 8
0.37 2
0.37 9
0.37 2
0.37 6
0.37 1
0.37 7
0.37 13
0.37 2
0.37 9
0.37 1
0.37 1
0.37 11
0.37 4
0.37 1
0.37 1
0.37 2
0.37 9
0.37 9
0.37 1
0.37 1
0.37 2
0.37 1
0.37 1
0.37 1
0.37 2
0.37 1
0.37 12
0.37 1
0.37 12
0.37 2
0.37 9
0.37 1
0.37 1
0.37 1
0.37 1
0.37 1
0.37 1
0.37 1
0.37 1
0.37 1
0.37 7
0.37 3
0.37 6
0.37 1
0.37 6
0.37 8
0.37 2
0.37 5
0.37 1
0.37 6
0.37 11
0.37 6
0.37 1
0.37 1
0.37 12
0.37 1
0.37 13
0.37 1
0.37 11
0.37 1
0.37 11
0.37 0
0.37 12
0.37 2
0.37 2
0.37 0
0.37 1
0.37 3
0.37 1
0.37 3
0.37 1
0.37 2
0.37 1
0.37 2
0.37 1
0.37 3
0.37 1
0.37 1
0.37 1
0.37 2
0.37 2
0.37 2
0.37 1
0.37 1
0.37 7
0.37 1
0.37 11
0.37 3
0.37 6
0.37 1
0.37 6
0.37 6
0.37 10
0.37 1
0.37 6
0.37 11
0.37 2
0.37 11
0.37 5
0.37 13
0.37 3
0.37 13
0.37 4
0.37 13
0.37 4
0.37 11
0.37 2
0.37 1
0.37 1
0.37 7
0.37 1
0.37 1
0.37 1
0.37 1
0.37 3
0.37 1
0.37 1
0.37 1
0.37 1
0.37 1
0.37 13
0.37 1
0.37 14
0.37 1
0.37 12
0.37 0
0.37 10
0.37 2
0.37 11
0.37 2
0.37 8
0.37 12
0.37 1
0.37 11
0.37 1
0.37 14
0.37 2
0.37 14
0.37 2
0.37 15
0.37 1
0.37 7
0.37 1
0.37 7
0.37 2
0.37 1
0.37 1
0.37 1
0.37 1
0.37 12
0.37 0
0.37 1
0.37 3
0.37 8
0.37 1
0.37 1
0.37 2
0.37 1
0.37 12
0.37 1
0.37 9
0.37 1
0.37 13
0.37 1
0.37 14
0.37 8
0.37 0
0.37 2
0.37 1
0.37 4
0.37 1
0.37 2
0.37 2
0.37 1
0.37 2
0.37 1
0.37 8
0.37 1
0.37 0
0.37 1
0.37 1
0.37 1
0.37 10
0.37 1
0.37 1
0.37 9
0.37 1
0.37 5
0.37 1
0.37 1
0.37 5
0.37 0
0.37 1
0.37 2
0.37 1
0.37 3
0.37 1
0.37 1
0.37 1
0.37 2
0.37 1
0.37 6
0.37 0
0.37 1
0.37 2
0.37 1
0.37 2
0.37 1
0.37 14
0.37 1
0.37 2
0.37 1
0.37 12
0.37 2
0.37 1
0.37 2
0.37 1
0.37 7
0.37 3
0.37 1
0.37 0
0.37 1
0.37 1
0.37 1
0.37 1
0.37 1
0.37 1
0.37 1
0.37 1
0.37 1
